[[[  0   0]]

 [[555 194]]

 [[554 194]]

 [[553 194]]

 [[552 194]]

 [[551 195]]

 [[550 195]]

 [[549 195]]

 [[548 195]]

 [[547 195]]

 [[546 195]]

 [[545 195]]

 [[544 195]]

 [[543 196]]

 [[542 197]]

 [[541 197]]

 [[540 197]]

 [[539 196]]

 [[538 196]]

 [[537 197]]

 [[537 198]]

 [[536 199]]

 [[536 200]]

 [[535 201]]

 [[534 202]]

 [[533 203]]

 [[532 204]]

 [[531 204]]

 [[530 205]]

 [[530 206]]

 [[529 207]]

 [[528 206]]

 [[528 205]]

 [[527 205]]

 [[526 205]]

 [[525 206]]

 [[525 207]]

 [[526 208]]

 [[527 208]]

 [[528 209]]

 [[529 210]]

 [[529 211]]

 [[529 212]]

 [[528 213]]

 [[528 214]]

 [[528 215]]

 [[528 216]]

 [[528 217]]

 [[528 218]]

 [[529 219]]

 [[529 220]]

 [[529 221]]

 [[530 222]]

 [[531 223]]

 [[532 224]]

 [[533 225]]

 [[534 226]]

 [[534 227]]

 [[534 228]]

 [[535 228]]

 [[536 229]]

 [[536 230]]

 [[537 230]]

 [[538 231]]

 [[539 232]]

 [[540 233]]

 [[541 233]]

 [[542 234]]

 [[542 235]]

 [[542 236]]

 [[543 237]]

 [[544 237]]

 [[545 238]]

 [[546 239]]

 [[546 240]]

 [[546 241]]

 [[547 242]]

 [[547 243]]

 [[546 244]]

 [[547 245]]

 [[548 244]]

 [[549 244]]

 [[550 243]]

 [[551 243]]

 [[552 244]]

 [[553 245]]

 [[554 245]]

 [[555 246]]

 [[556 246]]

 [[557 247]]

 [[558 247]]

 [[559 248]]

 [[560 249]]

 [[561 250]]

 [[561 251]]

 [[561 252]]

 [[562 253]]

 [[562 254]]

 [[562 255]]

 [[563 256]]

 [[563 257]]

 [[562 258]]

 [[563 258]]

 [[564 258]]

 [[565 258]]

 [[565 257]]

 [[566 256]]

 [[565 256]]

 [[564 255]]

 [[564 254]]

 [[564 253]]

 [[563 252]]

 [[563 251]]

 [[563 250]]

 [[564 249]]

 [[565 249]]

 [[566 250]]

 [[567 251]]

 [[568 251]]

 [[569 251]]

 [[570 251]]

 [[571 251]]

 [[572 252]]

 [[573 252]]

 [[574 252]]

 [[575 253]]

 [[576 254]]

 [[577 254]]

 [[578 254]]

 [[579 255]]

 [[580 255]]

 [[581 255]]

 [[582 255]]

 [[583 256]]

 [[584 256]]

 [[585 256]]

 [[586 256]]

 [[587 257]]

 [[588 257]]

 [[589 258]]

 [[590 258]]

 [[591 257]]

 [[592 258]]

 [[593 257]]

 [[592 256]]

 [[591 255]]

 [[590 254]]

 [[589 253]]

 [[588 252]]

 [[587 252]]

 [[586 251]]

 [[585 250]]

 [[584 249]]

 [[583 249]]

 [[582 249]]

 [[581 249]]

 [[580 249]]

 [[579 249]]

 [[578 248]]

 [[577 248]]

 [[576 247]]

 [[575 247]]

 [[574 246]]

 [[573 246]]

 [[572 245]]

 [[571 245]]

 [[570 245]]

 [[569 245]]

 [[568 244]]

 [[567 244]]

 [[566 244]]

 [[565 243]]

 [[564 243]]

 [[563 242]]

 [[563 241]]

 [[562 240]]

 [[561 239]]

 [[560 239]]

 [[559 240]]

 [[558 239]]

 [[557 239]]

 [[556 239]]

 [[555 238]]

 [[554 238]]

 [[553 237]]

 [[552 236]]

 [[551 236]]

 [[550 235]]

 [[549 234]]

 [[549 233]]

 [[549 232]]

 [[549 231]]

 [[549 230]]

 [[548 229]]

 [[547 228]]

 [[546 227]]

 [[545 227]]

 [[544 227]]

 [[543 227]]

 [[542 226]]

 [[541 225]]

 [[541 224]]

 [[540 223]]

 [[539 222]]

 [[539 221]]

 [[538 220]]

 [[537 219]]

 [[536 218]]

 [[535 217]]

 [[534 216]]

 [[534 215]]

 [[534 214]]

 [[533 213]]

 [[533 212]]

 [[534 211]]

 [[534 210]]

 [[534 209]]

 [[534 208]]

 [[534 207]]

 [[535 206]]

 [[536 206]]

 [[537 206]]

 [[538 206]]

 [[539 205]]

 [[540 204]]

 [[541 203]]

 [[542 203]]

 [[543 203]]

 [[544 203]]

 [[545 203]]

 [[546 204]]

 [[547 205]]

 [[547 206]]

 [[547 207]]

 [[547 208]]

 [[548 209]]

 [[548 210]]

 [[549 211]]

 [[549 212]]

 [[549 213]]

 [[550 214]]

 [[550 215]]

 [[551 216]]

 [[552 217]]

 [[553 217]]

 [[554 217]]

 [[554 216]]

 [[554 215]]

 [[554 214]]

 [[555 213]]

 [[556 212]]

 [[556 211]]

 [[557 210]]

 [[557 209]]

 [[558 208]]

 [[559 207]]

 [[559 206]]

 [[558 205]]

 [[557 205]]

 [[556 205]]

 [[555 205]]

 [[554 205]]

 [[553 204]]

 [[552 204]]

 [[551 204]]

 [[550 204]]

 [[549 204]]

 [[548 203]]

 [[547 204]]

 [[546 204]]

 [[545 203]]

 [[545 202]]

 [[546 201]]

 [[547 200]]

 [[548 200]]

 [[549 200]]

 [[549 199]]

 [[549 198]]

 [[550 197]]

 [[551 197]]

 [[552 197]]

 [[553 197]]

 [[554 198]]

 [[555 198]]

 [[556 199]]

 [[557 200]]

 [[558 200]]

 [[559 200]]

 [[560 200]]

 [[561 199]]

 [[562 199]]

 [[563 199]]

 [[564 199]]

 [[565 200]]

 [[564 201]]

 [[563 201]]

 [[562 201]]

 [[561 202]]

 [[560 202]]

 [[561 203]]

 [[560 204]]

 [[561 205]]

 [[562 205]]

 [[563 204]]

 [[564 204]]

 [[565 204]]

 [[566 204]]

 [[567 204]]

 [[568 204]]

 [[569 204]]

 [[570 203]]

 [[571 203]]

 [[572 203]]

 [[573 203]]

 [[574 203]]

 [[575 203]]

 [[576 203]]

 [[577 203]]

 [[578 204]]

 [[579 204]]

 [[580 204]]

 [[581 205]]

 [[582 205]]

 [[583 205]]

 [[584 206]]

 [[585 206]]

 [[586 206]]

 [[587 206]]

 [[588 206]]

 [[589 207]]

 [[590 207]]

 [[591 208]]

 [[592 208]]

 [[593 209]]

 [[594 209]]

 [[595 209]]

 [[596 210]]

 [[597 210]]

 [[598 211]]

 [[599 211]]

 [[600 212]]

 [[601 212]]

 [[602 213]]

 [[603 213]]

 [[604 214]]

 [[605 214]]

 [[606 215]]

 [[607 215]]

 [[608 216]]

 [[608 217]]

 [[609 217]]

 [[610 218]]

 [[611 219]]

 [[612 219]]

 [[612 218]]

 [[612 217]]

 [[611 216]]

 [[612 215]]

 [[613 215]]

 [[614 216]]

 [[615 216]]

 [[616 217]]

 [[617 218]]

 [[618 218]]

 [[619 219]]

 [[620 220]]

 [[621 221]]

 [[622 222]]

 [[622 223]]

 [[623 224]]

 [[624 224]]

 [[625 224]]

 [[626 225]]

 [[627 226]]

 [[627 227]]

 [[627 228]]

 [[628 229]]

 [[628 230]]

 [[628 231]]

 [[629 232]]

 [[630 233]]

 [[631 234]]

 [[632 234]]

 [[633 234]]

 [[634 234]]

 [[635 235]]

 [[636 235]]

 [[637 236]]

 [[637 237]]

 [[638 238]]

 [[638 239]]

 [[638 238]]

 [[638 237]]

 [[638 236]]

 [[638 235]]

 [[638 234]]

 [[638 233]]

 [[637 232]]

 [[636 231]]

 [[635 231]]

 [[634 230]]

 [[634 229]]

 [[634 228]]

 [[634 227]]

 [[633 226]]

 [[633 225]]

 [[632 224]]

 [[631 223]]

 [[630 222]]

 [[629 221]]

 [[628 220]]

 [[627 219]]

 [[626 218]]

 [[625 217]]

 [[624 217]]

 [[623 216]]

 [[622 215]]

 [[621 215]]

 [[620 215]]

 [[619 215]]

 [[618 215]]

 [[617 214]]

 [[616 214]]

 [[615 213]]

 [[615 212]]

 [[614 211]]

 [[613 210]]

 [[612 210]]

 [[611 209]]

 [[610 209]]

 [[609 208]]

 [[608 207]]

 [[607 207]]

 [[606 206]]

 [[605 206]]

 [[604 205]]

 [[603 205]]

 [[602 204]]

 [[601 204]]

 [[600 204]]

 [[599 204]]

 [[598 203]]

 [[597 202]]

 [[596 201]]

 [[595 201]]

 [[594 201]]

 [[593 201]]

 [[592 201]]

 [[591 201]]

 [[590 201]]

 [[589 200]]

 [[588 199]]

 [[588 198]]

 [[587 197]]

 [[586 197]]

 [[585 197]]

 [[584 197]]

 [[583 197]]

 [[582 197]]

 [[581 197]]

 [[580 197]]

 [[579 197]]

 [[578 197]]

 [[577 197]]

 [[576 196]]

 [[575 196]]

 [[574 196]]

 [[573 196]]

 [[572 196]]

 [[571 196]]

 [[570 196]]

 [[569 195]]

 [[568 195]]

 [[567 195]]

 [[566 194]]

 [[565 193]]

 [[564 193]]

 [[563 193]]

 [[562 193]]

 [[561 193]]

 [[560 193]]

 [[559 193]]

 [[558 193]]

 [[557 193]]]
[[[  0   0]]

 [[583  69]]

 [[582  69]]

 [[582  70]]

 [[583  70]]

 [[584  70]]

 [[585  70]]

 [[586  71]]

 [[587  72]]

 [[587  73]]

 [[587  74]]

 [[588  75]]

 [[588  76]]

 [[588  77]]

 [[588  78]]

 [[587  79]]

 [[587  80]]

 [[586  81]]

 [[585  82]]

 [[584  83]]

 [[584  84]]

 [[584  85]]

 [[584  86]]

 [[584  87]]

 [[584  88]]

 [[584  89]]

 [[584  90]]

 [[584  91]]

 [[584  92]]

 [[584  93]]

 [[584  94]]

 [[584  95]]

 [[584  96]]

 [[583  97]]

 [[583  98]]

 [[584  98]]

 [[585  98]]

 [[586  98]]

 [[587  98]]

 [[588  98]]

 [[589  99]]

 [[590  99]]

 [[591  99]]

 [[592 100]]

 [[593 100]]

 [[594  99]]

 [[595 100]]

 [[595 101]]

 [[595 102]]

 [[594 103]]

 [[593 104]]

 [[592 105]]

 [[592 106]]

 [[592 107]]

 [[593 108]]

 [[594 109]]

 [[594 108]]

 [[595 107]]

 [[596 106]]

 [[596 105]]

 [[597 104]]

 [[598 103]]

 [[598 102]]

 [[598 101]]

 [[597 100]]

 [[598  99]]

 [[599  99]]

 [[600  99]]

 [[601 100]]

 [[602 100]]

 [[603  99]]

 [[603  98]]

 [[603  97]]

 [[602  96]]

 [[601  96]]

 [[600  97]]

 [[599  97]]

 [[598  98]]

 [[598  99]]

 [[597 100]]

 [[596 100]]

 [[595 100]]

 [[594  99]]

 [[595  98]]

 [[594  97]]

 [[595  96]]

 [[596  95]]

 [[595  95]]

 [[594  95]]

 [[595  96]]

 [[594  97]]

 [[593  97]]

 [[592  96]]

 [[591  96]]

 [[590  95]]

 [[590  94]]

 [[590  93]]

 [[589  92]]

 [[589  91]]

 [[588  90]]

 [[588  89]]

 [[588  88]]

 [[588  87]]

 [[588  86]]

 [[588  85]]

 [[588  84]]

 [[587  83]]

 [[588  82]]

 [[589  81]]

 [[590  80]]

 [[591  80]]

 [[592  80]]

 [[593  79]]

 [[594  79]]

 [[595  79]]

 [[596  79]]

 [[597  79]]

 [[598  79]]

 [[599  79]]

 [[600  79]]

 [[601  79]]

 [[602  79]]

 [[603  79]]

 [[604  79]]

 [[605  80]]

 [[606  80]]

 [[607  80]]

 [[608  81]]

 [[609  81]]

 [[610  81]]

 [[611  81]]

 [[612  82]]

 [[613  82]]

 [[614  83]]

 [[614  84]]

 [[614  85]]

 [[614  86]]

 [[614  87]]

 [[615  88]]

 [[616  88]]

 [[617  88]]

 [[618  87]]

 [[619  87]]

 [[619  86]]

 [[620  85]]

 [[620  84]]

 [[620  83]]

 [[620  82]]

 [[620  81]]

 [[619  80]]

 [[618  80]]

 [[617  79]]

 [[616  78]]

 [[615  77]]

 [[614  77]]

 [[613  77]]

 [[612  77]]

 [[611  77]]

 [[610  77]]

 [[609  77]]

 [[608  76]]

 [[607  76]]

 [[606  76]]

 [[605  76]]

 [[604  76]]

 [[603  76]]

 [[602  75]]

 [[601  75]]

 [[600  74]]

 [[599  73]]

 [[598  73]]

 [[597  72]]

 [[596  72]]

 [[595  72]]

 [[594  72]]

 [[593  71]]

 [[592  71]]

 [[591  71]]

 [[590  70]]

 [[589  70]]

 [[588  70]]

 [[587  69]]

 [[586  68]]

 [[585  68]]]
[[[  0   0]]

 [[408   2]]

 [[409   3]]

 [[409   4]]

 [[409   5]]

 [[410   5]]

 [[411   5]]

 [[412   5]]

 [[413   5]]

 [[414   6]]

 [[415   7]]

 [[416   8]]

 [[416   9]]

 [[417  10]]

 [[418  11]]

 [[419  11]]

 [[420  11]]

 [[421  11]]

 [[422  11]]

 [[423  11]]

 [[424  11]]

 [[425  11]]

 [[426  11]]

 [[427  12]]

 [[428  12]]

 [[429  12]]

 [[430  12]]

 [[431  12]]

 [[432  12]]

 [[433  12]]

 [[434  12]]

 [[435  12]]

 [[436  12]]

 [[437  12]]

 [[438  12]]

 [[439  12]]

 [[440  13]]

 [[441  14]]

 [[442  14]]

 [[443  15]]

 [[444  15]]

 [[445  15]]

 [[446  15]]

 [[447  16]]

 [[448  16]]

 [[449  17]]

 [[450  17]]

 [[451  17]]

 [[452  16]]

 [[453  16]]

 [[454  16]]

 [[455  16]]

 [[456  17]]

 [[457  18]]

 [[458  18]]

 [[459  18]]

 [[460  18]]

 [[461  18]]

 [[462  18]]

 [[463  19]]

 [[464  20]]

 [[465  20]]

 [[466  20]]

 [[467  20]]

 [[468  20]]

 [[469  20]]

 [[470  20]]

 [[471  20]]

 [[472  21]]

 [[473  21]]

 [[474  22]]

 [[475  22]]

 [[476  22]]

 [[477  21]]

 [[478  21]]

 [[479  21]]

 [[480  21]]

 [[481  22]]

 [[482  23]]

 [[482  24]]

 [[482  25]]

 [[483  25]]

 [[484  25]]

 [[485  25]]

 [[486  25]]

 [[487  25]]

 [[488  25]]

 [[489  25]]

 [[490  25]]

 [[491  25]]

 [[492  26]]

 [[493  26]]

 [[494  26]]

 [[495  25]]

 [[496  24]]

 [[497  23]]

 [[498  22]]

 [[499  22]]

 [[500  22]]

 [[501  22]]

 [[502  22]]

 [[503  22]]

 [[504  22]]

 [[505  22]]

 [[506  23]]

 [[507  23]]

 [[508  23]]

 [[509  23]]

 [[510  23]]

 [[511  23]]

 [[512  23]]

 [[513  22]]

 [[513  21]]

 [[512  20]]

 [[511  20]]

 [[510  20]]

 [[509  20]]

 [[508  20]]

 [[507  20]]

 [[506  20]]

 [[505  20]]

 [[504  20]]

 [[503  19]]

 [[502  19]]

 [[501  19]]

 [[500  19]]

 [[499  19]]

 [[498  18]]

 [[497  17]]

 [[496  16]]

 [[496  15]]

 [[496  14]]

 [[497  13]]

 [[498  12]]

 [[499  12]]

 [[500  12]]

 [[501  12]]

 [[502  12]]

 [[503  12]]

 [[504  12]]

 [[505  12]]

 [[506  13]]

 [[507  13]]

 [[508  13]]

 [[509  13]]

 [[510  13]]

 [[511  13]]

 [[512  13]]

 [[513  14]]

 [[514  14]]

 [[514  13]]

 [[514  12]]

 [[514  11]]

 [[513  11]]

 [[512  11]]

 [[511  10]]

 [[510  10]]

 [[509  10]]

 [[508  10]]

 [[507  10]]

 [[506  10]]

 [[505  10]]

 [[504  10]]

 [[503  10]]

 [[502  10]]

 [[501  11]]

 [[500  11]]

 [[499  11]]

 [[498  11]]

 [[497  11]]

 [[496  10]]

 [[495   9]]

 [[495   8]]

 [[495   7]]

 [[495   6]]

 [[495   5]]

 [[494   4]]

 [[494   3]]

 [[495   2]]

 [[496   1]]

 [[497   1]]

 [[498   1]]

 [[497   1]]

 [[496   1]]

 [[495   1]]

 [[494   1]]

 [[494   2]]

 [[494   3]]

 [[494   4]]

 [[494   5]]

 [[494   6]]

 [[493   7]]

 [[493   8]]

 [[493   9]]

 [[493  10]]

 [[493  11]]

 [[494  12]]

 [[493  13]]

 [[493  14]]

 [[492  15]]

 [[491  16]]

 [[490  16]]

 [[489  17]]

 [[488  18]]

 [[487  18]]

 [[486  18]]

 [[485  18]]

 [[484  18]]

 [[483  18]]

 [[482  18]]

 [[481  18]]

 [[480  18]]

 [[479  17]]

 [[478  17]]

 [[477  17]]

 [[476  17]]

 [[475  17]]

 [[474  17]]

 [[473  16]]

 [[472  16]]

 [[471  16]]

 [[470  15]]

 [[469  15]]

 [[468  15]]

 [[467  14]]

 [[466  14]]

 [[465  14]]

 [[464  14]]

 [[463  14]]

 [[462  14]]

 [[461  13]]

 [[460  13]]

 [[459  12]]

 [[458  12]]

 [[457  13]]

 [[456  13]]

 [[455  14]]

 [[454  14]]

 [[453  13]]

 [[452  13]]

 [[451  12]]

 [[450  11]]

 [[449  11]]

 [[448  10]]

 [[447  10]]

 [[446   9]]

 [[446   8]]

 [[445   7]]

 [[444   6]]

 [[443   5]]

 [[443   4]]

 [[444   3]]

 [[445   2]]

 [[445   1]]

 [[444   1]]

 [[443   1]]

 [[442   1]]

 [[441   1]]

 [[441   2]]

 [[442   3]]

 [[442   4]]

 [[442   5]]

 [[441   6]]

 [[440   7]]

 [[439   7]]

 [[438   7]]

 [[437   7]]

 [[436   7]]

 [[435   7]]

 [[434   7]]

 [[433   7]]

 [[432   7]]

 [[431   7]]

 [[430   7]]

 [[429   6]]

 [[428   6]]

 [[427   6]]

 [[426   7]]

 [[425   6]]

 [[424   6]]

 [[423   6]]

 [[422   5]]

 [[421   5]]

 [[420   5]]

 [[419   4]]

 [[418   3]]

 [[418   2]]

 [[418   1]]

 [[417   1]]

 [[416   1]]

 [[415   1]]

 [[414   1]]

 [[413   1]]

 [[412   1]]

 [[411   1]]

 [[410   1]]

 [[409   1]]]
