[[[  0   0]]

 [[457  30]]

 [[458  31]]

 [[459  32]]

 [[458  33]]

 [[457  34]]

 [[457  35]]

 [[456  36]]

 [[455  37]]

 [[454  37]]

 [[453  38]]

 [[452  38]]

 [[451  39]]

 [[450  40]]

 [[451  41]]

 [[451  42]]

 [[451  43]]

 [[451  44]]

 [[451  45]]

 [[451  46]]

 [[451  47]]

 [[452  48]]

 [[452  49]]

 [[452  50]]

 [[453  51]]

 [[454  52]]

 [[455  53]]

 [[456  53]]

 [[457  54]]

 [[457  55]]

 [[457  56]]

 [[457  57]]

 [[458  58]]

 [[459  59]]

 [[460  60]]

 [[461  60]]

 [[462  61]]

 [[462  62]]

 [[462  63]]

 [[463  64]]

 [[463  65]]

 [[463  66]]

 [[464  67]]

 [[464  68]]

 [[465  69]]

 [[466  70]]

 [[467  71]]

 [[468  72]]

 [[469  72]]

 [[470  72]]

 [[471  73]]

 [[472  73]]

 [[473  74]]

 [[474  75]]

 [[475  76]]

 [[476  77]]

 [[477  78]]

 [[477  79]]

 [[477  80]]

 [[477  81]]

 [[478  82]]

 [[478  83]]

 [[479  84]]

 [[479  85]]

 [[479  86]]

 [[479  87]]

 [[479  88]]

 [[479  89]]

 [[480  90]]

 [[480  91]]

 [[481  92]]

 [[481  93]]

 [[481  94]]

 [[481  95]]

 [[480  96]]

 [[480  97]]

 [[480  98]]

 [[480  99]]

 [[480 100]]

 [[480 101]]

 [[481 101]]

 [[482 102]]

 [[483 103]]

 [[484 104]]

 [[485 105]]

 [[485 106]]

 [[484 107]]

 [[484 108]]

 [[484 109]]

 [[485 110]]

 [[486 111]]

 [[486 112]]

 [[487 113]]

 [[487 114]]

 [[488 115]]

 [[489 115]]

 [[490 115]]

 [[491 116]]

 [[491 117]]

 [[491 118]]

 [[492 119]]

 [[492 120]]

 [[493 121]]

 [[492 122]]

 [[492 123]]

 [[493 124]]

 [[493 125]]

 [[494 126]]

 [[495 127]]

 [[495 128]]

 [[495 129]]

 [[496 130]]

 [[497 131]]

 [[498 132]]

 [[499 133]]

 [[499 134]]

 [[499 135]]

 [[500 136]]

 [[501 137]]

 [[502 138]]

 [[503 139]]

 [[503 140]]

 [[503 141]]

 [[503 142]]

 [[504 143]]

 [[504 144]]

 [[504 145]]

 [[504 146]]

 [[504 147]]

 [[505 148]]

 [[505 149]]

 [[505 150]]

 [[506 151]]

 [[506 152]]

 [[507 153]]

 [[507 154]]

 [[508 155]]

 [[508 156]]

 [[508 157]]

 [[508 158]]

 [[509 159]]

 [[509 160]]

 [[509 161]]

 [[510 162]]

 [[510 163]]

 [[510 164]]

 [[511 165]]

 [[511 166]]

 [[511 167]]

 [[512 168]]

 [[512 169]]

 [[512 170]]

 [[512 171]]

 [[512 172]]

 [[513 173]]

 [[514 174]]

 [[514 175]]

 [[515 176]]

 [[516 177]]

 [[517 178]]

 [[517 179]]

 [[518 179]]

 [[519 180]]

 [[520 181]]

 [[521 181]]

 [[522 182]]

 [[522 183]]

 [[523 184]]

 [[523 185]]

 [[524 186]]

 [[525 187]]

 [[525 188]]

 [[526 189]]

 [[526 190]]

 [[526 191]]

 [[526 192]]

 [[527 193]]

 [[528 194]]

 [[529 195]]

 [[530 196]]

 [[530 197]]

 [[531 198]]

 [[531 199]]

 [[532 200]]

 [[533 201]]

 [[533 202]]

 [[534 203]]

 [[534 204]]

 [[534 205]]

 [[535 206]]

 [[536 207]]

 [[537 207]]

 [[538 208]]

 [[539 209]]

 [[540 210]]

 [[541 211]]

 [[541 212]]

 [[542 212]]

 [[543 213]]

 [[544 214]]

 [[545 215]]

 [[545 216]]

 [[546 217]]

 [[547 218]]

 [[548 219]]

 [[548 220]]

 [[549 221]]

 [[550 222]]

 [[551 223]]

 [[551 224]]

 [[552 225]]

 [[553 226]]

 [[554 227]]

 [[555 228]]

 [[556 229]]

 [[556 230]]

 [[556 231]]

 [[556 232]]

 [[555 233]]

 [[554 234]]

 [[555 235]]

 [[556 235]]

 [[557 234]]

 [[558 234]]

 [[559 235]]

 [[560 235]]

 [[561 235]]

 [[562 236]]

 [[563 237]]

 [[563 238]]

 [[563 239]]

 [[563 238]]

 [[564 237]]

 [[565 237]]

 [[565 236]]

 [[566 235]]

 [[567 234]]

 [[568 233]]

 [[569 233]]

 [[570 233]]

 [[571 234]]

 [[572 233]]

 [[572 232]]

 [[572 231]]

 [[571 231]]

 [[570 230]]

 [[569 230]]

 [[568 229]]

 [[567 230]]

 [[566 230]]

 [[565 230]]

 [[564 229]]

 [[563 228]]

 [[563 227]]

 [[563 226]]

 [[563 225]]

 [[563 224]]

 [[563 223]]

 [[563 222]]

 [[563 221]]

 [[562 221]]

 [[561 221]]

 [[560 220]]

 [[559 219]]

 [[559 218]]

 [[559 217]]

 [[559 216]]

 [[559 215]]

 [[558 215]]

 [[557 215]]

 [[556 215]]

 [[555 215]]

 [[554 215]]

 [[553 214]]

 [[552 213]]

 [[551 212]]

 [[551 211]]

 [[551 210]]

 [[550 209]]

 [[549 208]]

 [[549 207]]

 [[548 206]]

 [[547 205]]

 [[547 204]]

 [[546 204]]

 [[545 204]]

 [[544 204]]

 [[543 203]]

 [[542 202]]

 [[541 201]]

 [[541 200]]

 [[540 199]]

 [[540 198]]

 [[539 197]]

 [[539 196]]

 [[539 195]]

 [[538 194]]

 [[537 193]]

 [[537 192]]

 [[536 191]]

 [[536 190]]

 [[536 189]]

 [[536 188]]

 [[536 187]]

 [[536 186]]

 [[535 185]]

 [[534 184]]

 [[534 183]]

 [[533 182]]

 [[532 181]]

 [[532 180]]

 [[531 179]]

 [[530 178]]

 [[529 178]]

 [[528 177]]

 [[527 177]]

 [[526 176]]

 [[525 175]]

 [[525 174]]

 [[525 173]]

 [[525 172]]

 [[524 171]]

 [[523 170]]

 [[522 170]]

 [[521 170]]

 [[520 169]]

 [[519 168]]

 [[519 167]]

 [[519 166]]

 [[519 165]]

 [[519 164]]

 [[519 163]]

 [[519 162]]

 [[519 161]]

 [[518 160]]

 [[517 159]]

 [[517 158]]

 [[516 157]]

 [[516 156]]

 [[516 155]]

 [[516 154]]

 [[515 153]]

 [[515 152]]

 [[514 151]]

 [[514 150]]

 [[514 149]]

 [[513 148]]

 [[513 147]]

 [[512 146]]

 [[511 145]]

 [[511 144]]

 [[510 143]]

 [[510 142]]

 [[510 141]]

 [[510 140]]

 [[510 139]]

 [[510 138]]

 [[510 137]]

 [[509 136]]

 [[508 135]]

 [[507 134]]

 [[506 133]]

 [[505 132]]

 [[505 131]]

 [[504 130]]

 [[504 129]]

 [[504 128]]

 [[503 127]]

 [[502 126]]

 [[502 125]]

 [[501 124]]

 [[501 123]]

 [[501 122]]

 [[501 121]]

 [[501 120]]

 [[501 119]]

 [[500 118]]

 [[499 117]]

 [[499 116]]

 [[499 115]]

 [[499 114]]

 [[498 113]]

 [[497 112]]

 [[496 111]]

 [[495 110]]

 [[495 109]]

 [[494 108]]

 [[493 107]]

 [[493 106]]

 [[493 105]]

 [[493 104]]

 [[492 103]]

 [[491 102]]

 [[492 101]]

 [[492 100]]

 [[492  99]]

 [[491  98]]

 [[490  98]]

 [[489  97]]

 [[488  97]]

 [[487  96]]

 [[487  95]]

 [[486  94]]

 [[486  93]]

 [[486  92]]

 [[486  91]]

 [[486  90]]

 [[487  89]]

 [[487  88]]

 [[487  87]]

 [[487  86]]

 [[486  85]]

 [[485  84]]

 [[485  83]]

 [[484  82]]

 [[484  81]]

 [[483  80]]

 [[482  80]]

 [[481  79]]

 [[480  78]]

 [[479  77]]

 [[479  76]]

 [[479  75]]

 [[478  74]]

 [[477  73]]

 [[476  72]]

 [[475  71]]

 [[474  70]]

 [[474  69]]

 [[473  69]]

 [[472  68]]

 [[471  67]]

 [[470  66]]

 [[470  65]]

 [[469  64]]

 [[469  63]]

 [[468  62]]

 [[467  62]]

 [[466  61]]

 [[465  61]]

 [[464  60]]

 [[463  59]]

 [[462  58]]

 [[462  57]]

 [[462  56]]

 [[462  55]]

 [[461  54]]

 [[460  53]]

 [[459  52]]

 [[458  52]]

 [[457  51]]

 [[457  50]]

 [[456  49]]

 [[456  48]]

 [[456  47]]

 [[456  46]]

 [[455  45]]

 [[455  44]]

 [[454  43]]

 [[454  42]]

 [[454  41]]

 [[455  40]]

 [[456  39]]

 [[457  38]]

 [[458  38]]

 [[459  37]]

 [[460  37]]

 [[461  37]]

 [[461  36]]

 [[461  35]]

 [[461  34]]

 [[460  33]]

 [[459  32]]

 [[459  31]]

 [[459  30]]]
