[[[  0   0]]

 [[118 241]]

 [[117 241]]

 [[116 242]]

 [[116 243]]

 [[115 244]]

 [[115 245]]

 [[115 246]]

 [[115 247]]

 [[115 248]]

 [[114 249]]

 [[114 250]]

 [[115 251]]

 [[115 252]]

 [[116 253]]

 [[117 253]]

 [[118 253]]

 [[119 253]]

 [[120 252]]

 [[121 252]]

 [[122 252]]

 [[123 252]]

 [[124 251]]

 [[125 250]]

 [[126 249]]

 [[127 249]]

 [[128 250]]

 [[129 251]]

 [[130 250]]

 [[131 250]]

 [[132 250]]

 [[133 249]]

 [[134 248]]

 [[135 248]]

 [[136 248]]

 [[137 248]]

 [[138 248]]

 [[138 247]]

 [[137 246]]

 [[136 245]]

 [[136 244]]

 [[135 243]]

 [[134 242]]

 [[133 242]]

 [[132 241]]

 [[131 241]]

 [[130 241]]

 [[129 241]]

 [[128 241]]

 [[127 241]]

 [[126 241]]

 [[125 241]]

 [[124 241]]

 [[123 241]]

 [[122 240]]

 [[121 240]]

 [[120 240]]]
[[[  0   0]]

 [[576 239]]

 [[575 239]]

 [[574 239]]

 [[574 240]]

 [[573 241]]

 [[574 242]]

 [[574 243]]

 [[574 244]]

 [[575 245]]

 [[575 246]]

 [[576 247]]

 [[577 248]]

 [[578 249]]

 [[578 250]]

 [[579 251]]

 [[580 252]]

 [[581 251]]

 [[582 251]]

 [[583 250]]

 [[584 251]]

 [[585 251]]

 [[586 252]]

 [[586 253]]

 [[585 254]]

 [[585 255]]

 [[586 256]]

 [[587 256]]

 [[588 256]]

 [[589 256]]

 [[590 255]]

 [[591 255]]

 [[592 254]]

 [[593 255]]

 [[594 256]]

 [[594 257]]

 [[595 258]]

 [[596 258]]

 [[597 258]]

 [[598 258]]

 [[599 258]]

 [[600 258]]

 [[601 258]]

 [[602 258]]

 [[603 258]]

 [[604 258]]

 [[605 258]]

 [[606 258]]

 [[607 258]]

 [[608 258]]

 [[609 258]]

 [[610 258]]

 [[611 258]]

 [[612 258]]

 [[611 258]]

 [[610 258]]

 [[609 258]]

 [[608 257]]

 [[607 256]]

 [[606 256]]

 [[605 255]]

 [[604 254]]

 [[603 254]]

 [[602 255]]

 [[602 256]]

 [[601 257]]

 [[600 256]]

 [[600 255]]

 [[599 254]]

 [[599 253]]

 [[598 253]]

 [[597 253]]

 [[596 252]]

 [[596 251]]

 [[595 250]]

 [[594 250]]

 [[593 250]]

 [[592 249]]

 [[591 249]]

 [[590 248]]

 [[589 247]]

 [[589 246]]

 [[589 245]]

 [[589 244]]

 [[590 243]]

 [[590 242]]

 [[589 241]]

 [[588 242]]

 [[587 243]]

 [[586 243]]

 [[585 242]]

 [[584 243]]

 [[583 242]]

 [[582 241]]

 [[581 240]]

 [[580 240]]

 [[579 239]]

 [[578 238]]]
[[[  0   0]]

 [[161 189]]

 [[161 190]]

 [[161 191]]

 [[161 192]]

 [[161 193]]

 [[160 194]]

 [[160 195]]

 [[160 196]]

 [[159 197]]

 [[159 198]]

 [[159 199]]

 [[158 200]]

 [[157 201]]

 [[156 201]]

 [[155 202]]

 [[154 202]]

 [[153 202]]

 [[152 203]]

 [[151 203]]

 [[151 204]]

 [[150 205]]

 [[150 206]]

 [[150 207]]

 [[151 207]]

 [[152 207]]

 [[153 208]]

 [[152 209]]

 [[151 210]]

 [[150 210]]

 [[150 211]]

 [[151 212]]

 [[152 213]]

 [[153 213]]

 [[154 214]]

 [[154 215]]

 [[155 216]]

 [[156 217]]

 [[157 217]]

 [[158 218]]

 [[158 219]]

 [[158 220]]

 [[157 221]]

 [[156 221]]

 [[155 221]]

 [[154 221]]

 [[153 221]]

 [[152 221]]

 [[151 221]]

 [[150 221]]

 [[149 221]]

 [[149 222]]

 [[149 223]]

 [[149 224]]

 [[149 225]]

 [[149 226]]

 [[148 227]]

 [[147 228]]

 [[146 228]]

 [[145 228]]

 [[145 229]]

 [[144 230]]

 [[144 231]]

 [[145 232]]

 [[145 233]]

 [[145 234]]

 [[146 235]]

 [[146 236]]

 [[146 237]]

 [[147 237]]

 [[148 236]]

 [[149 235]]

 [[150 236]]

 [[151 235]]

 [[151 234]]

 [[152 233]]

 [[152 232]]

 [[152 231]]

 [[153 230]]

 [[153 229]]

 [[153 228]]

 [[154 227]]

 [[154 226]]

 [[154 225]]

 [[155 224]]

 [[156 223]]

 [[157 222]]

 [[158 222]]

 [[158 221]]

 [[159 220]]

 [[159 219]]

 [[159 218]]

 [[160 217]]

 [[161 216]]

 [[162 216]]

 [[163 215]]

 [[164 216]]

 [[165 217]]

 [[166 218]]

 [[166 219]]

 [[166 220]]

 [[166 221]]

 [[166 222]]

 [[166 223]]

 [[166 224]]

 [[165 225]]

 [[164 225]]

 [[163 226]]

 [[162 227]]

 [[162 228]]

 [[162 229]]

 [[161 230]]

 [[161 231]]

 [[161 232]]

 [[161 233]]

 [[161 234]]

 [[161 235]]

 [[160 236]]

 [[159 236]]

 [[159 237]]

 [[160 238]]

 [[161 239]]

 [[161 240]]

 [[161 239]]

 [[162 238]]

 [[163 238]]

 [[163 237]]

 [[164 236]]

 [[165 236]]

 [[166 235]]

 [[167 234]]

 [[168 233]]

 [[168 232]]

 [[169 231]]

 [[169 230]]

 [[169 229]]

 [[169 228]]

 [[169 227]]

 [[169 226]]

 [[169 225]]

 [[170 224]]

 [[170 223]]

 [[170 222]]

 [[170 221]]

 [[170 220]]

 [[169 219]]

 [[169 218]]

 [[168 217]]

 [[167 216]]

 [[167 215]]

 [[167 214]]

 [[168 213]]

 [[169 212]]

 [[170 212]]

 [[170 211]]

 [[171 210]]

 [[172 210]]

 [[173 211]]

 [[173 210]]

 [[174 209]]

 [[174 208]]

 [[175 207]]

 [[175 206]]

 [[174 205]]

 [[174 204]]

 [[174 203]]

 [[173 202]]

 [[172 203]]

 [[172 204]]

 [[171 205]]

 [[170 204]]

 [[170 203]]

 [[170 202]]

 [[169 202]]

 [[169 203]]

 [[169 204]]

 [[169 205]]

 [[168 206]]

 [[168 207]]

 [[168 208]]

 [[168 209]]

 [[167 210]]

 [[166 211]]

 [[165 211]]

 [[165 212]]

 [[164 213]]

 [[164 214]]

 [[163 215]]

 [[162 215]]

 [[161 215]]

 [[160 214]]

 [[160 213]]

 [[160 212]]

 [[159 211]]

 [[159 210]]

 [[158 209]]

 [[158 208]]

 [[158 207]]

 [[159 206]]

 [[160 205]]

 [[160 204]]

 [[159 203]]

 [[159 202]]

 [[159 201]]

 [[159 200]]

 [[159 199]]

 [[160 198]]

 [[161 197]]

 [[162 196]]

 [[163 195]]

 [[164 194]]

 [[163 193]]

 [[163 192]]

 [[163 191]]

 [[164 190]]

 [[163 189]]

 [[163 188]]

 [[162 188]]]
[[[  0   0]]

 [[221  91]]

 [[220  92]]

 [[219  93]]

 [[218  94]]

 [[218  95]]

 [[218  96]]

 [[217  97]]

 [[217  98]]

 [[217  99]]

 [[216 100]]

 [[216 101]]

 [[216 102]]

 [[216 103]]

 [[216 104]]

 [[215 105]]

 [[214 106]]

 [[213 107]]

 [[213 108]]

 [[214 109]]

 [[214 110]]

 [[214 111]]

 [[213 112]]

 [[212 112]]

 [[211 113]]

 [[210 113]]

 [[209 113]]

 [[208 113]]

 [[207 114]]

 [[207 115]]

 [[206 116]]

 [[206 117]]

 [[205 118]]

 [[204 119]]

 [[203 120]]

 [[203 121]]

 [[203 122]]

 [[204 123]]

 [[204 124]]

 [[204 125]]

 [[204 126]]

 [[203 127]]

 [[202 127]]

 [[201 127]]

 [[200 127]]

 [[199 128]]

 [[200 129]]

 [[200 130]]

 [[200 131]]

 [[200 132]]

 [[199 133]]

 [[200 134]]

 [[200 135]]

 [[201 136]]

 [[202 137]]

 [[202 138]]

 [[202 139]]

 [[202 140]]

 [[201 141]]

 [[200 142]]

 [[199 142]]

 [[198 141]]

 [[197 142]]

 [[196 141]]

 [[195 140]]

 [[194 139]]

 [[193 139]]

 [[192 139]]

 [[191 140]]

 [[190 140]]

 [[189 141]]

 [[189 142]]

 [[188 143]]

 [[188 144]]

 [[188 145]]

 [[188 146]]

 [[188 147]]

 [[189 148]]

 [[189 149]]

 [[189 150]]

 [[190 151]]

 [[189 152]]

 [[189 153]]

 [[188 154]]

 [[187 153]]

 [[186 154]]

 [[186 155]]

 [[187 155]]

 [[188 154]]

 [[189 154]]

 [[189 153]]

 [[190 152]]

 [[191 153]]

 [[192 154]]

 [[193 154]]

 [[194 155]]

 [[194 156]]

 [[195 157]]

 [[196 158]]

 [[196 159]]

 [[196 158]]

 [[196 157]]

 [[196 156]]

 [[197 155]]

 [[196 154]]

 [[197 153]]

 [[196 152]]

 [[196 151]]

 [[195 150]]

 [[194 149]]

 [[194 148]]

 [[194 147]]

 [[195 146]]

 [[196 145]]

 [[197 145]]

 [[198 145]]

 [[199 145]]

 [[200 146]]

 [[201 147]]

 [[202 148]]

 [[203 148]]

 [[203 147]]

 [[203 146]]

 [[203 145]]

 [[203 144]]

 [[203 143]]

 [[203 142]]

 [[203 141]]

 [[203 140]]

 [[204 139]]

 [[205 138]]

 [[206 137]]

 [[207 137]]

 [[208 137]]

 [[209 136]]

 [[210 136]]

 [[211 136]]

 [[212 136]]

 [[213 136]]

 [[214 136]]

 [[215 135]]

 [[216 134]]

 [[217 134]]

 [[217 133]]

 [[217 132]]

 [[216 131]]

 [[216 130]]

 [[216 129]]

 [[216 128]]

 [[216 127]]

 [[216 126]]

 [[215 125]]

 [[215 124]]

 [[216 123]]

 [[216 122]]

 [[217 121]]

 [[217 120]]

 [[217 119]]

 [[217 118]]

 [[217 117]]

 [[218 116]]

 [[217 115]]

 [[217 114]]

 [[217 113]]

 [[218 112]]

 [[219 111]]

 [[220 110]]

 [[221 110]]

 [[221 109]]

 [[222 108]]

 [[223 108]]

 [[224 107]]

 [[225 107]]

 [[226 107]]

 [[227 107]]

 [[228 108]]

 [[229 107]]

 [[230 106]]

 [[231 105]]

 [[232 105]]

 [[233 105]]

 [[234 105]]

 [[235 106]]

 [[236 106]]

 [[237 107]]

 [[238 107]]

 [[239 108]]

 [[240 108]]

 [[241 108]]

 [[242 108]]

 [[243 107]]

 [[244 107]]

 [[244 106]]

 [[244 105]]

 [[243 104]]

 [[242 103]]

 [[241 102]]

 [[240 101]]

 [[240 100]]

 [[240  99]]

 [[239  99]]

 [[239 100]]

 [[239 101]]

 [[240 102]]

 [[240 103]]

 [[240 104]]

 [[239 105]]

 [[238 104]]

 [[237 104]]

 [[236 103]]

 [[235 102]]

 [[234 101]]

 [[233 101]]

 [[232 100]]

 [[231 100]]

 [[230 100]]

 [[229 100]]

 [[228  99]]

 [[227  98]]

 [[227  97]]

 [[226  96]]

 [[226  95]]

 [[226  94]]

 [[225  93]]

 [[224  92]]

 [[223  91]]]
[[[  0   0]]

 [[227  70]]

 [[227  71]]

 [[227  72]]

 [[228  73]]

 [[228  74]]

 [[228  75]]

 [[228  76]]

 [[228  77]]

 [[228  78]]

 [[228  79]]

 [[229  80]]

 [[230  81]]

 [[231  81]]

 [[232  81]]

 [[233  81]]

 [[234  82]]

 [[235  82]]

 [[236  82]]

 [[237  82]]

 [[238  82]]

 [[239  83]]

 [[240  83]]

 [[241  83]]

 [[242  83]]

 [[243  83]]

 [[244  83]]

 [[245  84]]

 [[246  84]]

 [[247  84]]

 [[248  84]]

 [[249  84]]

 [[250  84]]

 [[251  84]]

 [[252  84]]

 [[253  84]]

 [[254  84]]

 [[255  84]]

 [[256  84]]

 [[257  84]]

 [[258  84]]

 [[259  84]]

 [[260  84]]

 [[261  84]]

 [[262  84]]

 [[263  84]]

 [[264  84]]

 [[265  84]]

 [[266  84]]

 [[267  84]]

 [[268  84]]

 [[269  84]]

 [[270  83]]

 [[271  83]]

 [[272  83]]

 [[273  82]]

 [[274  83]]

 [[275  83]]

 [[276  83]]

 [[277  82]]

 [[278  81]]

 [[278  80]]

 [[278  79]]

 [[278  78]]

 [[277  77]]

 [[277  76]]

 [[278  75]]

 [[278  74]]

 [[278  73]]

 [[278  72]]

 [[278  71]]

 [[278  70]]

 [[277  70]]

 [[276  70]]

 [[275  71]]

 [[274  72]]

 [[273  72]]

 [[272  73]]

 [[271  73]]

 [[270  74]]

 [[269  74]]

 [[268  74]]

 [[267  74]]

 [[266  74]]

 [[265  74]]

 [[264  74]]

 [[263  74]]

 [[262  74]]

 [[261  75]]

 [[260  75]]

 [[259  75]]

 [[258  75]]

 [[257  75]]

 [[256  75]]

 [[255  75]]

 [[254  75]]

 [[253  75]]

 [[252  75]]

 [[251  75]]

 [[250  75]]

 [[249  75]]

 [[248  75]]

 [[247  75]]

 [[246  75]]

 [[245  75]]

 [[244  74]]

 [[243  74]]

 [[242  74]]

 [[241  74]]

 [[240  74]]

 [[239  73]]

 [[238  73]]

 [[237  73]]

 [[236  72]]

 [[235  72]]

 [[234  72]]

 [[233  72]]

 [[232  71]]

 [[231  71]]

 [[230  71]]

 [[229  70]]

 [[228  70]]]
[[[  0   0]]

 [[239  10]]

 [[238  11]]

 [[237  12]]

 [[236  12]]

 [[235  13]]

 [[234  13]]

 [[233  14]]

 [[232  15]]

 [[232  16]]

 [[233  16]]

 [[234  16]]

 [[235  16]]

 [[236  16]]

 [[237  16]]

 [[238  17]]

 [[239  17]]

 [[240  17]]

 [[241  17]]

 [[242  17]]

 [[243  17]]

 [[244  17]]

 [[245  17]]

 [[246  18]]

 [[247  18]]

 [[248  18]]

 [[249  18]]

 [[250  18]]

 [[251  18]]

 [[252  18]]

 [[253  18]]

 [[254  18]]

 [[255  18]]

 [[256  18]]

 [[257  18]]

 [[258  18]]

 [[259  18]]

 [[260  18]]

 [[261  18]]

 [[262  19]]

 [[263  19]]

 [[264  19]]

 [[265  19]]

 [[266  19]]

 [[267  19]]

 [[268  19]]

 [[269  19]]

 [[270  19]]

 [[271  18]]

 [[272  18]]

 [[273  18]]

 [[274  18]]

 [[275  18]]

 [[276  18]]

 [[277  18]]

 [[278  18]]

 [[279  18]]

 [[279  17]]

 [[279  16]]

 [[279  15]]

 [[278  14]]

 [[277  13]]

 [[277  12]]

 [[276  12]]

 [[275  11]]

 [[274  11]]

 [[273  11]]

 [[272  11]]

 [[271  11]]

 [[270  11]]

 [[269  10]]

 [[268  10]]

 [[267  10]]

 [[266   9]]

 [[265  10]]

 [[264  10]]

 [[263  10]]

 [[262  10]]

 [[261  11]]

 [[261  12]]

 [[262  13]]

 [[261  14]]

 [[260  14]]

 [[259  14]]

 [[258  14]]

 [[257  14]]

 [[256  14]]

 [[255  14]]

 [[254  13]]

 [[254  12]]

 [[254  11]]

 [[254  10]]

 [[253   9]]

 [[252   9]]

 [[251   9]]

 [[250   9]]

 [[249   9]]

 [[248   9]]

 [[247   9]]

 [[246   9]]

 [[245   9]]

 [[244   9]]

 [[243   9]]

 [[242   9]]

 [[241   9]]]
[[[  0   0]]

 [[609   2]]

 [[610   3]]

 [[610   4]]

 [[609   5]]

 [[608   6]]

 [[607   6]]

 [[606   6]]

 [[605   7]]

 [[604   8]]

 [[604   9]]

 [[603  10]]

 [[603  11]]

 [[602  12]]

 [[601  12]]

 [[600  11]]

 [[599  11]]

 [[598  12]]

 [[597  11]]

 [[596  11]]

 [[595  11]]

 [[594  11]]

 [[593  11]]

 [[592  11]]

 [[591  11]]

 [[590  10]]

 [[589   9]]

 [[589   8]]

 [[589   9]]

 [[589  10]]

 [[589  11]]

 [[588  12]]

 [[589  13]]

 [[590  13]]

 [[591  14]]

 [[592  14]]

 [[593  14]]

 [[594  14]]

 [[595  15]]

 [[596  16]]

 [[596  17]]

 [[597  18]]

 [[598  18]]

 [[599  18]]

 [[600  18]]

 [[601  17]]

 [[602  16]]

 [[603  15]]

 [[604  16]]

 [[605  17]]

 [[606  18]]

 [[606  19]]

 [[606  20]]

 [[606  21]]

 [[606  22]]

 [[606  23]]

 [[606  24]]

 [[606  25]]

 [[606  26]]

 [[605  27]]

 [[606  28]]

 [[606  29]]

 [[606  30]]

 [[606  31]]

 [[606  32]]

 [[606  33]]

 [[605  34]]

 [[604  34]]

 [[603  35]]

 [[603  36]]

 [[603  37]]

 [[603  38]]

 [[603  39]]

 [[603  40]]

 [[604  41]]

 [[604  42]]

 [[605  43]]

 [[605  44]]

 [[606  45]]

 [[605  46]]

 [[604  47]]

 [[604  48]]

 [[604  49]]

 [[604  50]]

 [[605  51]]

 [[605  52]]

 [[605  53]]

 [[605  54]]

 [[606  55]]

 [[607  54]]

 [[607  53]]

 [[606  52]]

 [[607  51]]

 [[608  51]]

 [[609  50]]

 [[610  49]]

 [[611  48]]

 [[611  47]]

 [[612  46]]

 [[612  45]]

 [[612  44]]

 [[612  43]]

 [[612  42]]

 [[611  41]]

 [[610  40]]

 [[610  39]]

 [[611  38]]

 [[612  38]]

 [[613  37]]

 [[613  36]]

 [[612  36]]

 [[611  37]]

 [[610  38]]

 [[609  38]]

 [[608  37]]

 [[608  36]]

 [[608  35]]

 [[608  34]]

 [[608  33]]

 [[608  32]]

 [[607  31]]

 [[606  30]]

 [[606  29]]

 [[606  28]]

 [[605  27]]

 [[606  26]]

 [[607  25]]

 [[607  24]]

 [[607  23]]

 [[607  22]]

 [[607  21]]

 [[607  20]]

 [[607  19]]

 [[608  18]]

 [[608  17]]

 [[607  16]]

 [[607  15]]

 [[606  14]]

 [[605  13]]

 [[605  12]]

 [[606  11]]

 [[606  10]]

 [[606   9]]

 [[607   8]]

 [[608   7]]

 [[609   6]]

 [[610   5]]

 [[611   5]]

 [[612   4]]

 [[613   3]]

 [[614   3]]

 [[615   2]]

 [[616   2]]

 [[617   2]]

 [[618   2]]

 [[619   2]]

 [[620   1]]

 [[621   2]]

 [[622   3]]

 [[623   4]]

 [[624   3]]

 [[625   2]]

 [[626   2]]

 [[627   1]]

 [[626   1]]

 [[625   1]]

 [[624   1]]

 [[623   1]]

 [[622   1]]

 [[621   1]]

 [[620   1]]

 [[619   1]]

 [[618   1]]

 [[617   1]]

 [[616   1]]

 [[615   1]]

 [[614   1]]

 [[613   1]]

 [[612   2]]

 [[611   2]]

 [[610   2]]

 [[609   1]]]
