[[[  0   0]]

 [[475  50]]

 [[475  51]]

 [[475  52]]

 [[475  53]]

 [[475  54]]

 [[474  55]]

 [[474  56]]

 [[474  57]]

 [[475  58]]

 [[476  59]]

 [[477  59]]

 [[478  60]]

 [[479  60]]

 [[480  60]]

 [[481  60]]

 [[482  61]]

 [[483  61]]

 [[484  61]]

 [[485  62]]

 [[486  62]]

 [[487  62]]

 [[488  62]]

 [[489  63]]

 [[490  63]]

 [[491  63]]

 [[492  63]]

 [[493  63]]

 [[494  63]]

 [[495  63]]

 [[496  63]]

 [[497  64]]

 [[498  64]]

 [[499  64]]

 [[500  64]]

 [[501  64]]

 [[502  65]]

 [[503  64]]

 [[503  63]]

 [[502  62]]

 [[502  61]]

 [[502  60]]

 [[502  59]]

 [[502  58]]

 [[502  57]]

 [[501  56]]

 [[500  56]]

 [[499  56]]

 [[498  56]]

 [[497  56]]

 [[496  56]]

 [[495  56]]

 [[494  55]]

 [[493  55]]

 [[492  55]]

 [[491  55]]

 [[490  55]]

 [[489  55]]

 [[488  55]]

 [[487  54]]

 [[486  54]]

 [[485  54]]

 [[484  54]]

 [[483  53]]

 [[482  53]]

 [[481  52]]

 [[480  52]]

 [[479  51]]

 [[478  51]]

 [[477  50]]]
[[[  0   0]]

 [[301  42]]

 [[301  43]]

 [[301  44]]

 [[301  45]]

 [[301  46]]

 [[301  47]]

 [[301  48]]

 [[301  49]]

 [[301  50]]

 [[302  51]]

 [[303  51]]

 [[304  51]]

 [[305  52]]

 [[306  52]]

 [[307  52]]

 [[308  52]]

 [[309  52]]

 [[310  52]]

 [[311  52]]

 [[312  52]]

 [[313  52]]

 [[314  52]]

 [[315  53]]

 [[316  53]]

 [[317  53]]

 [[318  53]]

 [[319  53]]

 [[320  53]]

 [[321  53]]

 [[322  53]]

 [[323  53]]

 [[324  53]]

 [[325  53]]

 [[326  53]]

 [[327  53]]

 [[328  53]]

 [[329  53]]

 [[330  52]]

 [[331  52]]

 [[332  52]]

 [[332  51]]

 [[332  50]]

 [[332  49]]

 [[332  48]]

 [[332  47]]

 [[332  46]]

 [[332  45]]

 [[332  44]]

 [[332  43]]

 [[331  43]]

 [[330  43]]

 [[329  44]]

 [[328  44]]

 [[327  44]]

 [[326  44]]

 [[325  44]]

 [[324  44]]

 [[323  44]]

 [[322  44]]

 [[321  44]]

 [[320  44]]

 [[319  44]]

 [[318  44]]

 [[317  44]]

 [[316  44]]

 [[315  44]]

 [[314  44]]

 [[313  43]]

 [[312  44]]

 [[311  44]]

 [[310  44]]

 [[309  43]]

 [[308  43]]

 [[307  43]]

 [[306  42]]

 [[305  42]]

 [[304  42]]

 [[303  41]]

 [[302  41]]]
[[[  0   0]]

 [[258  41]]

 [[258  42]]

 [[259  43]]

 [[259  44]]

 [[259  45]]

 [[259  46]]

 [[259  47]]

 [[259  48]]

 [[259  49]]

 [[259  50]]

 [[260  51]]

 [[261  51]]

 [[262  51]]

 [[263  51]]

 [[264  51]]

 [[265  51]]

 [[266  51]]

 [[267  51]]

 [[268  52]]

 [[269  52]]

 [[270  52]]

 [[271  52]]

 [[272  52]]

 [[273  52]]

 [[274  52]]

 [[275  52]]

 [[276  52]]

 [[277  52]]

 [[278  52]]

 [[279  52]]

 [[280  52]]

 [[281  52]]

 [[282  52]]

 [[283  52]]

 [[284  52]]

 [[285  51]]

 [[286  51]]

 [[287  51]]

 [[288  51]]

 [[289  51]]

 [[290  51]]

 [[290  50]]

 [[290  49]]

 [[290  48]]

 [[290  47]]

 [[290  46]]

 [[291  45]]

 [[290  44]]

 [[290  43]]

 [[289  42]]

 [[288  42]]

 [[287  43]]

 [[286  43]]

 [[285  43]]

 [[284  43]]

 [[283  43]]

 [[282  43]]

 [[281  43]]

 [[280  43]]

 [[279  43]]

 [[278  43]]

 [[277  43]]

 [[276  43]]

 [[275  43]]

 [[274  43]]

 [[273  43]]

 [[272  43]]

 [[271  43]]

 [[270  43]]

 [[269  42]]

 [[268  42]]

 [[267  42]]

 [[266  42]]

 [[265  41]]

 [[264  41]]

 [[263  41]]

 [[262  40]]

 [[261  40]]

 [[260  40]]]
[[[  0   0]]

 [[478  34]]

 [[478  35]]

 [[478  36]]

 [[478  37]]

 [[478  38]]

 [[478  39]]

 [[478  40]]

 [[478  41]]

 [[479  41]]

 [[480  42]]

 [[481  42]]

 [[482  42]]

 [[483  43]]

 [[484  43]]

 [[485  43]]

 [[486  43]]

 [[487  44]]

 [[488  44]]

 [[489  44]]

 [[490  44]]

 [[491  44]]

 [[492  44]]

 [[493  45]]

 [[494  45]]

 [[495  45]]

 [[496  45]]

 [[497  46]]

 [[498  46]]

 [[499  46]]

 [[500  45]]

 [[501  45]]

 [[502  45]]

 [[503  45]]

 [[503  44]]

 [[503  43]]

 [[503  42]]

 [[504  41]]

 [[504  40]]

 [[504  39]]

 [[504  38]]

 [[504  37]]

 [[504  36]]

 [[503  37]]

 [[502  38]]

 [[501  38]]

 [[500  38]]

 [[499  38]]

 [[498  38]]

 [[497  38]]

 [[496  38]]

 [[495  37]]

 [[494  37]]

 [[493  37]]

 [[492  37]]

 [[491  36]]

 [[490  36]]

 [[489  36]]

 [[488  36]]

 [[487  36]]

 [[486  35]]

 [[485  35]]

 [[484  35]]

 [[483  34]]

 [[482  34]]

 [[481  34]]

 [[480  33]]

 [[479  33]]]
[[[  0   0]]

 [[302  21]]

 [[302  22]]

 [[302  23]]

 [[302  24]]

 [[302  25]]

 [[302  26]]

 [[302  27]]

 [[302  28]]

 [[302  29]]

 [[302  30]]

 [[303  30]]

 [[304  30]]

 [[305  30]]

 [[306  31]]

 [[307  31]]

 [[308  31]]

 [[309  31]]

 [[310  31]]

 [[311  31]]

 [[312  31]]

 [[313  31]]

 [[314  32]]

 [[315  32]]

 [[316  32]]

 [[317  32]]

 [[318  32]]

 [[319  32]]

 [[320  32]]

 [[321  32]]

 [[322  32]]

 [[323  32]]

 [[324  32]]

 [[325  32]]

 [[326  32]]

 [[327  32]]

 [[328  32]]

 [[329  32]]

 [[330  32]]

 [[331  31]]

 [[332  31]]

 [[332  30]]

 [[332  29]]

 [[332  28]]

 [[332  27]]

 [[332  26]]

 [[332  25]]

 [[331  24]]

 [[331  23]]

 [[330  23]]

 [[329  23]]

 [[328  23]]

 [[327  23]]

 [[326  23]]

 [[325  23]]

 [[324  23]]

 [[323  23]]

 [[322  23]]

 [[321  23]]

 [[320  23]]

 [[319  23]]

 [[318  23]]

 [[317  23]]

 [[316  23]]

 [[315  23]]

 [[314  23]]

 [[313  23]]

 [[312  23]]

 [[311  22]]

 [[310  22]]

 [[309  22]]

 [[308  22]]

 [[307  22]]

 [[306  22]]

 [[305  21]]

 [[304  21]]]
[[[  0   0]]

 [[291  18]]

 [[291  19]]

 [[291  20]]

 [[290  21]]

 [[289  21]]

 [[288  21]]

 [[287  21]]

 [[286  22]]

 [[285  22]]

 [[284  22]]

 [[283  22]]

 [[282  22]]

 [[281  22]]

 [[280  22]]

 [[279  22]]

 [[278  22]]

 [[277  22]]

 [[276  22]]

 [[275  22]]

 [[274  22]]

 [[273  22]]

 [[272  22]]

 [[271  21]]

 [[270  21]]

 [[269  21]]

 [[268  21]]

 [[267  21]]

 [[266  20]]

 [[265  20]]

 [[264  20]]

 [[263  20]]

 [[262  20]]

 [[261  19]]

 [[260  19]]

 [[259  18]]

 [[259  19]]

 [[259  20]]

 [[259  21]]

 [[259  22]]

 [[259  23]]

 [[260  24]]

 [[260  25]]

 [[260  26]]

 [[260  27]]

 [[260  28]]

 [[260  29]]

 [[261  29]]

 [[262  30]]

 [[263  30]]

 [[264  30]]

 [[265  30]]

 [[266  30]]

 [[267  30]]

 [[268  30]]

 [[269  30]]

 [[270  30]]

 [[271  30]]

 [[272  30]]

 [[273  30]]

 [[274  30]]

 [[275  30]]

 [[276  31]]

 [[277  31]]

 [[278  31]]

 [[279  31]]

 [[280  31]]

 [[281  31]]

 [[282  31]]

 [[283  30]]

 [[284  30]]

 [[285  30]]

 [[286  30]]

 [[287  30]]

 [[288  30]]

 [[289  30]]

 [[290  29]]

 [[290  28]]

 [[290  27]]

 [[290  26]]

 [[290  25]]

 [[290  24]]

 [[290  23]]

 [[290  22]]

 [[291  21]]

 [[291  20]]

 [[291  19]]

 [[291  18]]]
[[[  0   0]]

 [[513   6]]

 [[514   7]]

 [[513   8]]

 [[514   8]]

 [[515   8]]

 [[516   8]]

 [[517   7]]

 [[518   7]]

 [[519   7]]

 [[520   8]]

 [[521   9]]

 [[522  10]]

 [[522  11]]

 [[523  11]]

 [[524  11]]

 [[525  11]]

 [[526  11]]

 [[527  11]]

 [[528  11]]

 [[529  12]]

 [[530  12]]

 [[531  12]]

 [[532  12]]

 [[533  13]]

 [[534  14]]

 [[535  15]]

 [[536  16]]

 [[537  17]]

 [[538  18]]

 [[539  19]]

 [[540  20]]

 [[540  21]]

 [[539  22]]

 [[539  23]]

 [[539  24]]

 [[538  25]]

 [[538  26]]

 [[538  27]]

 [[537  28]]

 [[537  29]]

 [[537  30]]

 [[536  31]]

 [[535  32]]

 [[534  33]]

 [[535  34]]

 [[536  35]]

 [[536  36]]

 [[537  35]]

 [[538  36]]

 [[539  37]]

 [[539  38]]

 [[539  39]]

 [[540  40]]

 [[541  41]]

 [[542  41]]

 [[543  40]]

 [[544  40]]

 [[545  40]]

 [[546  40]]

 [[547  40]]

 [[548  40]]

 [[549  41]]

 [[550  41]]

 [[551  41]]

 [[552  41]]

 [[553  41]]

 [[554  41]]

 [[555  42]]

 [[556  43]]

 [[557  44]]

 [[558  44]]

 [[559  44]]

 [[560  44]]

 [[561  44]]

 [[562  45]]

 [[563  45]]

 [[564  46]]

 [[565  47]]

 [[566  47]]

 [[567  47]]

 [[567  46]]

 [[567  45]]

 [[566  44]]

 [[567  43]]

 [[568  42]]

 [[569  41]]

 [[570  41]]

 [[571  41]]

 [[570  40]]

 [[569  40]]

 [[568  40]]

 [[567  40]]

 [[566  40]]

 [[565  39]]

 [[564  39]]

 [[563  39]]

 [[562  39]]

 [[561  39]]

 [[560  38]]

 [[559  38]]

 [[558  37]]

 [[558  36]]

 [[558  35]]

 [[558  34]]

 [[558  33]]

 [[557  33]]

 [[556  33]]

 [[556  34]]

 [[556  35]]

 [[557  35]]

 [[558  36]]

 [[557  37]]

 [[556  37]]

 [[555  37]]

 [[554  38]]

 [[553  38]]

 [[552  38]]

 [[551  37]]

 [[551  36]]

 [[551  35]]

 [[551  34]]

 [[550  34]]

 [[549  35]]

 [[548  35]]

 [[547  35]]

 [[547  36]]

 [[546  37]]

 [[545  38]]

 [[544  38]]

 [[543  38]]

 [[542  37]]

 [[541  36]]

 [[542  35]]

 [[542  34]]

 [[542  33]]

 [[542  32]]

 [[541  31]]

 [[542  30]]

 [[541  29]]

 [[541  28]]

 [[540  27]]

 [[539  26]]

 [[538  25]]

 [[539  24]]

 [[540  23]]

 [[540  22]]

 [[540  21]]

 [[541  20]]

 [[541  19]]

 [[541  18]]

 [[541  17]]

 [[541  16]]

 [[542  15]]

 [[541  14]]

 [[540  14]]

 [[539  13]]

 [[538  12]]

 [[537  11]]

 [[536  10]]

 [[535   9]]

 [[534   8]]

 [[533   8]]

 [[532   8]]

 [[531   7]]

 [[530   7]]

 [[529   7]]

 [[528   6]]

 [[527   5]]

 [[526   5]]

 [[525   5]]

 [[524   5]]

 [[523   5]]

 [[522   5]]

 [[521   5]]

 [[520   5]]

 [[519   5]]

 [[518   6]]

 [[517   5]]

 [[516   5]]

 [[515   5]]]
[[[  0   0]]

 [[427   2]]

 [[426   3]]

 [[425   3]]

 [[424   3]]

 [[423   3]]

 [[423   4]]

 [[423   5]]

 [[423   6]]

 [[423   7]]

 [[424   7]]

 [[425   7]]

 [[426   8]]

 [[427   8]]

 [[428   8]]

 [[429   9]]

 [[430   9]]

 [[431   9]]

 [[432   9]]

 [[433   9]]

 [[434  10]]

 [[435  10]]

 [[436  10]]

 [[437  10]]

 [[438  11]]

 [[439  10]]

 [[440  10]]

 [[441  10]]

 [[442  10]]

 [[443  10]]

 [[444  10]]

 [[445  11]]

 [[446  12]]

 [[447  13]]

 [[448  14]]

 [[449  15]]

 [[449  16]]

 [[449  17]]

 [[450  18]]

 [[451  18]]

 [[452  18]]

 [[453  19]]

 [[454  19]]

 [[455  19]]

 [[456  20]]

 [[457  20]]

 [[458  20]]

 [[459  20]]

 [[460  20]]

 [[461  20]]

 [[462  20]]

 [[463  20]]

 [[464  20]]

 [[465  20]]

 [[466  20]]

 [[467  21]]

 [[468  21]]

 [[469  21]]

 [[470  21]]

 [[471  20]]

 [[472  19]]

 [[473  19]]

 [[474  19]]

 [[475  19]]

 [[476  20]]

 [[477  20]]

 [[478  21]]

 [[479  21]]

 [[480  22]]

 [[481  23]]

 [[482  23]]

 [[483  23]]

 [[484  23]]

 [[485  24]]

 [[486  24]]

 [[487  24]]

 [[488  24]]

 [[489  24]]

 [[490  24]]

 [[491  24]]

 [[492  23]]

 [[493  22]]

 [[494  21]]

 [[495  22]]

 [[495  23]]

 [[495  24]]

 [[496  25]]

 [[497  25]]

 [[498  25]]

 [[499  26]]

 [[500  26]]

 [[501  26]]

 [[502  26]]

 [[503  26]]

 [[504  27]]

 [[505  27]]

 [[506  28]]

 [[507  29]]

 [[508  29]]

 [[509  29]]

 [[510  29]]

 [[511  28]]

 [[512  29]]

 [[513  29]]

 [[514  30]]

 [[515  30]]

 [[516  30]]

 [[517  30]]

 [[518  30]]

 [[519  31]]

 [[520  31]]

 [[521  31]]

 [[522  32]]

 [[523  32]]

 [[524  32]]

 [[525  33]]

 [[526  33]]

 [[527  33]]

 [[528  33]]

 [[529  33]]

 [[530  33]]

 [[531  32]]

 [[531  31]]

 [[530  31]]

 [[529  30]]

 [[528  30]]

 [[527  30]]

 [[526  29]]

 [[525  29]]

 [[524  29]]

 [[523  29]]

 [[522  28]]

 [[521  28]]

 [[520  27]]

 [[519  26]]

 [[519  25]]

 [[518  24]]

 [[518  23]]

 [[518  22]]

 [[519  21]]

 [[520  20]]

 [[521  20]]

 [[522  21]]

 [[523  22]]

 [[524  22]]

 [[525  23]]

 [[526  23]]

 [[527  23]]

 [[528  23]]

 [[529  23]]

 [[530  24]]

 [[531  24]]

 [[532  24]]

 [[533  24]]

 [[534  24]]

 [[535  24]]

 [[536  24]]

 [[536  23]]

 [[535  22]]

 [[534  22]]

 [[533  22]]

 [[532  22]]

 [[531  21]]

 [[530  21]]

 [[529  21]]

 [[528  21]]

 [[527  21]]

 [[526  20]]

 [[525  20]]

 [[524  20]]

 [[523  20]]

 [[522  20]]

 [[521  20]]

 [[520  19]]

 [[519  18]]

 [[519  17]]

 [[519  16]]

 [[519  15]]

 [[518  15]]

 [[517  15]]

 [[516  16]]

 [[516  17]]

 [[516  18]]

 [[515  19]]

 [[514  20]]

 [[514  21]]

 [[515  22]]

 [[514  23]]

 [[513  23]]

 [[512  24]]

 [[511  24]]

 [[510  24]]

 [[509  24]]

 [[508  23]]

 [[507  22]]

 [[506  21]]

 [[505  21]]

 [[504  21]]

 [[503  20]]

 [[502  20]]

 [[501  19]]

 [[500  18]]

 [[499  18]]

 [[498  17]]

 [[497  18]]

 [[496  18]]

 [[495  19]]

 [[494  19]]

 [[493  19]]

 [[492  19]]

 [[491  19]]

 [[490  18]]

 [[489  18]]

 [[488  18]]

 [[487  18]]

 [[486  17]]

 [[485  17]]

 [[484  17]]

 [[483  17]]

 [[482  17]]

 [[481  16]]

 [[480  16]]

 [[479  15]]

 [[479  14]]

 [[478  14]]

 [[477  14]]

 [[476  13]]

 [[476  12]]

 [[475  11]]

 [[474  10]]

 [[473   9]]

 [[473   8]]

 [[472   7]]

 [[472   6]]

 [[471   5]]

 [[470   5]]

 [[469   4]]

 [[468   3]]

 [[468   2]]

 [[467   1]]

 [[466   1]]

 [[465   1]]

 [[464   1]]

 [[463   2]]

 [[462   3]]

 [[461   2]]

 [[460   2]]

 [[459   1]]

 [[458   1]]

 [[457   1]]

 [[456   1]]

 [[455   2]]

 [[455   3]]

 [[454   4]]

 [[453   5]]

 [[453   6]]

 [[454   6]]

 [[455   7]]

 [[456   7]]

 [[457   7]]

 [[458   7]]

 [[459   7]]

 [[460   7]]

 [[461   7]]

 [[462   7]]

 [[463   7]]

 [[464   8]]

 [[465   8]]

 [[466   8]]

 [[467   9]]

 [[468   9]]

 [[469  10]]

 [[469  11]]

 [[470  12]]

 [[470  13]]

 [[470  14]]

 [[469  15]]

 [[469  16]]

 [[468  17]]

 [[467  17]]

 [[466  18]]

 [[465  18]]

 [[464  17]]

 [[463  17]]

 [[462  17]]

 [[461  17]]

 [[460  17]]

 [[459  17]]

 [[458  16]]

 [[457  16]]

 [[456  16]]

 [[455  15]]

 [[454  15]]

 [[453  15]]

 [[452  14]]

 [[451  14]]

 [[450  13]]

 [[449  13]]

 [[448  12]]

 [[448  11]]

 [[448  10]]

 [[449   9]]

 [[449   8]]

 [[449   7]]

 [[449   6]]

 [[449   5]]

 [[448   4]]

 [[447   4]]

 [[446   3]]

 [[445   2]]

 [[445   1]]

 [[445   2]]

 [[445   3]]

 [[444   4]]

 [[443   4]]

 [[442   5]]

 [[441   4]]

 [[440   4]]

 [[439   4]]

 [[438   4]]

 [[437   4]]

 [[436   5]]

 [[435   6]]

 [[435   7]]

 [[434   8]]

 [[433   8]]

 [[432   8]]

 [[431   7]]

 [[430   6]]

 [[429   5]]

 [[428   4]]

 [[428   3]]

 [[428   2]]

 [[428   1]]]
