[[[  0   0]]

 [[130 146]]

 [[129 147]]

 [[129 148]]

 [[129 149]]

 [[129 150]]

 [[129 151]]

 [[129 152]]

 [[129 153]]

 [[129 154]]

 [[129 155]]

 [[130 156]]

 [[129 157]]

 [[129 158]]

 [[129 159]]

 [[129 160]]

 [[128 161]]

 [[127 162]]

 [[126 163]]

 [[125 164]]

 [[124 165]]

 [[123 166]]

 [[122 167]]

 [[121 168]]

 [[120 168]]

 [[119 169]]

 [[118 169]]

 [[117 170]]

 [[116 170]]

 [[115 171]]

 [[114 171]]

 [[113 172]]

 [[112 172]]

 [[111 173]]

 [[110 173]]

 [[109 173]]

 [[108 173]]

 [[107 173]]

 [[106 174]]

 [[105 174]]

 [[104 174]]

 [[103 175]]

 [[102 175]]

 [[101 176]]

 [[100 176]]

 [[ 99 176]]

 [[ 98 176]]

 [[ 97 176]]

 [[ 96 177]]

 [[ 95 177]]

 [[ 94 177]]

 [[ 93 177]]

 [[ 92 177]]

 [[ 91 178]]

 [[ 90 178]]

 [[ 89 178]]

 [[ 88 178]]

 [[ 87 178]]

 [[ 86 178]]

 [[ 85 178]]

 [[ 84 178]]

 [[ 83 178]]

 [[ 82 178]]

 [[ 81 178]]

 [[ 80 178]]

 [[ 79 179]]

 [[ 78 179]]

 [[ 77 179]]

 [[ 76 179]]

 [[ 75 179]]

 [[ 74 179]]

 [[ 73 179]]

 [[ 72 179]]

 [[ 71 179]]

 [[ 70 179]]

 [[ 69 179]]

 [[ 68 178]]

 [[ 67 178]]

 [[ 66 178]]

 [[ 65 178]]

 [[ 64 178]]

 [[ 63 178]]

 [[ 62 178]]

 [[ 61 178]]

 [[ 60 178]]

 [[ 59 178]]

 [[ 58 178]]

 [[ 57 178]]

 [[ 56 177]]

 [[ 55 177]]

 [[ 54 177]]

 [[ 53 177]]

 [[ 53 178]]

 [[ 53 179]]

 [[ 53 180]]

 [[ 53 181]]

 [[ 53 182]]

 [[ 53 183]]

 [[ 53 184]]

 [[ 52 185]]

 [[ 53 186]]

 [[ 54 187]]

 [[ 55 188]]

 [[ 55 189]]

 [[ 56 190]]

 [[ 56 191]]

 [[ 57 191]]

 [[ 58 191]]

 [[ 59 191]]

 [[ 60 192]]

 [[ 61 191]]

 [[ 62 191]]

 [[ 63 191]]

 [[ 64 191]]

 [[ 65 191]]

 [[ 66 191]]

 [[ 67 191]]

 [[ 68 191]]

 [[ 69 191]]

 [[ 70 191]]

 [[ 71 192]]

 [[ 72 192]]

 [[ 73 192]]

 [[ 74 192]]

 [[ 75 192]]

 [[ 76 192]]

 [[ 77 192]]

 [[ 78 192]]

 [[ 79 192]]

 [[ 80 192]]

 [[ 81 192]]

 [[ 82 192]]

 [[ 83 192]]

 [[ 84 192]]

 [[ 85 192]]

 [[ 86 191]]

 [[ 87 191]]

 [[ 88 191]]

 [[ 89 191]]

 [[ 90 191]]

 [[ 91 191]]

 [[ 92 191]]

 [[ 93 191]]

 [[ 94 191]]

 [[ 95 191]]

 [[ 96 191]]

 [[ 97 190]]

 [[ 98 190]]

 [[ 99 190]]

 [[100 190]]

 [[101 189]]

 [[102 189]]

 [[103 189]]

 [[104 189]]

 [[105 188]]

 [[106 188]]

 [[107 188]]

 [[108 188]]

 [[109 188]]

 [[110 187]]

 [[111 187]]

 [[112 186]]

 [[113 186]]

 [[114 186]]

 [[115 185]]

 [[116 185]]

 [[117 184]]

 [[118 184]]

 [[119 183]]

 [[120 183]]

 [[121 182]]

 [[122 181]]

 [[123 180]]

 [[124 179]]

 [[125 178]]

 [[126 177]]

 [[127 177]]

 [[128 176]]

 [[129 175]]

 [[130 174]]

 [[131 174]]

 [[131 173]]

 [[130 172]]

 [[130 171]]

 [[129 170]]

 [[129 169]]

 [[129 168]]

 [[129 167]]

 [[129 166]]

 [[129 165]]

 [[129 164]]

 [[129 163]]

 [[129 162]]

 [[130 161]]

 [[131 161]]

 [[132 162]]

 [[132 163]]

 [[132 164]]

 [[132 165]]

 [[132 166]]

 [[132 167]]

 [[132 168]]

 [[133 168]]

 [[134 168]]

 [[135 167]]

 [[136 167]]

 [[137 166]]

 [[138 165]]

 [[139 165]]

 [[140 164]]

 [[141 165]]

 [[142 166]]

 [[143 167]]

 [[143 168]]

 [[144 169]]

 [[145 169]]

 [[146 170]]

 [[147 171]]

 [[147 172]]

 [[147 173]]

 [[146 174]]

 [[145 175]]

 [[144 175]]

 [[143 176]]

 [[142 177]]

 [[141 178]]

 [[140 178]]

 [[139 179]]

 [[138 178]]

 [[137 178]]

 [[136 178]]

 [[135 178]]

 [[135 179]]

 [[135 180]]

 [[135 181]]

 [[135 182]]

 [[135 183]]

 [[136 184]]

 [[136 185]]

 [[137 186]]

 [[137 187]]

 [[137 188]]

 [[136 189]]

 [[135 190]]

 [[134 191]]

 [[134 192]]

 [[134 193]]

 [[134 194]]

 [[134 195]]

 [[134 196]]

 [[134 197]]

 [[134 198]]

 [[134 199]]

 [[135 200]]

 [[135 201]]

 [[136 202]]

 [[137 202]]

 [[138 202]]

 [[139 202]]

 [[140 203]]

 [[141 203]]

 [[142 203]]

 [[142 202]]

 [[142 201]]

 [[141 201]]

 [[140 200]]

 [[140 199]]

 [[140 198]]

 [[140 197]]

 [[140 196]]

 [[140 195]]

 [[140 194]]

 [[140 193]]

 [[140 192]]

 [[140 191]]

 [[140 190]]

 [[140 189]]

 [[141 188]]

 [[142 187]]

 [[143 186]]

 [[144 186]]

 [[145 187]]

 [[146 187]]

 [[147 187]]

 [[147 186]]

 [[147 185]]

 [[146 184]]

 [[145 183]]

 [[144 182]]

 [[144 181]]

 [[144 180]]

 [[145 179]]

 [[146 178]]

 [[147 177]]

 [[148 176]]

 [[149 175]]

 [[150 175]]

 [[151 174]]

 [[152 174]]

 [[153 174]]

 [[154 174]]

 [[155 174]]

 [[156 173]]

 [[155 172]]

 [[156 171]]

 [[156 170]]

 [[155 169]]

 [[155 168]]

 [[154 168]]

 [[153 167]]

 [[153 166]]

 [[153 165]]

 [[153 164]]

 [[152 164]]

 [[151 165]]

 [[150 166]]

 [[149 167]]

 [[148 167]]

 [[147 167]]

 [[146 166]]

 [[145 166]]

 [[144 165]]

 [[143 165]]

 [[142 164]]

 [[141 164]]

 [[140 163]]

 [[140 162]]

 [[140 161]]

 [[140 160]]

 [[139 159]]

 [[138 159]]

 [[137 160]]

 [[136 159]]

 [[135 159]]

 [[134 158]]

 [[133 157]]

 [[132 157]]

 [[131 156]]

 [[131 155]]

 [[131 154]]

 [[131 153]]

 [[132 152]]

 [[133 151]]

 [[133 150]]

 [[133 149]]

 [[133 148]]

 [[133 147]]

 [[133 146]]

 [[132 145]]

 [[131 145]]]
[[[  0   0]]

 [[276 140]]

 [[275 140]]

 [[274 140]]

 [[273 140]]

 [[272 141]]

 [[272 142]]

 [[273 143]]

 [[273 144]]

 [[273 145]]

 [[273 146]]

 [[273 147]]

 [[272 148]]

 [[271 149]]

 [[270 150]]

 [[269 151]]

 [[269 152]]

 [[268 153]]

 [[268 154]]

 [[268 155]]

 [[268 156]]

 [[268 157]]

 [[268 158]]

 [[267 159]]

 [[266 160]]

 [[265 161]]

 [[264 161]]

 [[263 161]]

 [[262 161]]

 [[261 161]]

 [[260 161]]

 [[259 160]]

 [[258 159]]

 [[258 158]]

 [[257 157]]

 [[257 156]]

 [[257 155]]

 [[257 154]]

 [[257 153]]

 [[258 152]]

 [[259 151]]

 [[260 150]]

 [[261 150]]

 [[262 149]]

 [[262 148]]

 [[262 147]]

 [[262 146]]

 [[261 145]]

 [[261 144]]

 [[261 143]]

 [[261 142]]

 [[260 142]]

 [[259 142]]

 [[258 142]]

 [[257 142]]

 [[257 143]]

 [[257 144]]

 [[257 145]]

 [[257 146]]

 [[257 147]]

 [[257 148]]

 [[257 149]]

 [[257 150]]

 [[257 151]]

 [[257 152]]

 [[257 153]]

 [[256 154]]

 [[255 154]]

 [[254 154]]

 [[253 155]]

 [[252 155]]

 [[251 156]]

 [[251 157]]

 [[251 158]]

 [[251 159]]

 [[251 160]]

 [[250 161]]

 [[249 162]]

 [[248 162]]

 [[247 162]]

 [[246 163]]

 [[245 163]]

 [[244 163]]

 [[243 163]]

 [[242 162]]

 [[241 161]]

 [[240 160]]

 [[240 159]]

 [[240 158]]

 [[240 157]]

 [[241 156]]

 [[241 155]]

 [[240 155]]

 [[239 156]]

 [[238 156]]

 [[237 157]]

 [[236 158]]

 [[235 159]]

 [[234 160]]

 [[234 161]]

 [[235 162]]

 [[235 163]]

 [[235 164]]

 [[234 165]]

 [[234 166]]

 [[233 167]]

 [[232 168]]

 [[231 169]]

 [[230 169]]

 [[229 169]]

 [[228 169]]

 [[227 169]]

 [[226 169]]

 [[226 170]]

 [[227 171]]

 [[228 172]]

 [[228 173]]

 [[229 174]]

 [[228 175]]

 [[228 176]]

 [[227 177]]

 [[226 178]]

 [[225 179]]

 [[224 179]]

 [[223 179]]

 [[222 178]]

 [[221 178]]

 [[220 178]]

 [[219 177]]

 [[218 176]]

 [[218 175]]

 [[218 174]]

 [[218 173]]

 [[218 172]]

 [[218 171]]

 [[218 170]]

 [[219 169]]

 [[220 169]]

 [[221 168]]

 [[222 168]]

 [[223 167]]

 [[224 166]]

 [[224 165]]

 [[223 164]]

 [[223 163]]

 [[223 162]]

 [[222 161]]

 [[221 161]]

 [[220 161]]

 [[219 161]]

 [[218 162]]

 [[217 162]]

 [[216 162]]

 [[215 161]]

 [[215 162]]

 [[216 163]]

 [[216 164]]

 [[216 165]]

 [[216 166]]

 [[216 167]]

 [[216 168]]

 [[215 169]]

 [[215 170]]

 [[215 171]]

 [[215 172]]

 [[215 173]]

 [[214 174]]

 [[213 175]]

 [[212 175]]

 [[211 175]]

 [[210 175]]

 [[209 175]]

 [[208 175]]

 [[209 176]]

 [[209 177]]

 [[209 178]]

 [[209 179]]

 [[208 180]]

 [[207 181]]

 [[208 182]]

 [[208 183]]

 [[208 184]]

 [[207 185]]

 [[206 186]]

 [[205 187]]

 [[205 188]]

 [[205 189]]

 [[204 190]]

 [[204 191]]

 [[203 192]]

 [[202 192]]

 [[201 192]]

 [[200 191]]

 [[199 191]]

 [[198 192]]

 [[199 193]]

 [[199 194]]

 [[200 194]]

 [[201 194]]

 [[202 194]]

 [[203 193]]

 [[204 192]]

 [[205 192]]

 [[206 191]]

 [[207 190]]

 [[208 190]]

 [[209 189]]

 [[210 189]]

 [[211 188]]

 [[211 187]]

 [[212 186]]

 [[213 185]]

 [[214 184]]

 [[215 183]]

 [[216 182]]

 [[217 181]]

 [[218 181]]

 [[219 181]]

 [[220 180]]

 [[221 180]]

 [[222 180]]

 [[223 180]]

 [[224 180]]

 [[225 180]]

 [[226 180]]

 [[227 179]]

 [[228 179]]

 [[229 178]]

 [[230 177]]

 [[231 177]]

 [[232 177]]

 [[233 177]]

 [[234 176]]

 [[235 177]]

 [[236 177]]

 [[237 178]]

 [[238 178]]

 [[239 178]]

 [[240 179]]

 [[241 179]]

 [[242 179]]

 [[243 180]]

 [[244 180]]

 [[245 179]]

 [[246 179]]

 [[246 178]]

 [[246 177]]

 [[246 176]]

 [[246 175]]

 [[245 175]]

 [[244 175]]

 [[243 175]]

 [[242 175]]

 [[241 176]]

 [[240 175]]

 [[239 174]]

 [[239 173]]

 [[238 172]]

 [[237 171]]

 [[236 170]]

 [[236 169]]

 [[236 168]]

 [[236 167]]

 [[237 166]]

 [[238 165]]

 [[239 165]]

 [[240 164]]

 [[241 163]]

 [[242 164]]

 [[243 164]]

 [[244 165]]

 [[244 166]]

 [[245 167]]

 [[246 168]]

 [[246 169]]

 [[246 170]]

 [[246 171]]

 [[247 172]]

 [[247 173]]

 [[248 174]]

 [[249 174]]

 [[250 174]]

 [[250 173]]

 [[251 172]]

 [[252 172]]

 [[253 172]]

 [[254 171]]

 [[255 171]]

 [[256 171]]

 [[257 171]]

 [[258 171]]

 [[259 171]]

 [[260 172]]

 [[261 172]]

 [[262 172]]

 [[263 171]]

 [[264 171]]

 [[265 170]]

 [[266 171]]

 [[267 170]]

 [[268 170]]

 [[269 170]]

 [[270 170]]

 [[271 170]]

 [[272 170]]

 [[273 171]]

 [[274 171]]

 [[275 172]]

 [[276 172]]

 [[277 172]]

 [[278 172]]

 [[279 171]]

 [[279 170]]

 [[279 169]]

 [[278 168]]

 [[277 168]]

 [[276 168]]

 [[275 169]]

 [[274 169]]

 [[273 170]]

 [[272 170]]

 [[271 169]]

 [[271 168]]

 [[271 167]]

 [[270 166]]

 [[270 165]]

 [[269 164]]

 [[269 163]]

 [[269 162]]

 [[269 161]]

 [[270 160]]

 [[270 159]]

 [[271 158]]

 [[272 157]]

 [[273 157]]

 [[274 157]]

 [[274 156]]

 [[274 155]]

 [[274 154]]

 [[274 153]]

 [[274 152]]

 [[274 151]]

 [[274 150]]

 [[275 149]]

 [[274 148]]

 [[275 147]]

 [[276 146]]

 [[277 146]]

 [[278 146]]

 [[279 145]]

 [[280 146]]

 [[281 146]]

 [[282 147]]

 [[283 148]]

 [[283 149]]

 [[283 150]]

 [[283 151]]

 [[284 152]]

 [[284 153]]

 [[283 154]]

 [[283 155]]

 [[282 156]]

 [[281 157]]

 [[280 158]]

 [[279 159]]

 [[279 160]]

 [[279 161]]

 [[279 162]]

 [[280 163]]

 [[280 164]]

 [[280 165]]

 [[281 165]]

 [[282 165]]

 [[283 165]]

 [[284 165]]

 [[285 166]]

 [[286 166]]

 [[287 166]]

 [[287 165]]

 [[288 164]]

 [[288 163]]

 [[287 162]]

 [[287 161]]

 [[286 160]]

 [[285 159]]

 [[285 158]]

 [[285 157]]

 [[286 156]]

 [[287 155]]

 [[288 154]]

 [[289 153]]

 [[289 152]]

 [[288 151]]

 [[287 151]]

 [[286 150]]

 [[285 149]]

 [[284 148]]

 [[283 148]]

 [[282 147]]

 [[282 146]]

 [[282 145]]

 [[281 144]]

 [[280 144]]

 [[279 143]]

 [[279 142]]

 [[279 141]]

 [[279 140]]

 [[278 139]]]
[[[  0   0]]

 [[171 128]]

 [[171 129]]

 [[171 130]]

 [[171 131]]

 [[170 132]]

 [[170 133]]

 [[170 134]]

 [[170 135]]

 [[170 136]]

 [[169 137]]

 [[168 138]]

 [[167 138]]

 [[166 138]]

 [[165 139]]

 [[164 139]]

 [[163 140]]

 [[162 140]]

 [[161 141]]

 [[160 140]]

 [[159 139]]

 [[159 138]]

 [[159 137]]

 [[159 136]]

 [[159 135]]

 [[159 134]]

 [[159 133]]

 [[159 132]]

 [[158 131]]

 [[157 131]]

 [[156 131]]

 [[155 132]]

 [[154 133]]

 [[154 134]]

 [[153 135]]

 [[152 136]]

 [[152 137]]

 [[151 138]]

 [[152 139]]

 [[152 140]]

 [[152 141]]

 [[151 142]]

 [[150 143]]

 [[149 143]]

 [[148 144]]

 [[147 144]]

 [[146 144]]

 [[145 145]]

 [[144 145]]

 [[143 145]]

 [[143 146]]

 [[143 147]]

 [[143 148]]

 [[143 149]]

 [[144 150]]

 [[144 151]]

 [[143 152]]

 [[143 153]]

 [[143 154]]

 [[143 155]]

 [[143 154]]

 [[143 153]]

 [[143 152]]

 [[144 151]]

 [[145 150]]

 [[146 150]]

 [[147 151]]

 [[148 151]]

 [[149 151]]

 [[150 150]]

 [[151 150]]

 [[151 149]]

 [[151 148]]

 [[152 147]]

 [[152 146]]

 [[152 145]]

 [[152 144]]

 [[152 143]]

 [[152 142]]

 [[152 141]]

 [[153 140]]

 [[154 140]]

 [[155 140]]

 [[156 140]]

 [[157 140]]

 [[158 140]]

 [[159 140]]

 [[160 140]]

 [[161 141]]

 [[162 142]]

 [[162 143]]

 [[162 144]]

 [[162 145]]

 [[162 146]]

 [[163 146]]

 [[164 147]]

 [[165 147]]

 [[166 147]]

 [[167 147]]

 [[168 148]]

 [[169 148]]

 [[170 148]]

 [[171 147]]

 [[171 146]]

 [[171 145]]

 [[171 144]]

 [[171 143]]

 [[171 142]]

 [[170 141]]

 [[170 140]]

 [[170 139]]

 [[170 138]]

 [[171 137]]

 [[172 136]]

 [[173 136]]

 [[174 135]]

 [[175 134]]

 [[176 134]]

 [[176 133]]

 [[177 132]]

 [[177 131]]

 [[178 130]]

 [[178 129]]

 [[177 128]]

 [[177 127]]

 [[176 127]]

 [[175 127]]

 [[174 127]]

 [[173 127]]

 [[172 127]]]
[[[  0   0]]

 [[228 118]]

 [[227 118]]

 [[226 118]]

 [[225 119]]

 [[224 119]]

 [[224 120]]

 [[224 121]]

 [[224 122]]

 [[225 123]]

 [[225 124]]

 [[226 125]]

 [[226 126]]

 [[225 127]]

 [[224 128]]

 [[223 128]]

 [[222 128]]

 [[221 128]]

 [[220 129]]

 [[219 130]]

 [[218 131]]

 [[218 132]]

 [[218 133]]

 [[218 134]]

 [[218 135]]

 [[219 136]]

 [[219 137]]

 [[219 138]]

 [[218 139]]

 [[217 139]]

 [[216 140]]

 [[216 141]]

 [[215 142]]

 [[214 143]]

 [[213 142]]

 [[212 141]]

 [[212 142]]

 [[211 143]]

 [[211 144]]

 [[210 145]]

 [[210 146]]

 [[211 147]]

 [[211 148]]

 [[210 149]]

 [[209 150]]

 [[208 150]]

 [[207 151]]

 [[206 152]]

 [[205 153]]

 [[204 154]]

 [[204 155]]

 [[204 156]]

 [[205 157]]

 [[204 158]]

 [[204 159]]

 [[205 160]]

 [[205 161]]

 [[204 162]]

 [[204 163]]

 [[203 164]]

 [[202 165]]

 [[201 165]]

 [[200 165]]

 [[199 165]]

 [[198 165]]

 [[197 164]]

 [[196 164]]

 [[195 163]]

 [[195 162]]

 [[194 161]]

 [[194 160]]

 [[193 159]]

 [[192 158]]

 [[192 157]]

 [[192 156]]

 [[193 155]]

 [[194 154]]

 [[195 154]]

 [[196 154]]

 [[197 153]]

 [[198 153]]

 [[199 153]]

 [[200 153]]

 [[201 152]]

 [[201 151]]

 [[201 150]]

 [[201 149]]

 [[200 148]]

 [[199 148]]

 [[198 147]]

 [[198 146]]

 [[198 145]]

 [[197 145]]

 [[196 145]]

 [[195 145]]

 [[194 145]]

 [[193 145]]

 [[192 145]]

 [[191 145]]

 [[192 146]]

 [[192 147]]

 [[193 148]]

 [[193 149]]

 [[193 150]]

 [[193 151]]

 [[192 152]]

 [[192 153]]

 [[192 154]]

 [[191 155]]

 [[190 156]]

 [[189 156]]

 [[188 156]]

 [[187 156]]

 [[186 157]]

 [[186 158]]

 [[186 159]]

 [[186 160]]

 [[186 161]]

 [[186 162]]

 [[186 163]]

 [[186 164]]

 [[185 165]]

 [[184 166]]

 [[183 167]]

 [[182 168]]

 [[181 169]]

 [[180 169]]

 [[179 169]]

 [[178 169]]

 [[177 168]]

 [[176 167]]

 [[175 166]]

 [[174 165]]

 [[174 164]]

 [[174 163]]

 [[174 162]]

 [[174 161]]

 [[174 160]]

 [[173 159]]

 [[172 159]]

 [[171 160]]

 [[171 161]]

 [[170 162]]

 [[170 163]]

 [[170 164]]

 [[169 165]]

 [[168 166]]

 [[167 167]]

 [[167 168]]

 [[166 169]]

 [[165 170]]

 [[164 170]]

 [[163 171]]

 [[162 172]]

 [[162 173]]

 [[161 174]]

 [[160 175]]

 [[160 176]]

 [[159 177]]

 [[159 178]]

 [[159 179]]

 [[159 180]]

 [[159 181]]

 [[159 182]]

 [[158 183]]

 [[157 184]]

 [[156 185]]

 [[155 185]]

 [[154 185]]

 [[153 185]]

 [[152 185]]

 [[151 186]]

 [[150 187]]

 [[149 188]]

 [[149 189]]

 [[149 190]]

 [[150 191]]

 [[150 192]]

 [[151 193]]

 [[150 194]]

 [[150 195]]

 [[150 196]]

 [[149 197]]

 [[148 198]]

 [[148 199]]

 [[148 200]]

 [[149 200]]

 [[150 199]]

 [[151 199]]

 [[151 198]]

 [[152 197]]

 [[153 197]]

 [[154 198]]

 [[155 199]]

 [[156 199]]

 [[157 199]]

 [[157 198]]

 [[157 197]]

 [[157 196]]

 [[158 195]]

 [[159 194]]

 [[159 193]]

 [[159 192]]

 [[158 191]]

 [[158 190]]

 [[158 189]]

 [[158 188]]

 [[159 187]]

 [[159 186]]

 [[160 185]]

 [[161 184]]

 [[162 184]]

 [[163 184]]

 [[164 183]]

 [[165 183]]

 [[166 184]]

 [[167 184]]

 [[168 184]]

 [[169 184]]

 [[170 184]]

 [[171 185]]

 [[171 186]]

 [[171 187]]

 [[171 188]]

 [[171 189]]

 [[171 190]]

 [[171 191]]

 [[170 192]]

 [[169 192]]

 [[168 193]]

 [[169 193]]

 [[170 194]]

 [[171 194]]

 [[172 194]]

 [[173 194]]

 [[174 193]]

 [[175 193]]

 [[175 192]]

 [[176 191]]

 [[177 191]]

 [[178 190]]

 [[179 191]]

 [[180 190]]

 [[181 189]]

 [[180 188]]

 [[180 187]]

 [[179 186]]

 [[179 185]]

 [[179 184]]

 [[178 183]]

 [[178 182]]

 [[179 181]]

 [[180 180]]

 [[181 179]]

 [[182 179]]

 [[183 179]]

 [[184 179]]

 [[185 179]]

 [[186 179]]

 [[187 180]]

 [[188 180]]

 [[189 181]]

 [[190 181]]

 [[191 182]]

 [[191 183]]

 [[191 184]]

 [[191 185]]

 [[190 186]]

 [[189 186]]

 [[188 186]]

 [[187 187]]

 [[186 187]]

 [[185 188]]

 [[186 189]]

 [[186 190]]

 [[187 190]]

 [[188 190]]

 [[189 190]]

 [[190 189]]

 [[191 189]]

 [[191 188]]

 [[192 187]]

 [[193 188]]

 [[194 188]]

 [[195 189]]

 [[196 189]]

 [[197 189]]

 [[198 189]]

 [[199 188]]

 [[198 187]]

 [[198 186]]

 [[198 185]]

 [[199 184]]

 [[199 183]]

 [[199 182]]

 [[199 181]]

 [[199 180]]

 [[199 179]]

 [[198 178]]

 [[198 177]]

 [[199 176]]

 [[199 175]]

 [[200 174]]

 [[201 173]]

 [[202 172]]

 [[203 172]]

 [[204 172]]

 [[205 172]]

 [[205 171]]

 [[205 170]]

 [[205 169]]

 [[205 168]]

 [[205 167]]

 [[205 166]]

 [[205 165]]

 [[206 164]]

 [[207 163]]

 [[208 162]]

 [[209 161]]

 [[210 160]]

 [[211 160]]

 [[212 160]]

 [[212 159]]

 [[211 158]]

 [[211 157]]

 [[211 156]]

 [[211 155]]

 [[210 155]]

 [[209 155]]

 [[208 154]]

 [[208 153]]

 [[209 152]]

 [[210 152]]

 [[211 153]]

 [[211 152]]

 [[212 151]]

 [[213 151]]

 [[213 150]]

 [[213 149]]

 [[214 148]]

 [[215 147]]

 [[216 147]]

 [[217 148]]

 [[218 149]]

 [[219 149]]

 [[220 149]]

 [[220 148]]

 [[220 147]]

 [[220 146]]

 [[219 145]]

 [[219 144]]

 [[218 143]]

 [[218 142]]

 [[218 141]]

 [[218 140]]

 [[219 139]]

 [[219 138]]

 [[220 137]]

 [[221 137]]

 [[222 136]]

 [[223 136]]

 [[224 136]]

 [[225 136]]

 [[226 136]]

 [[227 136]]

 [[228 137]]

 [[229 138]]

 [[229 139]]

 [[230 139]]

 [[231 139]]

 [[232 140]]

 [[232 141]]

 [[232 142]]

 [[233 143]]

 [[234 144]]

 [[235 144]]

 [[236 145]]

 [[237 145]]

 [[238 145]]

 [[239 145]]

 [[240 146]]

 [[241 147]]

 [[241 148]]

 [[241 149]]

 [[241 150]]

 [[241 151]]

 [[241 152]]

 [[242 153]]

 [[243 153]]

 [[244 153]]

 [[245 153]]

 [[246 152]]

 [[246 151]]

 [[247 150]]

 [[247 149]]

 [[247 148]]

 [[246 147]]

 [[246 146]]

 [[246 145]]

 [[245 145]]

 [[244 144]]

 [[243 144]]

 [[242 144]]

 [[241 144]]

 [[240 144]]

 [[239 143]]

 [[238 142]]

 [[237 142]]

 [[236 142]]

 [[235 141]]

 [[235 140]]

 [[235 139]]

 [[235 138]]

 [[234 138]]

 [[233 137]]

 [[232 137]]

 [[231 138]]

 [[230 137]]

 [[229 137]]

 [[228 137]]

 [[227 136]]

 [[226 135]]

 [[225 134]]

 [[225 133]]

 [[224 132]]

 [[224 131]]

 [[224 130]]

 [[224 129]]

 [[225 128]]

 [[226 127]]

 [[227 127]]

 [[227 126]]

 [[227 125]]

 [[228 124]]

 [[229 124]]

 [[230 125]]

 [[231 124]]

 [[232 124]]

 [[233 123]]

 [[233 122]]

 [[232 121]]

 [[231 120]]

 [[231 119]]

 [[231 118]]

 [[230 118]]]
[[[  0   0]]

 [[ 29 118]]

 [[ 29 119]]

 [[ 28 120]]

 [[ 29 121]]

 [[ 30 122]]

 [[ 29 123]]

 [[ 28 123]]

 [[ 27 124]]

 [[ 26 124]]

 [[ 25 124]]

 [[ 24 124]]

 [[ 23 125]]

 [[ 22 126]]

 [[ 22 127]]

 [[ 21 128]]

 [[ 20 129]]

 [[ 19 130]]

 [[ 18 131]]

 [[ 17 131]]

 [[ 16 131]]

 [[ 15 131]]

 [[ 14 131]]

 [[ 13 131]]

 [[ 12 131]]

 [[ 13 132]]

 [[ 14 133]]

 [[ 15 134]]

 [[ 15 135]]

 [[ 15 136]]

 [[ 15 137]]

 [[ 16 138]]

 [[ 15 139]]

 [[ 14 140]]

 [[ 13 140]]

 [[ 12 141]]

 [[ 12 142]]

 [[ 11 143]]

 [[ 10 144]]

 [[  9 145]]

 [[  8 145]]

 [[  7 145]]

 [[  8 146]]

 [[  8 147]]

 [[  8 148]]

 [[  8 149]]

 [[  8 150]]

 [[  8 151]]

 [[  9 151]]

 [[ 10 150]]

 [[ 11 149]]

 [[ 12 149]]

 [[ 13 149]]

 [[ 14 149]]

 [[ 15 150]]

 [[ 16 151]]

 [[ 17 152]]

 [[ 18 153]]

 [[ 19 154]]

 [[ 19 155]]

 [[ 20 156]]

 [[ 19 157]]

 [[ 19 158]]

 [[ 18 159]]

 [[ 17 160]]

 [[ 17 161]]

 [[ 16 162]]

 [[ 16 163]]

 [[ 15 164]]

 [[ 15 165]]

 [[ 15 166]]

 [[ 14 167]]

 [[ 13 167]]

 [[ 12 167]]

 [[ 11 166]]

 [[ 11 165]]

 [[ 11 164]]

 [[ 10 163]]

 [[  9 162]]

 [[  8 162]]

 [[  7 161]]

 [[  6 160]]

 [[  5 159]]

 [[  5 158]]

 [[  5 157]]

 [[  6 156]]

 [[  7 155]]

 [[  7 154]]

 [[  7 153]]

 [[  6 154]]

 [[  5 154]]

 [[  4 154]]

 [[  3 154]]

 [[  2 155]]

 [[  1 156]]

 [[  1 157]]

 [[  1 158]]

 [[  1 159]]

 [[  1 160]]

 [[  1 161]]

 [[  1 162]]

 [[  1 163]]

 [[  2 162]]

 [[  3 162]]

 [[  4 162]]

 [[  5 163]]

 [[  6 163]]

 [[  7 164]]

 [[  8 164]]

 [[  9 165]]

 [[ 10 165]]

 [[ 11 166]]

 [[ 11 167]]

 [[ 11 168]]

 [[ 10 169]]

 [[ 10 170]]

 [[  9 171]]

 [[  9 172]]

 [[  8 173]]

 [[  7 174]]

 [[  7 175]]

 [[  6 176]]

 [[  5 176]]

 [[  4 176]]

 [[  3 175]]

 [[  2 175]]

 [[  1 174]]

 [[  1 175]]

 [[  1 176]]

 [[  1 177]]

 [[  1 178]]

 [[  2 179]]

 [[  3 180]]

 [[  3 181]]

 [[  2 182]]

 [[  1 183]]

 [[  1 184]]

 [[  1 185]]

 [[  1 186]]

 [[  1 187]]

 [[  1 188]]

 [[  1 189]]

 [[  1 190]]

 [[  1 191]]

 [[  1 192]]

 [[  1 193]]

 [[  1 194]]

 [[  1 195]]

 [[  2 196]]

 [[  3 196]]

 [[  4 196]]

 [[  5 196]]

 [[  6 196]]

 [[  7 196]]

 [[  8 195]]

 [[  8 194]]

 [[  7 193]]

 [[  6 193]]

 [[  5 192]]

 [[  4 192]]

 [[  3 191]]

 [[  2 190]]

 [[  2 189]]

 [[  2 188]]

 [[  3 187]]

 [[  3 186]]

 [[  4 185]]

 [[  5 184]]

 [[  6 183]]

 [[  7 183]]

 [[  8 182]]

 [[  9 183]]

 [[ 10 184]]

 [[ 11 185]]

 [[ 12 185]]

 [[ 13 186]]

 [[ 14 187]]

 [[ 14 188]]

 [[ 14 189]]

 [[ 14 190]]

 [[ 13 191]]

 [[ 12 192]]

 [[ 12 193]]

 [[ 12 194]]

 [[ 13 194]]

 [[ 14 193]]

 [[ 15 193]]

 [[ 16 192]]

 [[ 17 192]]

 [[ 18 191]]

 [[ 19 191]]

 [[ 20 190]]

 [[ 21 190]]

 [[ 22 190]]

 [[ 23 190]]

 [[ 24 190]]

 [[ 25 190]]

 [[ 26 190]]

 [[ 27 191]]

 [[ 28 191]]

 [[ 29 192]]

 [[ 30 193]]

 [[ 30 194]]

 [[ 31 195]]

 [[ 32 194]]

 [[ 32 193]]

 [[ 32 192]]

 [[ 33 191]]

 [[ 34 190]]

 [[ 35 189]]

 [[ 36 188]]

 [[ 37 187]]

 [[ 38 186]]

 [[ 39 186]]

 [[ 40 186]]

 [[ 41 186]]

 [[ 42 186]]

 [[ 43 187]]

 [[ 44 187]]

 [[ 45 187]]

 [[ 46 187]]

 [[ 47 186]]

 [[ 46 185]]

 [[ 45 184]]

 [[ 44 184]]

 [[ 43 183]]

 [[ 42 183]]

 [[ 41 182]]

 [[ 41 181]]

 [[ 42 180]]

 [[ 42 179]]

 [[ 43 178]]

 [[ 44 177]]

 [[ 45 176]]

 [[ 46 175]]

 [[ 47 174]]

 [[ 48 174]]

 [[ 49 174]]

 [[ 50 174]]

 [[ 50 173]]

 [[ 51 172]]

 [[ 51 171]]

 [[ 51 170]]

 [[ 51 169]]

 [[ 51 168]]

 [[ 51 167]]

 [[ 51 166]]

 [[ 51 165]]

 [[ 51 164]]

 [[ 50 163]]

 [[ 51 162]]

 [[ 50 161]]

 [[ 50 160]]

 [[ 50 159]]

 [[ 50 158]]

 [[ 50 157]]

 [[ 50 156]]

 [[ 49 155]]

 [[ 49 154]]

 [[ 48 153]]

 [[ 47 152]]

 [[ 47 151]]

 [[ 46 150]]

 [[ 47 149]]

 [[ 47 148]]

 [[ 47 147]]

 [[ 47 146]]

 [[ 47 145]]

 [[ 47 144]]

 [[ 47 143]]

 [[ 46 144]]

 [[ 45 145]]

 [[ 44 146]]

 [[ 43 147]]

 [[ 42 147]]

 [[ 41 148]]

 [[ 40 148]]

 [[ 39 148]]

 [[ 38 148]]

 [[ 38 149]]

 [[ 38 150]]

 [[ 39 151]]

 [[ 39 152]]

 [[ 40 153]]

 [[ 39 154]]

 [[ 39 155]]

 [[ 38 156]]

 [[ 37 157]]

 [[ 37 158]]

 [[ 37 159]]

 [[ 36 160]]

 [[ 35 160]]

 [[ 34 160]]

 [[ 33 160]]

 [[ 32 160]]

 [[ 31 159]]

 [[ 30 158]]

 [[ 29 157]]

 [[ 28 157]]

 [[ 27 156]]

 [[ 26 155]]

 [[ 26 154]]

 [[ 26 153]]

 [[ 27 152]]

 [[ 27 151]]

 [[ 28 150]]

 [[ 28 149]]

 [[ 29 148]]

 [[ 29 147]]

 [[ 30 146]]

 [[ 31 146]]

 [[ 32 145]]

 [[ 33 145]]

 [[ 34 145]]

 [[ 35 145]]

 [[ 35 144]]

 [[ 34 143]]

 [[ 34 142]]

 [[ 34 141]]

 [[ 34 140]]

 [[ 35 139]]

 [[ 35 138]]

 [[ 36 137]]

 [[ 37 136]]

 [[ 38 135]]

 [[ 39 134]]

 [[ 40 133]]

 [[ 40 132]]

 [[ 39 132]]

 [[ 38 131]]

 [[ 37 130]]

 [[ 36 130]]

 [[ 37 131]]

 [[ 36 132]]

 [[ 36 133]]

 [[ 35 134]]

 [[ 35 135]]

 [[ 34 136]]

 [[ 34 137]]

 [[ 33 138]]

 [[ 33 139]]

 [[ 32 140]]

 [[ 31 140]]

 [[ 30 140]]

 [[ 29 140]]

 [[ 28 140]]

 [[ 27 140]]

 [[ 26 139]]

 [[ 25 139]]

 [[ 24 138]]

 [[ 23 137]]

 [[ 22 136]]

 [[ 22 135]]

 [[ 21 134]]

 [[ 21 133]]

 [[ 22 132]]

 [[ 22 131]]

 [[ 23 130]]

 [[ 23 129]]

 [[ 24 128]]

 [[ 25 127]]

 [[ 26 126]]

 [[ 27 126]]

 [[ 28 126]]

 [[ 29 126]]

 [[ 30 126]]

 [[ 31 126]]

 [[ 30 125]]

 [[ 30 124]]

 [[ 30 123]]

 [[ 30 122]]

 [[ 30 121]]

 [[ 30 120]]

 [[ 31 119]]

 [[ 31 118]]

 [[ 31 117]]]
[[[  0   0]]

 [[260 115]]

 [[259 116]]

 [[259 117]]

 [[259 118]]

 [[258 119]]

 [[257 120]]

 [[257 121]]

 [[256 122]]

 [[255 123]]

 [[255 124]]

 [[254 125]]

 [[253 126]]

 [[252 126]]

 [[252 127]]

 [[252 128]]

 [[252 129]]

 [[252 130]]

 [[252 131]]

 [[251 132]]

 [[251 133]]

 [[251 134]]

 [[250 135]]

 [[249 135]]

 [[248 136]]

 [[247 137]]

 [[246 138]]

 [[246 139]]

 [[246 140]]

 [[246 141]]

 [[246 142]]

 [[247 143]]

 [[248 143]]

 [[249 143]]

 [[250 143]]

 [[251 142]]

 [[252 141]]

 [[253 140]]

 [[253 139]]

 [[253 138]]

 [[253 137]]

 [[253 136]]

 [[253 135]]

 [[253 134]]

 [[253 133]]

 [[254 132]]

 [[254 131]]

 [[255 130]]

 [[256 130]]

 [[257 129]]

 [[258 129]]

 [[259 129]]

 [[258 128]]

 [[257 127]]

 [[257 126]]

 [[257 125]]

 [[258 124]]

 [[258 123]]

 [[258 122]]

 [[259 121]]

 [[260 120]]

 [[261 120]]

 [[262 120]]

 [[263 121]]

 [[264 121]]

 [[265 122]]

 [[266 122]]

 [[267 122]]

 [[268 122]]

 [[269 123]]

 [[270 124]]

 [[270 125]]

 [[270 126]]

 [[270 127]]

 [[269 128]]

 [[269 129]]

 [[268 130]]

 [[267 131]]

 [[266 132]]

 [[265 132]]

 [[264 132]]

 [[263 132]]

 [[263 133]]

 [[263 134]]

 [[263 135]]

 [[263 136]]

 [[263 137]]

 [[263 138]]

 [[264 139]]

 [[265 139]]

 [[266 139]]

 [[267 139]]

 [[268 138]]

 [[269 138]]

 [[269 137]]

 [[269 136]]

 [[269 135]]

 [[269 134]]

 [[268 133]]

 [[268 132]]

 [[269 131]]

 [[270 130]]

 [[271 130]]

 [[272 129]]

 [[273 128]]

 [[274 127]]

 [[274 126]]

 [[274 125]]

 [[274 124]]

 [[274 123]]

 [[274 122]]

 [[273 121]]

 [[272 121]]

 [[271 121]]

 [[270 121]]

 [[269 120]]

 [[268 120]]

 [[267 119]]

 [[266 118]]

 [[265 117]]

 [[265 116]]

 [[265 115]]

 [[265 114]]

 [[264 114]]

 [[263 114]]

 [[262 114]]]
[[[  0   0]]

 [[ 34  87]]

 [[ 33  88]]

 [[ 32  89]]

 [[ 31  88]]

 [[ 30  89]]

 [[ 29  89]]

 [[ 29  90]]

 [[ 29  91]]

 [[ 29  92]]

 [[ 28  93]]

 [[ 28  94]]

 [[ 27  95]]

 [[ 28  95]]

 [[ 29  95]]

 [[ 30  94]]

 [[ 31  94]]

 [[ 32  94]]

 [[ 33  93]]

 [[ 34  93]]

 [[ 35  94]]

 [[ 36  94]]

 [[ 37  95]]

 [[ 38  95]]

 [[ 39  96]]

 [[ 39  97]]

 [[ 39  98]]

 [[ 39  99]]

 [[ 40 100]]

 [[ 40 101]]

 [[ 39 102]]

 [[ 38 103]]

 [[ 37 104]]

 [[ 36 105]]

 [[ 35 106]]

 [[ 34 106]]

 [[ 33 106]]

 [[ 32 106]]

 [[ 31 105]]

 [[ 30 105]]

 [[ 29 104]]

 [[ 28 104]]

 [[ 27 103]]

 [[ 27 102]]

 [[ 26 101]]

 [[ 26 100]]

 [[ 26  99]]

 [[ 25  99]]

 [[ 24  99]]

 [[ 23  98]]

 [[ 22  98]]

 [[ 21  98]]

 [[ 20  98]]

 [[ 19  97]]

 [[ 18  98]]

 [[ 19  99]]

 [[ 19 100]]

 [[ 19 101]]

 [[ 19 102]]

 [[ 19 103]]

 [[ 19 104]]

 [[ 19 105]]

 [[ 20 106]]

 [[ 21 105]]

 [[ 22 105]]

 [[ 23 104]]

 [[ 24 104]]

 [[ 25 103]]

 [[ 26 103]]

 [[ 27 104]]

 [[ 28 105]]

 [[ 28 106]]

 [[ 29 107]]

 [[ 30 107]]

 [[ 31 108]]

 [[ 32 109]]

 [[ 32 110]]

 [[ 32 111]]

 [[ 33 112]]

 [[ 33 113]]

 [[ 33 114]]

 [[ 34 115]]

 [[ 35 115]]

 [[ 36 115]]

 [[ 37 114]]

 [[ 38 114]]

 [[ 39 114]]

 [[ 40 115]]

 [[ 41 115]]

 [[ 42 116]]

 [[ 42 117]]

 [[ 43 118]]

 [[ 43 119]]

 [[ 43 120]]

 [[ 43 121]]

 [[ 43 122]]

 [[ 43 123]]

 [[ 42 124]]

 [[ 42 125]]

 [[ 43 126]]

 [[ 43 127]]

 [[ 44 127]]

 [[ 45 127]]

 [[ 46 128]]

 [[ 46 129]]

 [[ 47 130]]

 [[ 47 131]]

 [[ 47 132]]

 [[ 48 133]]

 [[ 48 134]]

 [[ 48 135]]

 [[ 48 136]]

 [[ 48 137]]

 [[ 49 138]]

 [[ 49 139]]

 [[ 49 140]]

 [[ 48 141]]

 [[ 49 142]]

 [[ 50 142]]

 [[ 51 142]]

 [[ 52 142]]

 [[ 53 142]]

 [[ 54 142]]

 [[ 55 142]]

 [[ 56 142]]

 [[ 57 142]]

 [[ 58 142]]

 [[ 59 142]]

 [[ 60 142]]

 [[ 61 142]]

 [[ 62 142]]

 [[ 63 142]]

 [[ 64 142]]

 [[ 65 142]]

 [[ 66 142]]

 [[ 67 142]]

 [[ 68 142]]

 [[ 69 142]]

 [[ 70 142]]

 [[ 71 142]]

 [[ 72 141]]

 [[ 73 141]]

 [[ 74 141]]

 [[ 75 141]]

 [[ 76 141]]

 [[ 77 141]]

 [[ 78 141]]

 [[ 79 141]]

 [[ 80 141]]

 [[ 81 141]]

 [[ 82 141]]

 [[ 83 141]]

 [[ 84 141]]

 [[ 85 141]]

 [[ 86 140]]

 [[ 87 140]]

 [[ 88 140]]

 [[ 89 140]]

 [[ 90 140]]

 [[ 91 140]]

 [[ 92 140]]

 [[ 93 140]]

 [[ 94 140]]

 [[ 95 139]]

 [[ 96 139]]

 [[ 97 139]]

 [[ 98 138]]

 [[ 99 138]]

 [[100 138]]

 [[101 138]]

 [[102 137]]

 [[103 137]]

 [[104 137]]

 [[105 137]]

 [[106 136]]

 [[107 136]]

 [[108 135]]

 [[109 135]]

 [[110 135]]

 [[111 134]]

 [[112 134]]

 [[113 134]]

 [[114 133]]

 [[115 132]]

 [[116 132]]

 [[117 131]]

 [[118 131]]

 [[119 130]]

 [[120 129]]

 [[121 128]]

 [[122 127]]

 [[123 126]]

 [[123 125]]

 [[123 124]]

 [[123 123]]

 [[123 122]]

 [[123 121]]

 [[123 120]]

 [[122 119]]

 [[122 118]]

 [[123 117]]

 [[124 116]]

 [[125 115]]

 [[124 114]]

 [[124 113]]

 [[123 112]]

 [[122 113]]

 [[121 113]]

 [[120 114]]

 [[119 115]]

 [[118 116]]

 [[117 116]]

 [[116 117]]

 [[115 117]]

 [[114 117]]

 [[113 117]]

 [[112 118]]

 [[111 119]]

 [[110 119]]

 [[109 119]]

 [[108 119]]

 [[107 120]]

 [[106 120]]

 [[105 121]]

 [[104 121]]

 [[103 122]]

 [[102 122]]

 [[101 122]]

 [[100 122]]

 [[ 99 122]]

 [[ 98 122]]

 [[ 97 123]]

 [[ 96 123]]

 [[ 95 123]]

 [[ 94 124]]

 [[ 93 124]]

 [[ 92 124]]

 [[ 91 124]]

 [[ 90 124]]

 [[ 89 124]]

 [[ 88 124]]

 [[ 87 125]]

 [[ 86 125]]

 [[ 85 125]]

 [[ 84 125]]

 [[ 83 125]]

 [[ 82 125]]

 [[ 81 125]]

 [[ 80 126]]

 [[ 79 126]]

 [[ 78 126]]

 [[ 77 126]]

 [[ 76 126]]

 [[ 75 126]]

 [[ 74 126]]

 [[ 73 126]]

 [[ 72 126]]

 [[ 71 126]]

 [[ 70 126]]

 [[ 69 127]]

 [[ 68 127]]

 [[ 67 127]]

 [[ 66 127]]

 [[ 65 127]]

 [[ 64 127]]

 [[ 63 126]]

 [[ 62 126]]

 [[ 61 126]]

 [[ 60 126]]

 [[ 59 126]]

 [[ 58 126]]

 [[ 57 126]]

 [[ 56 126]]

 [[ 55 126]]

 [[ 54 126]]

 [[ 53 126]]

 [[ 52 126]]

 [[ 51 126]]

 [[ 50 126]]

 [[ 49 126]]

 [[ 48 126]]

 [[ 47 126]]

 [[ 46 126]]

 [[ 45 126]]

 [[ 44 125]]

 [[ 44 124]]

 [[ 44 123]]

 [[ 44 122]]

 [[ 44 121]]

 [[ 45 120]]

 [[ 45 119]]

 [[ 45 118]]

 [[ 46 117]]

 [[ 46 116]]

 [[ 45 115]]

 [[ 44 115]]

 [[ 43 114]]

 [[ 42 113]]

 [[ 42 112]]

 [[ 41 111]]

 [[ 42 110]]

 [[ 42 109]]

 [[ 43 108]]

 [[ 43 107]]

 [[ 43 106]]

 [[ 43 105]]

 [[ 44 104]]

 [[ 44 103]]

 [[ 44 102]]

 [[ 44 101]]

 [[ 44 100]]

 [[ 44  99]]

 [[ 43  98]]

 [[ 43  97]]

 [[ 43  96]]

 [[ 42  95]]

 [[ 41  94]]

 [[ 40  93]]

 [[ 40  92]]

 [[ 39  91]]

 [[ 38  90]]

 [[ 38  89]]

 [[ 37  88]]

 [[ 37  87]]

 [[ 37  86]]

 [[ 36  86]]]
[[[  0   0]]

 [[367  84]]

 [[366  85]]

 [[365  86]]

 [[365  87]]

 [[365  88]]

 [[365  89]]

 [[366  90]]

 [[367  91]]

 [[368  92]]

 [[369  93]]

 [[369  94]]

 [[370  95]]

 [[371  96]]

 [[371  97]]

 [[371  98]]

 [[370  99]]

 [[370 100]]

 [[370 101]]

 [[371 101]]

 [[372 102]]

 [[373 103]]

 [[374 104]]

 [[375 105]]

 [[375 106]]

 [[375 107]]

 [[375 108]]

 [[375 109]]

 [[376 110]]

 [[376 111]]

 [[377 112]]

 [[377 113]]

 [[377 114]]

 [[377 115]]

 [[377 116]]

 [[378 117]]

 [[379 118]]

 [[380 119]]

 [[381 119]]

 [[382 120]]

 [[383 121]]

 [[384 122]]

 [[385 122]]

 [[386 122]]

 [[387 123]]

 [[388 124]]

 [[389 124]]

 [[390 125]]

 [[391 125]]

 [[392 125]]

 [[393 125]]

 [[394 125]]

 [[395 126]]

 [[396 126]]

 [[397 126]]

 [[398 127]]

 [[399 127]]

 [[400 127]]

 [[401 127]]

 [[402 128]]

 [[403 128]]

 [[404 128]]

 [[405 128]]

 [[406 128]]

 [[407 128]]

 [[408 128]]

 [[409 128]]

 [[410 128]]

 [[411 128]]

 [[412 128]]

 [[413 128]]

 [[414 128]]

 [[415 128]]

 [[416 128]]

 [[417 128]]

 [[418 128]]

 [[419 128]]

 [[420 128]]

 [[421 127]]

 [[422 127]]

 [[423 126]]

 [[424 126]]

 [[425 125]]

 [[426 125]]

 [[427 124]]

 [[427 123]]

 [[428 122]]

 [[428 121]]

 [[428 120]]

 [[428 119]]

 [[428 118]]

 [[428 117]]

 [[428 116]]

 [[429 115]]

 [[429 114]]

 [[429 113]]

 [[429 112]]

 [[430 111]]

 [[430 110]]

 [[430 109]]

 [[429 109]]

 [[428 109]]

 [[427 110]]

 [[426 110]]

 [[425 111]]

 [[424 111]]

 [[423 111]]

 [[422 112]]

 [[421 112]]

 [[420 112]]

 [[419 112]]

 [[418 113]]

 [[417 113]]

 [[416 113]]

 [[415 113]]

 [[414 113]]

 [[413 113]]

 [[412 113]]

 [[411 113]]

 [[410 112]]

 [[409 112]]

 [[408 112]]

 [[407 112]]

 [[406 112]]

 [[405 111]]

 [[404 111]]

 [[403 111]]

 [[402 111]]

 [[401 111]]

 [[400 111]]

 [[399 110]]

 [[398 110]]

 [[397 110]]

 [[396 109]]

 [[395 109]]

 [[394 109]]

 [[393 109]]

 [[392 108]]

 [[391 108]]

 [[390 108]]

 [[389 107]]

 [[388 107]]

 [[387 107]]

 [[386 106]]

 [[385 106]]

 [[384 105]]

 [[383 105]]

 [[382 105]]

 [[381 104]]

 [[380 103]]

 [[379 102]]

 [[378 102]]

 [[377 102]]

 [[376 102]]

 [[375 101]]

 [[375 100]]

 [[374  99]]

 [[374  98]]

 [[374  97]]

 [[373  96]]

 [[373  95]]

 [[372  94]]

 [[372  93]]

 [[372  92]]

 [[372  91]]

 [[373  90]]

 [[373  89]]

 [[373  88]]

 [[373  87]]

 [[372  87]]

 [[371  86]]

 [[370  85]]

 [[370  84]]

 [[369  83]]

 [[368  83]]]
[[[  0   0]]

 [[129  66]]

 [[129  67]]

 [[129  68]]

 [[129  69]]

 [[129  70]]

 [[128  71]]

 [[127  72]]

 [[126  72]]

 [[125  72]]

 [[124  71]]

 [[125  70]]

 [[125  69]]

 [[124  68]]

 [[123  68]]

 [[122  68]]

 [[121  68]]

 [[120  68]]

 [[119  69]]

 [[119  70]]

 [[118  71]]

 [[117  72]]

 [[116  72]]

 [[115  72]]

 [[114  72]]

 [[113  71]]

 [[112  71]]

 [[111  71]]

 [[110  71]]

 [[109  70]]

 [[109  71]]

 [[109  72]]

 [[108  73]]

 [[107  73]]

 [[106  74]]

 [[105  74]]

 [[104  74]]

 [[103  74]]

 [[102  74]]

 [[101  74]]

 [[100  75]]

 [[ 99  75]]

 [[ 98  75]]

 [[ 97  75]]

 [[ 96  76]]

 [[ 95  77]]

 [[ 94  78]]

 [[ 93  77]]

 [[ 92  77]]

 [[ 91  77]]

 [[ 90  77]]

 [[ 89  77]]

 [[ 88  77]]

 [[ 87  77]]

 [[ 87  78]]

 [[ 87  79]]

 [[ 86  80]]

 [[ 85  81]]

 [[ 84  82]]

 [[ 83  82]]

 [[ 82  82]]

 [[ 81  81]]

 [[ 80  81]]

 [[ 79  80]]

 [[ 78  81]]

 [[ 77  81]]

 [[ 76  81]]

 [[ 75  82]]

 [[ 74  82]]

 [[ 73  82]]

 [[ 72  82]]

 [[ 71  82]]

 [[ 70  82]]

 [[ 69  82]]

 [[ 68  82]]

 [[ 67  82]]

 [[ 66  82]]

 [[ 65  82]]

 [[ 64  82]]

 [[ 63  82]]

 [[ 62  82]]

 [[ 61  82]]

 [[ 60  82]]

 [[ 59  82]]

 [[ 58  82]]

 [[ 57  82]]

 [[ 56  83]]

 [[ 55  83]]

 [[ 54  83]]

 [[ 53  83]]

 [[ 52  84]]

 [[ 51  83]]

 [[ 50  83]]

 [[ 49  83]]

 [[ 48  82]]

 [[ 48  83]]

 [[ 48  84]]

 [[ 47  85]]

 [[ 47  86]]

 [[ 48  87]]

 [[ 49  88]]

 [[ 50  88]]

 [[ 51  88]]

 [[ 52  88]]

 [[ 53  88]]

 [[ 54  88]]

 [[ 55  88]]

 [[ 56  88]]

 [[ 57  88]]

 [[ 58  88]]

 [[ 59  88]]

 [[ 60  88]]

 [[ 61  88]]

 [[ 62  88]]

 [[ 63  87]]

 [[ 64  87]]

 [[ 65  87]]

 [[ 66  87]]

 [[ 67  87]]

 [[ 68  87]]

 [[ 69  87]]

 [[ 70  87]]

 [[ 71  87]]

 [[ 72  87]]

 [[ 73  86]]

 [[ 74  86]]

 [[ 75  86]]

 [[ 76  86]]

 [[ 77  86]]

 [[ 78  86]]

 [[ 79  86]]

 [[ 80  86]]

 [[ 81  86]]

 [[ 82  86]]

 [[ 83  86]]

 [[ 83  85]]

 [[ 84  84]]

 [[ 85  84]]

 [[ 86  84]]

 [[ 87  84]]

 [[ 88  85]]

 [[ 89  85]]

 [[ 90  85]]

 [[ 91  85]]

 [[ 92  84]]

 [[ 93  84]]

 [[ 94  83]]

 [[ 95  83]]

 [[ 96  82]]

 [[ 97  82]]

 [[ 98  82]]

 [[ 99  82]]

 [[100  82]]

 [[101  82]]

 [[102  82]]

 [[103  81]]

 [[104  81]]

 [[105  80]]

 [[106  80]]

 [[107  79]]

 [[108  79]]

 [[109  79]]

 [[110  78]]

 [[111  77]]

 [[112  77]]

 [[113  76]]

 [[114  76]]

 [[115  76]]

 [[116  75]]

 [[117  76]]

 [[118  76]]

 [[119  76]]

 [[120  77]]

 [[121  78]]

 [[122  78]]

 [[123  77]]

 [[123  76]]

 [[124  75]]

 [[125  75]]

 [[126  75]]

 [[127  75]]

 [[128  75]]

 [[129  75]]

 [[130  75]]

 [[131  75]]

 [[132  75]]

 [[133  75]]

 [[134  75]]

 [[135  74]]

 [[136  74]]

 [[137  74]]

 [[138  74]]

 [[139  75]]

 [[140  76]]

 [[141  77]]

 [[142  78]]

 [[143  78]]

 [[143  77]]

 [[144  76]]

 [[144  75]]

 [[143  74]]

 [[144  73]]

 [[145  73]]

 [[146  73]]

 [[147  73]]

 [[148  73]]

 [[149  73]]

 [[150  73]]

 [[151  73]]

 [[152  73]]

 [[153  73]]

 [[154  73]]

 [[155  73]]

 [[156  73]]

 [[157  72]]

 [[158  73]]

 [[159  73]]

 [[160  74]]

 [[161  75]]

 [[162  76]]

 [[163  76]]

 [[164  76]]

 [[165  76]]

 [[165  75]]

 [[166  74]]

 [[167  73]]

 [[168  72]]

 [[169  72]]

 [[170  71]]

 [[171  70]]

 [[171  69]]

 [[170  69]]

 [[169  69]]

 [[168  68]]

 [[167  67]]

 [[166  66]]

 [[165  65]]

 [[164  65]]

 [[163  66]]

 [[162  67]]

 [[161  68]]

 [[160  68]]

 [[159  68]]

 [[158  68]]

 [[157  69]]

 [[156  69]]

 [[155  69]]

 [[154  68]]

 [[153  67]]

 [[152  67]]

 [[151  68]]

 [[150  68]]

 [[149  68]]

 [[148  68]]

 [[147  69]]

 [[146  69]]

 [[145  69]]

 [[144  70]]

 [[143  71]]

 [[142  71]]

 [[141  71]]

 [[140  71]]

 [[139  71]]

 [[138  71]]

 [[137  71]]

 [[136  71]]

 [[135  71]]

 [[134  71]]

 [[133  71]]

 [[132  71]]

 [[131  70]]

 [[131  69]]

 [[131  68]]

 [[131  67]]

 [[131  66]]

 [[131  65]]

 [[130  65]]]
[[[  0   0]]

 [[566  49]]

 [[566  50]]

 [[565  51]]

 [[564  52]]

 [[563  53]]

 [[562  53]]

 [[561  54]]

 [[561  55]]

 [[562  56]]

 [[562  57]]

 [[562  58]]

 [[562  59]]

 [[562  60]]

 [[562  61]]

 [[562  62]]

 [[562  63]]

 [[561  64]]

 [[561  65]]

 [[560  66]]

 [[560  67]]

 [[559  68]]

 [[559  69]]

 [[558  70]]

 [[558  71]]

 [[559  72]]

 [[559  73]]

 [[559  74]]

 [[558  75]]

 [[558  76]]

 [[557  77]]

 [[557  78]]

 [[556  79]]

 [[555  80]]

 [[555  81]]

 [[554  82]]

 [[553  83]]

 [[552  83]]

 [[551  84]]

 [[550  84]]

 [[549  85]]

 [[548  85]]

 [[547  85]]

 [[546  85]]

 [[545  85]]

 [[544  85]]

 [[543  86]]

 [[542  86]]

 [[541  86]]

 [[540  87]]

 [[539  87]]

 [[538  87]]

 [[537  87]]

 [[536  87]]

 [[535  87]]

 [[534  87]]

 [[533  87]]

 [[532  88]]

 [[531  88]]

 [[530  88]]

 [[529  88]]

 [[528  89]]

 [[527  90]]

 [[526  90]]

 [[525  90]]

 [[524  91]]

 [[523  91]]

 [[522  91]]

 [[521  91]]

 [[520  92]]

 [[519  92]]

 [[518  91]]

 [[517  90]]

 [[517  91]]

 [[516  92]]

 [[515  93]]

 [[514  92]]

 [[513  91]]

 [[513  90]]

 [[512  91]]

 [[511  92]]

 [[510  93]]

 [[509  93]]

 [[508  92]]

 [[509  91]]

 [[508  90]]

 [[507  91]]

 [[507  92]]

 [[507  93]]

 [[506  94]]

 [[505  94]]

 [[504  94]]

 [[503  93]]

 [[503  92]]

 [[503  91]]

 [[502  90]]

 [[502  89]]

 [[501  89]]

 [[500  89]]

 [[499  88]]

 [[499  87]]

 [[498  86]]

 [[497  85]]

 [[497  84]]

 [[498  83]]

 [[499  82]]

 [[499  81]]

 [[500  80]]

 [[500  79]]

 [[501  78]]

 [[502  78]]

 [[502  77]]

 [[502  76]]

 [[502  75]]

 [[502  74]]

 [[503  73]]

 [[503  72]]

 [[503  71]]

 [[503  70]]

 [[503  69]]

 [[503  68]]

 [[502  69]]

 [[501  68]]

 [[500  68]]

 [[499  68]]

 [[499  69]]

 [[498  70]]

 [[498  71]]

 [[498  72]]

 [[498  73]]

 [[498  74]]

 [[497  75]]

 [[497  76]]

 [[497  77]]

 [[497  78]]

 [[496  79]]

 [[496  80]]

 [[496  81]]

 [[496  82]]

 [[496  83]]

 [[496  84]]

 [[496  85]]

 [[495  86]]

 [[495  87]]

 [[496  88]]

 [[496  89]]

 [[495  90]]

 [[495  91]]

 [[494  92]]

 [[493  93]]

 [[492  94]]

 [[492  95]]

 [[492  96]]

 [[491  97]]

 [[491  98]]

 [[492  97]]

 [[493  98]]

 [[493  99]]

 [[494 100]]

 [[495 100]]

 [[495  99]]

 [[496  98]]

 [[497  97]]

 [[498  98]]

 [[499  99]]

 [[500  99]]

 [[501  98]]

 [[502  98]]

 [[503  98]]

 [[504  98]]

 [[505  97]]

 [[506  96]]

 [[507  95]]

 [[508  96]]

 [[509  97]]

 [[510  96]]

 [[511  96]]

 [[512  97]]

 [[513  97]]

 [[514  97]]

 [[515  97]]

 [[516  98]]

 [[517  98]]

 [[518  97]]

 [[518  96]]

 [[519  95]]

 [[520  95]]

 [[521  95]]

 [[522  95]]

 [[523  95]]

 [[524  95]]

 [[525  95]]

 [[526  95]]

 [[527  94]]

 [[528  94]]

 [[529  93]]

 [[530  92]]

 [[531  93]]

 [[532  93]]

 [[533  93]]

 [[534  93]]

 [[535  92]]

 [[536  92]]

 [[537  91]]

 [[538  91]]

 [[539  91]]

 [[540  91]]

 [[541  91]]

 [[542  91]]

 [[543  90]]

 [[544  90]]

 [[545  89]]

 [[546  89]]

 [[547  89]]

 [[548  89]]

 [[549  89]]

 [[550  90]]

 [[551  90]]

 [[552  90]]

 [[553  90]]

 [[554  89]]

 [[555  88]]

 [[556  87]]

 [[557  86]]

 [[557  85]]

 [[557  84]]

 [[556  83]]

 [[556  82]]

 [[556  81]]

 [[557  80]]

 [[557  79]]

 [[558  78]]

 [[558  77]]

 [[558  76]]

 [[559  75]]

 [[559  74]]

 [[559  73]]

 [[560  72]]

 [[560  71]]

 [[561  70]]

 [[561  69]]

 [[561  68]]

 [[561  67]]

 [[562  66]]

 [[562  65]]

 [[563  64]]

 [[563  63]]

 [[563  62]]

 [[564  61]]

 [[564  60]]

 [[564  59]]

 [[565  58]]

 [[566  57]]

 [[566  56]]

 [[567  55]]

 [[567  54]]

 [[567  53]]

 [[567  52]]

 [[568  51]]

 [[568  50]]

 [[569  49]]

 [[568  48]]]
[[[  0   0]]

 [[384  41]]

 [[384  42]]

 [[384  43]]

 [[385  43]]

 [[386  44]]

 [[386  45]]

 [[386  46]]

 [[385  47]]

 [[384  47]]

 [[383  48]]

 [[383  49]]

 [[383  50]]

 [[383  51]]

 [[383  52]]

 [[383  53]]

 [[383  54]]

 [[384  55]]

 [[383  56]]

 [[382  57]]

 [[381  56]]

 [[380  55]]

 [[380  54]]

 [[380  53]]

 [[379  53]]

 [[378  53]]

 [[377  53]]

 [[376  53]]

 [[375  54]]

 [[374  54]]

 [[373  54]]

 [[372  53]]

 [[372  52]]

 [[372  51]]

 [[372  52]]

 [[372  53]]

 [[371  54]]

 [[370  54]]

 [[369  54]]

 [[368  54]]

 [[367  54]]

 [[366  54]]

 [[365  53]]

 [[364  53]]

 [[363  53]]

 [[362  54]]

 [[361  54]]

 [[360  54]]

 [[359  54]]

 [[358  54]]

 [[357  54]]

 [[356  55]]

 [[355  55]]

 [[354  55]]

 [[353  55]]

 [[352  54]]

 [[351  53]]

 [[350  53]]

 [[349  54]]

 [[348  55]]

 [[347  55]]

 [[346  55]]

 [[345  55]]

 [[344  55]]

 [[343  55]]

 [[342  55]]

 [[341  55]]

 [[340  55]]

 [[339  54]]

 [[338  54]]

 [[337  54]]

 [[336  55]]

 [[335  56]]

 [[334  57]]

 [[334  58]]

 [[334  59]]

 [[334  60]]

 [[335  61]]

 [[336  62]]

 [[337  61]]

 [[338  61]]

 [[338  60]]

 [[339  59]]

 [[340  58]]

 [[341  57]]

 [[342  57]]

 [[343  57]]

 [[344  57]]

 [[345  57]]

 [[346  58]]

 [[347  59]]

 [[347  60]]

 [[348  61]]

 [[349  61]]

 [[350  60]]

 [[351  59]]

 [[351  58]]

 [[352  57]]

 [[353  57]]

 [[354  57]]

 [[355  57]]

 [[356  57]]

 [[357  57]]

 [[358  57]]

 [[359  58]]

 [[360  59]]

 [[361  60]]

 [[362  60]]

 [[363  60]]

 [[364  59]]

 [[365  59]]

 [[366  58]]

 [[367  57]]

 [[368  57]]

 [[369  56]]

 [[370  56]]

 [[371  56]]

 [[372  57]]

 [[373  58]]

 [[374  59]]

 [[374  60]]

 [[375  60]]

 [[376  60]]

 [[377  60]]

 [[378  60]]

 [[378  59]]

 [[379  58]]

 [[379  57]]

 [[380  56]]

 [[381  57]]

 [[381  58]]

 [[382  59]]

 [[382  60]]

 [[382  61]]

 [[381  62]]

 [[381  63]]

 [[380  64]]

 [[380  65]]

 [[380  66]]

 [[379  67]]

 [[379  68]]

 [[379  69]]

 [[379  70]]

 [[380  69]]

 [[381  69]]

 [[382  70]]

 [[383  71]]

 [[384  72]]

 [[383  73]]

 [[383  74]]

 [[382  75]]

 [[382  76]]

 [[381  77]]

 [[381  78]]

 [[380  79]]

 [[380  80]]

 [[379  81]]

 [[379  82]]

 [[380  83]]

 [[381  83]]

 [[382  83]]

 [[383  84]]

 [[383  85]]

 [[384  86]]

 [[385  86]]

 [[386  87]]

 [[387  87]]

 [[388  88]]

 [[389  88]]

 [[390  88]]

 [[391  89]]

 [[392  89]]

 [[393  89]]

 [[394  90]]

 [[395  90]]

 [[396  91]]

 [[397  91]]

 [[398  91]]

 [[399  92]]

 [[400  92]]

 [[401  92]]

 [[402  92]]

 [[403  92]]

 [[404  92]]

 [[405  93]]

 [[406  93]]

 [[407  93]]

 [[408  93]]

 [[409  93]]

 [[410  94]]

 [[411  94]]

 [[412  94]]

 [[413  94]]

 [[414  94]]

 [[415  94]]

 [[416  94]]

 [[417  94]]

 [[418  94]]

 [[419  94]]

 [[420  94]]

 [[421  94]]

 [[422  94]]

 [[423  94]]

 [[424  94]]

 [[425  93]]

 [[426  93]]

 [[427  93]]

 [[428  93]]

 [[429  92]]

 [[430  92]]

 [[431  92]]

 [[432  91]]

 [[432  90]]

 [[432  89]]

 [[432  88]]

 [[433  87]]

 [[433  86]]

 [[433  85]]

 [[434  84]]

 [[434  83]]

 [[434  82]]

 [[435  81]]

 [[435  80]]

 [[435  79]]

 [[436  78]]

 [[435  77]]

 [[435  76]]

 [[434  76]]

 [[433  77]]

 [[432  77]]

 [[431  77]]

 [[430  78]]

 [[429  78]]

 [[428  78]]

 [[427  78]]

 [[426  79]]

 [[425  79]]

 [[424  78]]

 [[423  78]]

 [[422  78]]

 [[421  78]]

 [[420  78]]

 [[419  78]]

 [[418  78]]

 [[417  78]]

 [[416  78]]

 [[415  78]]

 [[414  78]]

 [[413  78]]

 [[412  78]]

 [[411  77]]

 [[410  77]]

 [[409  77]]

 [[408  77]]

 [[407  76]]

 [[406  76]]

 [[405  76]]

 [[404  76]]

 [[403  75]]

 [[402  75]]

 [[401  75]]

 [[400  75]]

 [[399  75]]

 [[398  75]]

 [[397  75]]

 [[396  74]]

 [[395  74]]

 [[394  74]]

 [[393  74]]

 [[392  74]]

 [[391  73]]

 [[390  73]]

 [[389  72]]

 [[388  72]]

 [[387  71]]

 [[386  71]]

 [[385  70]]

 [[384  69]]

 [[384  68]]

 [[383  67]]

 [[384  66]]

 [[384  65]]

 [[384  64]]

 [[385  63]]

 [[384  62]]

 [[384  61]]

 [[383  60]]

 [[383  59]]

 [[383  58]]

 [[383  57]]

 [[384  56]]

 [[385  55]]

 [[386  55]]

 [[387  54]]

 [[387  53]]

 [[388  52]]

 [[388  51]]

 [[389  50]]

 [[389  49]]

 [[388  48]]

 [[388  47]]

 [[388  46]]

 [[388  45]]

 [[388  44]]

 [[388  43]]

 [[388  42]]

 [[387  41]]

 [[386  40]]]
[[[  0   0]]

 [[396  39]]

 [[396  40]]

 [[395  41]]

 [[394  41]]

 [[393  42]]

 [[392  42]]

 [[392  43]]

 [[392  44]]

 [[393  45]]

 [[394  46]]

 [[394  47]]

 [[394  48]]

 [[394  49]]

 [[393  50]]

 [[392  51]]

 [[392  52]]

 [[392  53]]

 [[393  53]]

 [[394  53]]

 [[395  53]]

 [[396  53]]

 [[397  54]]

 [[398  55]]

 [[399  55]]

 [[400  56]]

 [[400  57]]

 [[401  57]]

 [[402  57]]

 [[403  56]]

 [[404  55]]

 [[405  55]]

 [[406  55]]

 [[407  55]]

 [[408  55]]

 [[409  56]]

 [[410  56]]

 [[411  56]]

 [[412  56]]

 [[413  56]]

 [[414  56]]

 [[415  56]]

 [[416  57]]

 [[417  57]]

 [[418  57]]

 [[419  56]]

 [[420  56]]

 [[421  56]]

 [[422  56]]

 [[423  56]]

 [[424  56]]

 [[425  56]]

 [[426  57]]

 [[427  57]]

 [[428  57]]

 [[429  57]]

 [[430  57]]

 [[431  56]]

 [[432  56]]

 [[433  56]]

 [[434  56]]

 [[435  56]]

 [[436  56]]

 [[437  55]]

 [[438  55]]

 [[439  55]]

 [[439  54]]

 [[439  53]]

 [[439  52]]

 [[438  52]]

 [[437  51]]

 [[436  52]]

 [[435  52]]

 [[434  51]]

 [[433  51]]

 [[432  51]]

 [[431  52]]

 [[430  52]]

 [[429  52]]

 [[428  52]]

 [[427  53]]

 [[426  53]]

 [[425  53]]

 [[424  53]]

 [[423  53]]

 [[422  53]]

 [[421  53]]

 [[420  53]]

 [[419  53]]

 [[418  52]]

 [[417  52]]

 [[416  52]]

 [[415  51]]

 [[414  51]]

 [[413  50]]

 [[412  50]]

 [[411  51]]

 [[410  51]]

 [[409  51]]

 [[408  51]]

 [[407  51]]

 [[406  50]]

 [[405  50]]

 [[404  50]]

 [[403  50]]

 [[402  50]]

 [[401  50]]

 [[400  50]]

 [[399  50]]

 [[398  50]]

 [[397  49]]

 [[397  48]]

 [[396  47]]

 [[395  46]]

 [[395  45]]

 [[395  44]]

 [[394  43]]

 [[395  42]]

 [[396  41]]

 [[397  40]]

 [[398  39]]

 [[398  38]]]
[[[  0   0]]

 [[285  37]]

 [[284  38]]

 [[283  39]]

 [[282  39]]

 [[281  40]]

 [[280  40]]

 [[279  41]]

 [[279  42]]

 [[279  43]]

 [[278  44]]

 [[277  45]]

 [[276  45]]

 [[275  45]]

 [[275  46]]

 [[275  47]]

 [[274  48]]

 [[273  49]]

 [[272  50]]

 [[272  51]]

 [[273  52]]

 [[273  53]]

 [[273  54]]

 [[273  55]]

 [[272  56]]

 [[271  57]]

 [[270  58]]

 [[269  58]]

 [[268  58]]

 [[267  58]]

 [[266  58]]

 [[265  58]]

 [[264  58]]

 [[263  58]]

 [[262  59]]

 [[261  59]]

 [[260  59]]

 [[259  58]]

 [[259  57]]

 [[258  56]]

 [[258  55]]

 [[258  54]]

 [[259  53]]

 [[258  52]]

 [[258  51]]

 [[258  50]]

 [[258  49]]

 [[257  49]]

 [[257  50]]

 [[256  51]]

 [[255  52]]

 [[255  53]]

 [[256  54]]

 [[257  55]]

 [[257  56]]

 [[257  57]]

 [[256  58]]

 [[255  59]]

 [[254  59]]

 [[253  60]]

 [[252  60]]

 [[251  60]]

 [[250  60]]

 [[249  60]]

 [[248  60]]

 [[247  60]]

 [[246  60]]

 [[245  60]]

 [[244  60]]

 [[243  59]]

 [[242  59]]

 [[241  59]]

 [[240  60]]

 [[239  61]]

 [[238  61]]

 [[237  62]]

 [[237  63]]

 [[237  64]]

 [[236  65]]

 [[235  64]]

 [[234  64]]

 [[233  64]]

 [[232  64]]

 [[231  64]]

 [[230  63]]

 [[229  62]]

 [[228  62]]

 [[227  61]]

 [[226  60]]

 [[225  60]]

 [[224  60]]

 [[224  61]]

 [[223  62]]

 [[222  63]]

 [[221  63]]

 [[220  64]]

 [[220  65]]

 [[219  66]]

 [[220  67]]

 [[221  68]]

 [[222  69]]

 [[223  70]]

 [[224  71]]

 [[225  71]]

 [[225  70]]

 [[226  69]]

 [[227  68]]

 [[228  68]]

 [[229  67]]

 [[230  67]]

 [[231  66]]

 [[232  66]]

 [[233  66]]

 [[234  66]]

 [[235  65]]

 [[236  65]]

 [[237  65]]

 [[238  66]]

 [[239  67]]

 [[239  68]]

 [[240  68]]

 [[241  69]]

 [[242  69]]

 [[243  68]]

 [[243  67]]

 [[244  66]]

 [[244  65]]

 [[245  64]]

 [[246  63]]

 [[247  63]]

 [[248  63]]

 [[249  63]]

 [[250  63]]

 [[251  63]]

 [[252  63]]

 [[253  63]]

 [[254  64]]

 [[254  65]]

 [[255  66]]

 [[256  67]]

 [[257  67]]

 [[258  67]]

 [[258  66]]

 [[259  65]]

 [[260  64]]

 [[260  63]]

 [[261  62]]

 [[262  61]]

 [[263  61]]

 [[264  61]]

 [[265  61]]

 [[266  61]]

 [[267  61]]

 [[268  61]]

 [[269  61]]

 [[270  62]]

 [[271  63]]

 [[272  64]]

 [[273  65]]

 [[274  65]]

 [[275  64]]

 [[276  63]]

 [[277  62]]

 [[278  61]]

 [[279  60]]

 [[280  60]]

 [[281  59]]

 [[282  59]]

 [[283  59]]

 [[284  59]]

 [[285  60]]

 [[286  61]]

 [[287  62]]

 [[288  62]]

 [[289  63]]

 [[290  64]]

 [[290  65]]

 [[291  66]]

 [[290  67]]

 [[290  68]]

 [[289  69]]

 [[288  69]]

 [[287  69]]

 [[286  68]]

 [[285  68]]

 [[285  69]]

 [[286  69]]

 [[287  70]]

 [[288  70]]

 [[289  71]]

 [[289  72]]

 [[289  73]]

 [[288  74]]

 [[289  75]]

 [[290  76]]

 [[291  77]]

 [[291  78]]

 [[292  78]]

 [[292  77]]

 [[292  76]]

 [[291  75]]

 [[291  74]]

 [[290  73]]

 [[290  72]]

 [[291  71]]

 [[292  70]]

 [[293  70]]

 [[294  69]]

 [[293  68]]

 [[292  67]]

 [[291  66]]

 [[292  65]]

 [[292  64]]

 [[292  63]]

 [[292  62]]

 [[291  62]]

 [[290  61]]

 [[291  60]]

 [[292  60]]

 [[293  60]]

 [[294  61]]

 [[295  61]]

 [[296  61]]

 [[297  61]]

 [[298  61]]

 [[299  60]]

 [[300  59]]

 [[301  59]]

 [[302  59]]

 [[303  59]]

 [[304  60]]

 [[305  61]]

 [[306  62]]

 [[306  63]]

 [[307  63]]

 [[307  62]]

 [[307  61]]

 [[308  60]]

 [[309  60]]

 [[310  60]]

 [[311  60]]

 [[312  60]]

 [[313  60]]

 [[314  59]]

 [[315  59]]

 [[316  59]]

 [[317  58]]

 [[318  58]]

 [[319  59]]

 [[320  59]]

 [[321  60]]

 [[322  61]]

 [[322  62]]

 [[323  62]]

 [[324  62]]

 [[325  61]]

 [[326  60]]

 [[327  59]]

 [[327  58]]

 [[327  57]]

 [[326  56]]

 [[326  55]]

 [[326  54]]

 [[325  53]]

 [[324  53]]

 [[323  52]]

 [[323  51]]

 [[322  50]]

 [[322  51]]

 [[322  52]]

 [[323  53]]

 [[323  54]]

 [[322  55]]

 [[322  56]]

 [[322  57]]

 [[322  58]]

 [[321  59]]

 [[320  59]]

 [[319  58]]

 [[319  57]]

 [[318  56]]

 [[318  55]]

 [[317  55]]

 [[316  56]]

 [[315  57]]

 [[314  57]]

 [[313  56]]

 [[312  55]]

 [[311  54]]

 [[311  53]]

 [[311  52]]

 [[311  51]]

 [[311  50]]

 [[310  49]]

 [[309  50]]

 [[308  50]]

 [[307  50]]

 [[306  50]]

 [[306  51]]

 [[306  52]]

 [[306  53]]

 [[306  54]]

 [[305  55]]

 [[305  56]]

 [[304  57]]

 [[303  57]]

 [[302  57]]

 [[301  57]]

 [[300  58]]

 [[299  59]]

 [[298  59]]

 [[297  59]]

 [[296  58]]

 [[296  57]]

 [[296  56]]

 [[295  55]]

 [[295  54]]

 [[295  53]]

 [[295  52]]

 [[296  51]]

 [[296  50]]

 [[295  49]]

 [[295  48]]

 [[294  47]]

 [[295  46]]

 [[295  45]]

 [[296  44]]

 [[297  44]]

 [[298  44]]

 [[299  44]]

 [[300  43]]

 [[301  43]]

 [[301  42]]

 [[301  41]]

 [[300  41]]

 [[299  41]]

 [[298  40]]

 [[297  41]]

 [[297  42]]

 [[296  43]]

 [[296  44]]

 [[295  45]]

 [[294  45]]

 [[293  46]]

 [[293  47]]

 [[292  48]]

 [[291  48]]

 [[290  49]]

 [[289  49]]

 [[289  50]]

 [[289  51]]

 [[289  52]]

 [[290  53]]

 [[289  54]]

 [[288  55]]

 [[287  56]]

 [[286  56]]

 [[285  57]]

 [[284  57]]

 [[283  57]]

 [[282  57]]

 [[281  57]]

 [[280  57]]

 [[279  57]]

 [[278  57]]

 [[277  57]]

 [[276  56]]

 [[276  55]]

 [[276  54]]

 [[276  53]]

 [[276  52]]

 [[277  51]]

 [[277  50]]

 [[277  49]]

 [[277  48]]

 [[277  47]]

 [[277  46]]

 [[277  45]]

 [[278  44]]

 [[279  44]]

 [[280  44]]

 [[281  44]]

 [[282  44]]

 [[283  43]]

 [[284  43]]

 [[285  42]]

 [[286  42]]

 [[287  41]]

 [[288  40]]

 [[288  39]]

 [[288  38]]

 [[287  37]]]
[[[ 0  0]]

 [[65 19]]

 [[64 20]]

 [[64 21]]

 [[64 22]]

 [[64 23]]

 [[64 24]]

 [[63 25]]

 [[62 25]]

 [[61 26]]

 [[60 26]]

 [[59 26]]

 [[58 26]]

 [[57 25]]

 [[56 25]]

 [[55 25]]

 [[54 24]]

 [[53 24]]

 [[52 24]]

 [[51 24]]

 [[50 24]]

 [[49 23]]

 [[48 23]]

 [[47 23]]

 [[46 23]]

 [[45 23]]

 [[44 23]]

 [[43 23]]

 [[42 23]]

 [[41 24]]

 [[41 25]]

 [[40 26]]

 [[40 27]]

 [[40 28]]

 [[39 29]]

 [[38 29]]

 [[37 30]]

 [[36 30]]

 [[35 30]]

 [[34 30]]

 [[33 29]]

 [[32 28]]

 [[31 27]]

 [[30 26]]

 [[29 26]]

 [[28 26]]

 [[27 26]]

 [[26 25]]

 [[25 26]]

 [[24 25]]

 [[23 25]]

 [[22 25]]

 [[21 25]]

 [[20 25]]

 [[19 26]]

 [[18 26]]

 [[18 27]]

 [[17 28]]

 [[17 29]]

 [[17 30]]

 [[16 31]]

 [[16 32]]

 [[15 33]]

 [[14 33]]

 [[13 33]]

 [[12 32]]

 [[11 31]]

 [[10 30]]

 [[ 9 29]]

 [[ 8 29]]

 [[ 7 28]]

 [[ 6 28]]

 [[ 5 28]]

 [[ 4 27]]

 [[ 3 28]]

 [[ 2 28]]

 [[ 1 28]]

 [[ 1 29]]

 [[ 1 30]]

 [[ 1 31]]

 [[ 1 32]]

 [[ 2 32]]

 [[ 3 31]]

 [[ 4 32]]

 [[ 5 32]]

 [[ 6 33]]

 [[ 7 33]]

 [[ 8 34]]

 [[ 9 34]]

 [[10 34]]

 [[11 34]]

 [[12 34]]

 [[13 34]]

 [[14 34]]

 [[15 35]]

 [[15 36]]

 [[14 37]]

 [[13 38]]

 [[12 38]]

 [[11 38]]

 [[11 39]]

 [[11 40]]

 [[12 41]]

 [[13 40]]

 [[14 40]]

 [[15 40]]

 [[16 40]]

 [[17 41]]

 [[18 41]]

 [[19 41]]

 [[20 42]]

 [[21 42]]

 [[22 41]]

 [[21 40]]

 [[20 39]]

 [[19 38]]

 [[19 37]]

 [[19 36]]

 [[20 35]]

 [[20 34]]

 [[20 33]]

 [[21 32]]

 [[22 31]]

 [[23 30]]

 [[23 29]]

 [[24 28]]

 [[25 28]]

 [[26 28]]

 [[27 29]]

 [[28 29]]

 [[29 30]]

 [[30 31]]

 [[31 31]]

 [[32 32]]

 [[32 33]]

 [[33 34]]

 [[33 35]]

 [[33 36]]

 [[32 37]]

 [[32 38]]

 [[32 39]]

 [[32 40]]

 [[33 39]]

 [[34 38]]

 [[35 38]]

 [[36 37]]

 [[37 37]]

 [[38 37]]

 [[39 38]]

 [[40 38]]

 [[41 39]]

 [[42 40]]

 [[43 40]]

 [[44 41]]

 [[45 41]]

 [[46 42]]

 [[46 43]]

 [[46 44]]

 [[46 45]]

 [[46 46]]

 [[46 47]]

 [[45 48]]

 [[44 49]]

 [[43 49]]

 [[42 49]]

 [[41 49]]

 [[40 50]]

 [[39 51]]

 [[39 52]]

 [[39 53]]

 [[39 54]]

 [[39 55]]

 [[39 56]]

 [[38 57]]

 [[37 57]]

 [[36 58]]

 [[36 59]]

 [[37 59]]

 [[38 59]]

 [[39 58]]

 [[39 57]]

 [[40 56]]

 [[41 56]]

 [[42 55]]

 [[43 54]]

 [[43 53]]

 [[44 52]]

 [[44 51]]

 [[44 50]]

 [[44 49]]

 [[45 48]]

 [[46 48]]

 [[47 47]]

 [[48 47]]

 [[49 46]]

 [[50 46]]

 [[51 47]]

 [[52 47]]

 [[53 47]]

 [[54 47]]

 [[55 48]]

 [[56 49]]

 [[56 50]]

 [[56 51]]

 [[57 52]]

 [[57 53]]

 [[58 54]]

 [[58 55]]

 [[58 56]]

 [[58 55]]

 [[58 54]]

 [[59 53]]

 [[60 53]]

 [[61 53]]

 [[62 53]]

 [[63 52]]

 [[64 52]]

 [[65 52]]

 [[65 51]]

 [[66 50]]

 [[66 49]]

 [[67 48]]

 [[67 47]]

 [[68 46]]

 [[68 45]]

 [[69 44]]

 [[69 43]]

 [[70 42]]

 [[71 43]]

 [[72 44]]

 [[72 45]]

 [[73 45]]

 [[73 44]]

 [[73 43]]

 [[73 42]]

 [[73 41]]

 [[73 40]]

 [[73 39]]

 [[72 38]]

 [[71 38]]

 [[70 38]]

 [[69 37]]

 [[68 36]]

 [[67 35]]

 [[66 34]]

 [[66 33]]

 [[65 33]]

 [[64 32]]

 [[64 31]]

 [[64 30]]

 [[64 29]]

 [[64 28]]

 [[65 27]]

 [[65 26]]

 [[66 25]]

 [[67 24]]

 [[68 23]]

 [[69 23]]

 [[70 23]]

 [[71 23]]

 [[72 23]]

 [[73 23]]

 [[74 23]]

 [[73 22]]

 [[73 21]]

 [[73 20]]

 [[72 19]]

 [[71 18]]

 [[70 18]]

 [[69 18]]

 [[68 18]]

 [[67 18]]]
[[[ 0  0]]

 [[47 27]]

 [[48 27]]

 [[49 27]]

 [[50 27]]

 [[51 27]]

 [[52 28]]

 [[53 28]]

 [[54 29]]

 [[55 30]]

 [[56 31]]

 [[57 32]]

 [[58 32]]

 [[59 32]]

 [[60 32]]

 [[61 32]]

 [[62 32]]

 [[63 33]]

 [[63 34]]

 [[64 35]]

 [[64 36]]

 [[65 37]]

 [[66 38]]

 [[67 38]]

 [[68 39]]

 [[68 40]]

 [[68 41]]

 [[68 42]]

 [[67 43]]

 [[67 44]]

 [[66 45]]

 [[65 46]]

 [[64 47]]

 [[63 48]]

 [[62 49]]

 [[61 49]]

 [[60 49]]

 [[59 49]]

 [[58 49]]

 [[57 48]]

 [[56 48]]

 [[55 47]]

 [[54 46]]

 [[53 46]]

 [[52 46]]

 [[51 45]]

 [[50 44]]

 [[50 43]]

 [[51 42]]

 [[52 41]]

 [[53 41]]

 [[54 40]]

 [[54 39]]

 [[55 38]]

 [[55 37]]

 [[55 36]]

 [[55 35]]

 [[55 34]]

 [[54 34]]

 [[54 35]]

 [[54 36]]

 [[53 37]]

 [[53 38]]

 [[52 39]]

 [[51 40]]

 [[50 41]]

 [[49 41]]

 [[48 40]]

 [[47 40]]

 [[46 39]]

 [[45 38]]

 [[44 37]]

 [[43 37]]

 [[42 37]]

 [[41 36]]

 [[40 36]]

 [[39 35]]

 [[39 34]]

 [[39 33]]

 [[39 32]]

 [[40 31]]

 [[41 31]]

 [[42 30]]

 [[43 29]]

 [[44 28]]

 [[45 28]]]
[[[  0   0]]

 [[112  16]]

 [[111  16]]

 [[110  16]]

 [[109  16]]

 [[108  16]]

 [[107  16]]

 [[106  16]]

 [[105  16]]

 [[104  17]]

 [[103  17]]

 [[102  17]]

 [[101  17]]

 [[100  17]]

 [[ 99  17]]

 [[ 98  17]]

 [[ 97  17]]

 [[ 96  17]]

 [[ 95  17]]

 [[ 94  17]]

 [[ 93  18]]

 [[ 92  17]]

 [[ 91  17]]

 [[ 90  16]]

 [[ 89  16]]

 [[ 88  17]]

 [[ 88  18]]

 [[ 88  19]]

 [[ 88  20]]

 [[ 87  21]]

 [[ 86  22]]

 [[ 85  23]]

 [[ 84  23]]

 [[ 83  24]]

 [[ 82  24]]

 [[ 81  24]]

 [[ 80  24]]

 [[ 79  23]]

 [[ 78  22]]

 [[ 77  22]]

 [[ 77  23]]

 [[ 77  24]]

 [[ 77  25]]

 [[ 77  26]]

 [[ 77  27]]

 [[ 78  28]]

 [[ 78  29]]

 [[ 78  30]]

 [[ 78  31]]

 [[ 78  32]]

 [[ 78  33]]

 [[ 78  34]]

 [[ 78  35]]

 [[ 79  34]]

 [[ 80  33]]

 [[ 81  32]]

 [[ 82  32]]

 [[ 83  32]]

 [[ 84  32]]

 [[ 85  33]]

 [[ 86  33]]

 [[ 87  33]]

 [[ 87  32]]

 [[ 87  31]]

 [[ 87  30]]

 [[ 86  29]]

 [[ 86  28]]

 [[ 86  27]]

 [[ 86  26]]

 [[ 87  25]]

 [[ 88  24]]

 [[ 89  23]]

 [[ 90  23]]

 [[ 91  23]]

 [[ 92  23]]

 [[ 93  24]]

 [[ 94  24]]

 [[ 95  24]]

 [[ 96  24]]

 [[ 97  24]]

 [[ 98  24]]

 [[ 99  24]]

 [[100  25]]

 [[101  26]]

 [[101  27]]

 [[101  28]]

 [[101  29]]

 [[100  30]]

 [[ 99  31]]

 [[ 98  31]]

 [[ 97  32]]

 [[ 96  33]]

 [[ 95  34]]

 [[ 95  35]]

 [[ 94  36]]

 [[ 93  36]]

 [[ 92  37]]

 [[ 92  38]]

 [[ 92  39]]

 [[ 91  40]]

 [[ 91  41]]

 [[ 90  42]]

 [[ 91  43]]

 [[ 92  43]]

 [[ 93  43]]

 [[ 94  42]]

 [[ 95  43]]

 [[ 96  43]]

 [[ 97  43]]

 [[ 98  43]]

 [[ 99  43]]

 [[100  43]]

 [[101  43]]

 [[101  42]]

 [[102  41]]

 [[101  41]]

 [[100  40]]

 [[ 99  39]]

 [[ 98  38]]

 [[ 99  37]]

 [[100  36]]

 [[101  35]]

 [[101  34]]

 [[102  33]]

 [[102  32]]

 [[103  31]]

 [[103  30]]

 [[102  29]]

 [[102  28]]

 [[102  27]]

 [[103  26]]

 [[103  25]]

 [[104  24]]

 [[105  24]]

 [[106  24]]

 [[107  23]]

 [[108  23]]

 [[109  23]]

 [[110  23]]

 [[111  23]]

 [[112  22]]

 [[113  22]]

 [[114  22]]

 [[115  22]]

 [[116  22]]

 [[116  21]]

 [[116  20]]

 [[116  19]]

 [[116  18]]

 [[116  17]]

 [[116  16]]

 [[115  15]]

 [[114  15]]]
