[[[  0   0]]

 [[ 73 103]]

 [[ 72 104]]

 [[ 71 104]]

 [[ 72 105]]

 [[ 73 105]]

 [[ 74 106]]

 [[ 75 106]]

 [[ 76 106]]

 [[ 77 106]]

 [[ 78 106]]

 [[ 79 106]]

 [[ 80 107]]

 [[ 81 108]]

 [[ 82 109]]

 [[ 83 110]]

 [[ 84 110]]

 [[ 85 111]]

 [[ 86 111]]

 [[ 87 112]]

 [[ 88 113]]

 [[ 88 114]]

 [[ 88 115]]

 [[ 89 116]]

 [[ 90 117]]

 [[ 89 118]]

 [[ 90 119]]

 [[ 90 120]]

 [[ 91 121]]

 [[ 92 122]]

 [[ 92 123]]

 [[ 91 124]]

 [[ 90 125]]

 [[ 89 126]]

 [[ 88 127]]

 [[ 87 128]]

 [[ 86 129]]

 [[ 87 130]]

 [[ 88 130]]

 [[ 89 130]]

 [[ 90 129]]

 [[ 91 128]]

 [[ 92 128]]

 [[ 93 128]]

 [[ 94 129]]

 [[ 95 129]]

 [[ 96 130]]

 [[ 97 131]]

 [[ 97 132]]

 [[ 98 133]]

 [[ 98 134]]

 [[ 98 135]]

 [[ 98 136]]

 [[ 98 137]]

 [[ 98 138]]

 [[ 98 139]]

 [[ 98 140]]

 [[ 99 141]]

 [[ 99 142]]

 [[ 99 143]]

 [[100 144]]

 [[100 145]]

 [[100 146]]

 [[100 147]]

 [[101 148]]

 [[101 149]]

 [[101 150]]

 [[102 151]]

 [[102 152]]

 [[102 153]]

 [[102 154]]

 [[102 155]]

 [[102 156]]

 [[102 157]]

 [[103 158]]

 [[103 159]]

 [[103 160]]

 [[103 161]]

 [[103 162]]

 [[103 163]]

 [[103 164]]

 [[102 165]]

 [[102 166]]

 [[101 167]]

 [[101 168]]

 [[100 169]]

 [[100 170]]

 [[ 99 171]]

 [[ 99 172]]

 [[ 99 173]]

 [[ 99 174]]

 [[ 99 175]]

 [[ 98 176]]

 [[ 97 177]]

 [[ 96 177]]

 [[ 95 177]]

 [[ 94 177]]

 [[ 93 177]]

 [[ 92 178]]

 [[ 91 178]]

 [[ 90 178]]

 [[ 89 178]]

 [[ 88 178]]

 [[ 87 179]]

 [[ 86 180]]

 [[ 85 180]]

 [[ 84 181]]

 [[ 83 181]]

 [[ 82 182]]

 [[ 81 182]]

 [[ 80 183]]

 [[ 79 182]]

 [[ 78 183]]

 [[ 77 183]]

 [[ 76 183]]

 [[ 75 184]]

 [[ 74 183]]

 [[ 73 182]]

 [[ 72 182]]

 [[ 71 182]]

 [[ 71 183]]

 [[ 70 184]]

 [[ 69 184]]

 [[ 68 184]]

 [[ 67 184]]

 [[ 66 184]]

 [[ 65 184]]

 [[ 64 185]]

 [[ 63 186]]

 [[ 62 186]]

 [[ 61 187]]

 [[ 60 187]]

 [[ 59 187]]

 [[ 58 188]]

 [[ 58 189]]

 [[ 57 190]]

 [[ 56 191]]

 [[ 55 191]]

 [[ 54 191]]

 [[ 53 192]]

 [[ 52 192]]

 [[ 51 192]]

 [[ 50 192]]

 [[ 49 192]]

 [[ 48 193]]

 [[ 47 194]]

 [[ 46 194]]

 [[ 45 195]]

 [[ 44 195]]

 [[ 43 195]]

 [[ 42 195]]

 [[ 41 196]]

 [[ 40 196]]

 [[ 39 195]]

 [[ 38 196]]

 [[ 37 196]]

 [[ 36 196]]

 [[ 35 195]]

 [[ 34 195]]

 [[ 33 196]]

 [[ 32 197]]

 [[ 31 198]]

 [[ 30 199]]

 [[ 29 200]]

 [[ 28 200]]

 [[ 27 201]]

 [[ 26 202]]

 [[ 25 202]]

 [[ 24 203]]

 [[ 23 203]]

 [[ 22 203]]

 [[ 21 204]]

 [[ 20 204]]

 [[ 19 204]]

 [[ 18 204]]

 [[ 17 205]]

 [[ 16 206]]

 [[ 15 206]]

 [[ 14 207]]

 [[ 13 208]]

 [[ 12 208]]

 [[ 11 208]]

 [[ 10 209]]

 [[  9 210]]

 [[  8 210]]

 [[  7 210]]

 [[  6 209]]

 [[  5 209]]

 [[  4 209]]

 [[  3 209]]

 [[  2 208]]

 [[  1 208]]

 [[  1 209]]

 [[  1 210]]

 [[  1 211]]

 [[  1 212]]

 [[  1 213]]

 [[  1 214]]

 [[  1 215]]

 [[  1 216]]

 [[  1 217]]

 [[  1 218]]

 [[  2 218]]

 [[  3 218]]

 [[  4 218]]

 [[  5 218]]

 [[  6 218]]

 [[  7 218]]

 [[  8 218]]

 [[  9 218]]

 [[ 10 217]]

 [[ 11 217]]

 [[ 12 216]]

 [[ 13 215]]

 [[ 13 214]]

 [[ 14 213]]

 [[ 15 212]]

 [[ 16 211]]

 [[ 17 211]]

 [[ 18 211]]

 [[ 19 211]]

 [[ 20 212]]

 [[ 21 212]]

 [[ 22 212]]

 [[ 23 212]]

 [[ 24 212]]

 [[ 25 212]]

 [[ 26 212]]

 [[ 27 211]]

 [[ 28 210]]

 [[ 29 209]]

 [[ 30 208]]

 [[ 31 207]]

 [[ 32 207]]

 [[ 33 206]]

 [[ 34 206]]

 [[ 35 205]]

 [[ 36 205]]

 [[ 37 205]]

 [[ 38 205]]

 [[ 39 205]]

 [[ 40 205]]

 [[ 41 204]]

 [[ 42 203]]

 [[ 43 203]]

 [[ 44 202]]

 [[ 45 202]]

 [[ 46 202]]

 [[ 47 202]]

 [[ 48 201]]

 [[ 49 200]]

 [[ 50 199]]

 [[ 51 199]]

 [[ 52 198]]

 [[ 53 198]]

 [[ 54 198]]

 [[ 55 198]]

 [[ 56 198]]

 [[ 57 197]]

 [[ 58 197]]

 [[ 59 197]]

 [[ 60 197]]

 [[ 61 197]]

 [[ 62 196]]

 [[ 63 196]]

 [[ 64 196]]

 [[ 65 196]]

 [[ 66 196]]

 [[ 67 196]]

 [[ 68 195]]

 [[ 69 195]]

 [[ 69 194]]

 [[ 70 193]]

 [[ 71 193]]

 [[ 72 192]]

 [[ 73 192]]

 [[ 74 192]]

 [[ 75 192]]

 [[ 76 192]]

 [[ 77 192]]

 [[ 78 192]]

 [[ 79 192]]

 [[ 80 191]]

 [[ 81 191]]

 [[ 82 191]]

 [[ 83 191]]

 [[ 84 190]]

 [[ 85 190]]

 [[ 86 190]]

 [[ 87 189]]

 [[ 88 189]]

 [[ 89 188]]

 [[ 90 187]]

 [[ 91 187]]

 [[ 92 186]]

 [[ 93 185]]

 [[ 94 185]]

 [[ 95 184]]

 [[ 96 183]]

 [[ 97 183]]

 [[ 98 182]]

 [[ 99 181]]

 [[100 181]]

 [[101 180]]

 [[102 180]]

 [[103 179]]

 [[104 178]]

 [[105 177]]

 [[106 176]]

 [[107 176]]

 [[107 175]]

 [[108 174]]

 [[108 173]]

 [[109 172]]

 [[110 171]]

 [[110 170]]

 [[111 169]]

 [[111 168]]

 [[111 167]]

 [[111 166]]

 [[111 165]]

 [[111 164]]

 [[111 163]]

 [[112 162]]

 [[112 161]]

 [[112 160]]

 [[112 159]]

 [[112 158]]

 [[111 157]]

 [[111 156]]

 [[110 155]]

 [[110 154]]

 [[110 153]]

 [[110 152]]

 [[110 151]]

 [[110 150]]

 [[109 149]]

 [[109 148]]

 [[109 147]]

 [[109 146]]

 [[109 145]]

 [[109 144]]

 [[109 143]]

 [[108 142]]

 [[108 141]]

 [[107 140]]

 [[106 139]]

 [[105 138]]

 [[105 137]]

 [[105 136]]

 [[105 135]]

 [[104 134]]

 [[104 133]]

 [[104 132]]

 [[103 131]]

 [[103 130]]

 [[103 129]]

 [[103 128]]

 [[103 127]]

 [[102 126]]

 [[102 125]]

 [[101 124]]

 [[100 123]]

 [[ 99 122]]

 [[ 98 121]]

 [[ 97 120]]

 [[ 96 119]]

 [[ 96 118]]

 [[ 95 117]]

 [[ 95 116]]

 [[ 95 115]]

 [[ 95 114]]

 [[ 95 113]]

 [[ 94 112]]

 [[ 93 112]]

 [[ 92 112]]

 [[ 91 111]]

 [[ 90 111]]

 [[ 89 110]]

 [[ 88 109]]

 [[ 87 108]]

 [[ 86 108]]

 [[ 85 107]]

 [[ 84 106]]

 [[ 83 105]]

 [[ 82 104]]

 [[ 81 104]]

 [[ 80 104]]

 [[ 79 104]]

 [[ 78 103]]

 [[ 77 103]]

 [[ 76 103]]

 [[ 75 103]]

 [[ 74 102]]]
[[[  0   0]]

 [[140  53]]

 [[140  54]]

 ..., 
 [[143  52]]

 [[142  52]]

 [[141  52]]]
[[[  0   0]]

 [[ 34  51]]

 [[ 33  51]]

 [[ 32  51]]

 [[ 31  51]]

 [[ 30  51]]

 [[ 29  51]]

 [[ 28  51]]

 [[ 27  51]]

 [[ 26  51]]

 [[ 25  51]]

 [[ 24  51]]

 [[ 23  51]]

 [[ 22  51]]

 [[ 21  51]]

 [[ 20  52]]

 [[ 19  52]]

 [[ 18  52]]

 [[ 17  52]]

 [[ 16  52]]

 [[ 15  52]]

 [[ 14  51]]

 [[ 13  51]]

 [[ 12  51]]

 [[ 11  51]]

 [[ 10  51]]

 [[  9  51]]

 [[  8  51]]

 [[  7  52]]

 [[  6  52]]

 [[  5  52]]

 [[  4  52]]

 [[  3  52]]

 [[  2  52]]

 [[  1  52]]

 [[  1  53]]

 [[  1  54]]

 [[  1  55]]

 [[  2  55]]

 [[  3  55]]

 [[  4  55]]

 [[  5  54]]

 [[  6  54]]

 [[  7  54]]

 [[  8  54]]

 [[  9  54]]

 [[ 10  54]]

 [[ 11  54]]

 [[ 12  54]]

 [[ 13  54]]

 [[ 14  54]]

 [[ 15  54]]

 [[ 16  53]]

 [[ 17  53]]

 [[ 18  53]]

 [[ 19  53]]

 [[ 20  53]]

 [[ 21  53]]

 [[ 22  52]]

 [[ 23  52]]

 [[ 24  53]]

 [[ 25  53]]

 [[ 26  53]]

 [[ 27  53]]

 [[ 28  53]]

 [[ 29  53]]

 [[ 30  54]]

 [[ 31  54]]

 [[ 32  54]]

 [[ 33  54]]

 [[ 34  54]]

 [[ 35  53]]

 [[ 36  53]]

 [[ 37  53]]

 [[ 38  52]]

 [[ 39  52]]

 [[ 40  52]]

 [[ 41  52]]

 [[ 42  52]]

 [[ 43  52]]

 [[ 44  52]]

 [[ 45  52]]

 [[ 46  53]]

 [[ 47  53]]

 [[ 48  53]]

 [[ 49  53]]

 [[ 50  54]]

 [[ 51  53]]

 [[ 52  53]]

 [[ 53  53]]

 [[ 54  53]]

 [[ 55  53]]

 [[ 56  53]]

 [[ 57  54]]

 [[ 58  54]]

 [[ 59  54]]

 [[ 60  54]]

 [[ 61  55]]

 [[ 62  55]]

 [[ 63  55]]

 [[ 64  54]]

 [[ 65  54]]

 [[ 66  54]]

 [[ 67  54]]

 [[ 68  54]]

 [[ 69  54]]

 [[ 70  54]]

 [[ 71  54]]

 [[ 72  54]]

 [[ 73  54]]

 [[ 74  54]]

 [[ 75  53]]

 [[ 76  53]]

 [[ 77  53]]

 [[ 78  53]]

 [[ 79  53]]

 [[ 80  54]]

 [[ 81  54]]

 [[ 82  54]]

 [[ 83  54]]

 [[ 84  54]]

 [[ 85  54]]

 [[ 86  54]]

 [[ 87  54]]

 [[ 88  53]]

 [[ 89  53]]

 [[ 90  54]]

 [[ 91  54]]

 [[ 92  54]]

 [[ 93  55]]

 [[ 94  55]]

 [[ 95  55]]

 [[ 96  55]]

 [[ 97  56]]

 [[ 98  56]]

 [[ 99  56]]

 [[100  56]]

 [[101  55]]

 [[102  55]]

 [[103  55]]

 [[104  55]]

 [[105  56]]

 [[106  56]]

 [[107  57]]

 [[108  57]]

 [[109  57]]

 [[110  57]]

 [[111  57]]

 [[112  57]]

 [[113  57]]

 [[114  57]]

 [[115  57]]

 [[116  57]]

 [[117  57]]

 [[118  57]]

 [[119  56]]

 [[120  56]]

 [[121  56]]

 [[122  56]]

 [[123  56]]

 [[124  55]]

 [[125  55]]

 [[126  54]]

 [[127  53]]

 [[126  52]]

 [[125  52]]

 [[124  52]]

 [[123  52]]

 [[122  52]]

 [[121  53]]

 [[120  52]]

 [[119  53]]

 [[118  53]]

 [[117  53]]

 [[116  53]]

 [[115  53]]

 [[114  53]]

 [[113  53]]

 [[112  53]]

 [[111  53]]

 [[110  53]]

 [[109  53]]

 [[108  53]]

 [[107  53]]

 [[106  53]]

 [[105  53]]

 [[104  53]]

 [[103  53]]

 [[102  53]]

 [[101  53]]

 [[100  53]]

 [[ 99  52]]

 [[ 98  52]]

 [[ 97  52]]

 [[ 96  51]]

 [[ 95  51]]

 [[ 94  51]]

 [[ 93  51]]

 [[ 92  51]]

 [[ 91  50]]

 [[ 90  50]]

 [[ 89  50]]

 [[ 88  51]]

 [[ 87  51]]

 [[ 86  51]]

 [[ 85  51]]

 [[ 84  51]]

 [[ 83  51]]

 [[ 82  51]]

 [[ 81  51]]

 [[ 80  50]]

 [[ 79  50]]

 [[ 78  50]]

 [[ 77  51]]

 [[ 76  51]]

 [[ 75  52]]

 [[ 74  52]]

 [[ 73  52]]

 [[ 72  52]]

 [[ 71  52]]

 [[ 70  52]]

 [[ 69  53]]

 [[ 68  52]]

 [[ 67  53]]

 [[ 66  53]]

 [[ 65  53]]

 [[ 64  53]]

 [[ 63  52]]

 [[ 62  52]]

 [[ 61  51]]

 [[ 60  51]]

 [[ 59  51]]

 [[ 58  51]]

 [[ 57  51]]

 [[ 56  51]]

 [[ 55  51]]

 [[ 54  51]]

 [[ 53  52]]

 [[ 52  51]]

 [[ 51  51]]

 [[ 50  51]]

 [[ 49  50]]

 [[ 48  50]]

 [[ 47  50]]

 [[ 46  50]]

 [[ 45  51]]

 [[ 44  51]]

 [[ 43  51]]

 [[ 42  50]]

 [[ 41  50]]

 [[ 40  50]]

 [[ 39  50]]

 [[ 38  50]]

 [[ 37  50]]

 [[ 36  50]]]
