[[[  0   0]]

 [[207 227]]

 [[207 228]]

 [[207 229]]

 [[207 230]]

 [[207 231]]

 [[207 232]]

 [[206 233]]

 [[205 234]]

 [[205 235]]

 [[205 236]]

 [[206 237]]

 [[207 238]]

 [[208 239]]

 [[208 240]]

 [[208 241]]

 [[208 242]]

 [[208 243]]

 [[207 244]]

 [[206 244]]

 [[205 245]]

 [[204 245]]

 [[203 245]]

 [[202 245]]

 [[202 246]]

 [[202 247]]

 [[201 248]]

 [[200 249]]

 [[200 250]]

 [[200 251]]

 [[200 252]]

 [[200 253]]

 [[200 254]]

 [[200 255]]

 [[199 256]]

 [[198 257]]

 [[197 257]]

 [[196 257]]

 [[195 257]]

 [[194 257]]

 [[193 257]]

 [[193 258]]

 [[194 258]]

 [[195 258]]

 [[196 258]]

 [[197 258]]

 [[198 258]]

 [[199 258]]

 [[200 258]]

 [[201 258]]

 [[202 258]]

 [[203 258]]

 [[204 258]]

 [[205 258]]

 [[206 257]]

 [[206 256]]

 [[206 255]]

 [[206 254]]

 [[206 253]]

 [[207 252]]

 [[208 251]]

 [[209 250]]

 [[210 249]]

 [[211 249]]

 [[211 248]]

 [[212 247]]

 [[213 247]]

 [[212 246]]

 [[211 245]]

 [[211 244]]

 [[212 243]]

 [[212 242]]

 [[212 241]]

 [[213 240]]

 [[213 239]]

 [[213 238]]

 [[214 237]]

 [[214 236]]

 [[214 235]]

 [[214 234]]

 [[215 233]]

 [[215 232]]

 [[215 231]]

 [[215 230]]

 [[216 229]]

 [[216 228]]

 [[216 227]]

 [[217 226]]

 [[216 226]]

 [[215 227]]

 [[214 227]]

 [[213 227]]

 [[212 227]]

 [[211 227]]

 [[210 227]]

 [[209 227]]]
[[[  0   0]]

 [[198 207]]

 [[197 208]]

 [[196 209]]

 [[195 209]]

 [[194 209]]

 [[193 210]]

 [[192 211]]

 [[191 210]]

 [[190 210]]

 [[190 211]]

 [[190 212]]

 [[189 213]]

 [[190 213]]

 [[191 214]]

 [[192 215]]

 [[192 216]]

 [[193 217]]

 [[193 218]]

 [[193 219]]

 [[193 220]]

 [[193 221]]

 [[193 222]]

 [[194 222]]

 [[195 223]]

 [[194 224]]

 [[193 225]]

 [[192 225]]

 [[191 225]]

 [[190 225]]

 [[189 225]]

 [[188 225]]

 [[187 226]]

 [[187 227]]

 [[187 228]]

 [[187 229]]

 [[187 230]]

 [[187 231]]

 [[186 232]]

 [[185 232]]

 [[184 233]]

 [[183 233]]

 [[182 233]]

 [[181 233]]

 [[181 234]]

 [[182 235]]

 [[182 236]]

 [[183 237]]

 [[182 238]]

 [[182 239]]

 [[183 240]]

 [[183 241]]

 [[183 242]]

 [[182 243]]

 [[181 244]]

 [[181 245]]

 [[180 246]]

 [[179 247]]

 [[178 247]]

 [[177 246]]

 [[176 245]]

 [[175 245]]

 [[174 246]]

 [[173 246]]

 [[172 247]]

 [[172 248]]

 [[173 248]]

 [[174 248]]

 [[175 248]]

 [[176 249]]

 [[176 250]]

 [[176 251]]

 [[176 252]]

 [[176 253]]

 [[176 254]]

 [[175 255]]

 [[174 256]]

 [[173 256]]

 [[174 256]]

 [[175 257]]

 [[175 258]]

 [[176 258]]

 [[177 258]]

 [[178 258]]

 [[179 258]]

 [[180 258]]

 [[181 258]]

 [[182 258]]

 [[183 258]]

 [[184 258]]

 [[185 258]]

 [[185 257]]

 [[185 256]]

 [[186 255]]

 [[186 254]]

 [[186 253]]

 [[186 252]]

 [[186 251]]

 [[186 250]]

 [[186 249]]

 [[186 248]]

 [[185 247]]

 [[184 246]]

 [[184 245]]

 [[185 244]]

 [[186 244]]

 [[187 244]]

 [[188 244]]

 [[189 244]]

 [[190 244]]

 [[191 244]]

 [[192 243]]

 [[193 243]]

 [[194 243]]

 [[195 243]]

 [[196 243]]

 [[197 243]]

 [[198 244]]

 [[199 244]]

 [[199 243]]

 [[199 242]]

 [[199 241]]

 [[200 240]]

 [[201 240]]

 [[202 240]]

 [[203 240]]

 [[204 240]]

 [[203 239]]

 [[204 238]]

 [[203 238]]

 [[202 238]]

 [[202 239]]

 [[201 240]]

 [[200 240]]

 [[199 240]]

 [[198 240]]

 [[197 240]]

 [[196 240]]

 [[195 240]]

 [[194 241]]

 [[193 240]]

 [[192 240]]

 [[191 239]]

 [[191 238]]

 [[191 237]]

 [[192 236]]

 [[192 235]]

 [[192 234]]

 [[192 233]]

 [[192 232]]

 [[192 231]]

 [[191 230]]

 [[192 229]]

 [[193 229]]

 [[194 230]]

 [[194 229]]

 [[195 228]]

 [[195 227]]

 [[195 226]]

 [[194 225]]

 [[194 224]]

 [[195 223]]

 [[196 222]]

 [[197 222]]

 [[197 221]]

 [[198 220]]

 [[198 219]]

 [[199 218]]

 [[200 218]]

 [[201 218]]

 [[202 218]]

 [[203 218]]

 [[204 218]]

 [[205 218]]

 [[206 218]]

 [[206 217]]

 [[206 216]]

 [[205 215]]

 [[204 214]]

 [[203 213]]

 [[202 212]]

 [[201 211]]

 [[200 210]]

 [[200 209]]

 [[200 208]]

 [[199 207]]]
[[[  0   0]]

 [[224 193]]

 [[224 194]]

 [[223 195]]

 [[223 196]]

 [[222 197]]

 [[222 198]]

 [[222 199]]

 [[221 200]]

 [[220 200]]

 [[219 201]]

 [[219 202]]

 [[219 203]]

 [[219 204]]

 [[219 205]]

 [[219 206]]

 [[219 207]]

 [[218 208]]

 [[217 208]]

 [[216 209]]

 [[215 210]]

 [[216 211]]

 [[216 212]]

 [[216 213]]

 [[216 214]]

 [[216 215]]

 [[216 216]]

 [[216 217]]

 [[215 218]]

 [[214 218]]

 [[213 218]]

 [[212 219]]

 [[212 220]]

 [[212 221]]

 [[212 222]]

 [[212 223]]

 [[213 223]]

 [[214 224]]

 [[215 224]]

 [[216 224]]

 [[217 224]]

 [[218 223]]

 [[219 223]]

 [[220 224]]

 [[221 225]]

 [[221 226]]

 [[222 226]]

 [[223 226]]

 [[224 225]]

 [[225 224]]

 [[225 223]]

 [[224 222]]

 [[224 221]]

 [[223 220]]

 [[222 219]]

 [[221 219]]

 [[220 219]]

 [[219 218]]

 [[219 217]]

 [[219 216]]

 [[219 215]]

 [[220 214]]

 [[220 213]]

 [[221 212]]

 [[222 211]]

 [[222 210]]

 [[222 209]]

 [[222 208]]

 [[223 207]]

 [[224 206]]

 [[225 206]]

 [[226 206]]

 [[227 206]]

 [[228 206]]

 [[229 206]]

 [[230 206]]

 [[231 206]]

 [[232 205]]

 [[233 205]]

 [[234 205]]

 [[235 205]]

 [[236 206]]

 [[237 207]]

 [[237 208]]

 [[238 209]]

 [[238 210]]

 [[237 211]]

 [[236 211]]

 [[235 212]]

 [[234 212]]

 [[234 213]]

 [[234 214]]

 [[234 215]]

 [[234 216]]

 [[233 217]]

 [[233 218]]

 [[234 219]]

 [[234 220]]

 [[234 221]]

 [[234 222]]

 [[234 223]]

 [[233 224]]

 [[232 224]]

 [[231 224]]

 [[230 225]]

 [[231 226]]

 [[231 227]]

 [[231 228]]

 [[231 229]]

 [[230 230]]

 [[229 231]]

 [[228 232]]

 [[227 233]]

 [[227 234]]

 [[227 235]]

 [[226 236]]

 [[225 237]]

 [[224 237]]

 [[224 238]]

 [[223 239]]

 [[223 240]]

 [[223 241]]

 [[223 242]]

 [[223 243]]

 [[223 244]]

 [[223 245]]

 [[223 246]]

 [[223 247]]

 [[222 248]]

 [[221 248]]

 [[220 249]]

 [[219 250]]

 [[218 250]]

 [[217 250]]

 [[218 250]]

 [[219 250]]

 [[220 250]]

 [[221 251]]

 [[222 252]]

 [[223 253]]

 [[222 254]]

 [[221 255]]

 [[220 256]]

 [[219 257]]

 [[219 258]]

 [[220 258]]

 [[221 258]]

 [[222 258]]

 [[223 258]]

 [[224 258]]

 [[225 258]]

 [[226 258]]

 [[227 258]]

 [[227 257]]

 [[228 256]]

 [[229 255]]

 [[230 254]]

 [[231 254]]

 [[232 254]]

 [[233 254]]

 [[234 254]]

 [[235 254]]

 [[236 254]]

 [[237 255]]

 [[237 256]]

 [[238 257]]

 [[239 256]]

 [[238 255]]

 [[237 255]]

 [[236 254]]

 [[235 253]]

 [[235 252]]

 [[234 253]]

 [[233 252]]

 [[232 253]]

 [[231 253]]

 [[230 252]]

 [[230 251]]

 [[230 250]]

 [[230 249]]

 [[230 248]]

 [[230 247]]

 [[230 246]]

 [[230 245]]

 [[230 244]]

 [[230 243]]

 [[231 242]]

 [[231 241]]

 [[231 240]]

 [[231 239]]

 [[232 238]]

 [[232 237]]

 [[233 236]]

 [[233 235]]

 [[234 234]]

 [[235 233]]

 [[236 232]]

 [[237 233]]

 [[238 233]]

 [[239 232]]

 [[240 231]]

 [[241 230]]

 [[240 229]]

 [[240 228]]

 [[239 227]]

 [[239 226]]

 [[239 225]]

 [[238 224]]

 [[238 223]]

 [[238 222]]

 [[238 221]]

 [[238 220]]

 [[238 219]]

 [[239 218]]

 [[239 217]]

 [[239 216]]

 [[240 215]]

 [[241 214]]

 [[242 213]]

 [[241 212]]

 [[241 211]]

 [[241 210]]

 [[241 209]]

 [[241 208]]

 [[241 207]]

 [[241 206]]

 [[241 205]]

 [[242 204]]

 [[243 203]]

 [[243 202]]

 [[242 201]]

 [[242 200]]

 [[242 199]]

 [[242 198]]

 [[241 198]]

 [[240 197]]

 [[239 196]]

 [[239 195]]

 [[239 194]]

 [[239 193]]

 [[238 193]]

 [[237 193]]

 [[238 194]]

 [[238 195]]

 [[238 196]]

 [[238 197]]

 [[239 198]]

 [[238 199]]

 [[237 200]]

 [[236 201]]

 [[235 201]]

 [[234 201]]

 [[233 201]]

 [[232 201]]

 [[231 201]]

 [[230 200]]

 [[229 199]]

 [[228 198]]

 [[227 197]]

 [[226 196]]

 [[225 195]]

 [[225 194]]

 [[224 193]]]
[[[  0   0]]

 [[148 180]]

 [[148 181]]

 [[148 182]]

 [[148 183]]

 [[147 184]]

 [[146 184]]

 [[145 184]]

 [[144 184]]

 [[144 185]]

 [[143 186]]

 [[142 187]]

 [[141 188]]

 [[140 188]]

 [[139 189]]

 [[138 189]]

 [[137 190]]

 [[136 190]]

 [[135 191]]

 [[134 191]]

 [[133 190]]

 [[132 190]]

 [[131 190]]

 [[130 190]]

 [[129 191]]

 [[129 192]]

 [[130 193]]

 [[129 194]]

 [[129 195]]

 [[130 195]]

 [[131 194]]

 [[132 194]]

 [[133 195]]

 [[134 196]]

 [[135 197]]

 [[134 198]]

 [[134 199]]

 [[135 200]]

 [[135 201]]

 [[135 202]]

 [[136 203]]

 [[135 204]]

 [[134 205]]

 [[134 206]]

 [[134 207]]

 [[133 208]]

 [[133 209]]

 [[133 210]]

 [[132 211]]

 [[131 211]]

 [[130 211]]

 [[129 211]]

 [[128 212]]

 [[128 213]]

 [[127 214]]

 [[126 214]]

 [[125 213]]

 [[124 213]]

 [[123 213]]

 [[123 214]]

 [[124 215]]

 [[125 216]]

 [[125 217]]

 [[125 218]]

 [[124 219]]

 [[124 220]]

 [[124 221]]

 [[123 222]]

 [[122 223]]

 [[121 223]]

 [[120 223]]

 [[119 223]]

 [[118 223]]

 [[119 224]]

 [[118 225]]

 [[118 226]]

 [[117 227]]

 [[118 228]]

 [[119 229]]

 [[119 230]]

 [[120 231]]

 [[120 232]]

 [[121 232]]

 [[122 232]]

 [[123 232]]

 [[124 232]]

 [[125 232]]

 [[126 232]]

 [[126 231]]

 [[126 230]]

 [[126 229]]

 [[126 228]]

 [[126 227]]

 [[127 226]]

 [[128 226]]

 [[128 225]]

 [[128 224]]

 [[128 223]]

 [[128 222]]

 [[128 221]]

 [[129 220]]

 [[130 219]]

 [[131 219]]

 [[132 218]]

 [[133 217]]

 [[134 217]]

 [[135 216]]

 [[136 215]]

 [[137 215]]

 [[137 214]]

 [[137 213]]

 [[137 212]]

 [[136 211]]

 [[136 210]]

 [[135 209]]

 [[135 208]]

 [[135 207]]

 [[135 206]]

 [[135 205]]

 [[135 204]]

 [[136 203]]

 [[137 202]]

 [[138 201]]

 [[139 201]]

 [[140 201]]

 [[141 202]]

 [[142 201]]

 [[142 200]]

 [[143 199]]

 [[144 198]]

 [[145 198]]

 [[145 197]]

 [[146 196]]

 [[146 195]]

 [[146 194]]

 [[147 193]]

 [[147 192]]

 [[147 191]]

 [[147 190]]

 [[147 189]]

 [[147 188]]

 [[148 187]]

 [[148 186]]

 [[147 185]]

 [[147 184]]

 [[148 183]]

 [[149 183]]

 [[150 183]]

 [[151 182]]

 [[151 181]]

 [[150 180]]

 [[150 179]]

 [[149 179]]]
[[[  0   0]]

 [[178 166]]

 [[177 167]]

 [[177 168]]

 [[177 169]]

 [[177 170]]

 [[176 171]]

 [[175 172]]

 [[174 172]]

 [[173 172]]

 [[172 172]]

 [[171 173]]

 [[170 173]]

 [[169 173]]

 [[168 173]]

 [[167 173]]

 [[166 173]]

 [[165 173]]

 [[165 174]]

 [[166 175]]

 [[167 176]]

 [[168 176]]

 [[169 175]]

 [[170 176]]

 [[171 177]]

 [[171 178]]

 [[171 179]]

 [[170 180]]

 [[170 181]]

 [[169 182]]

 [[170 183]]

 [[169 184]]

 [[170 185]]

 [[169 186]]

 [[168 187]]

 [[167 188]]

 [[166 189]]

 [[165 188]]

 [[164 188]]

 [[163 188]]

 [[162 188]]

 [[162 189]]

 [[162 190]]

 [[162 191]]

 [[162 192]]

 [[162 193]]

 [[163 194]]

 [[162 195]]

 [[161 196]]

 [[160 196]]

 [[159 196]]

 [[158 196]]

 [[157 196]]

 [[156 196]]

 [[156 197]]

 [[155 198]]

 [[155 199]]

 [[155 200]]

 [[155 201]]

 [[154 202]]

 [[155 203]]

 [[155 204]]

 [[156 204]]

 [[157 204]]

 [[158 204]]

 [[159 205]]

 [[158 206]]

 [[157 207]]

 [[156 207]]

 [[155 207]]

 [[154 206]]

 [[153 206]]

 [[152 205]]

 [[151 205]]

 [[151 206]]

 [[151 207]]

 [[151 208]]

 [[151 209]]

 [[151 210]]

 [[151 211]]

 [[151 212]]

 [[151 213]]

 [[151 214]]

 [[151 215]]

 [[151 216]]

 [[151 217]]

 [[150 218]]

 [[150 219]]

 [[149 220]]

 [[148 220]]

 [[147 219]]

 [[146 220]]

 [[145 220]]

 [[145 221]]

 [[145 222]]

 [[145 223]]

 [[145 224]]

 [[144 225]]

 [[144 226]]

 [[143 227]]

 [[143 228]]

 [[143 229]]

 [[142 230]]

 [[141 230]]

 [[140 231]]

 [[140 232]]

 [[139 233]]

 [[139 234]]

 [[139 235]]

 [[139 236]]

 [[139 237]]

 [[139 238]]

 [[138 239]]

 [[137 240]]

 [[136 241]]

 [[135 242]]

 [[134 242]]

 [[133 243]]

 [[132 243]]

 [[131 244]]

 [[131 245]]

 [[131 246]]

 [[131 247]]

 [[130 248]]

 [[129 248]]

 [[129 249]]

 [[129 250]]

 [[129 251]]

 [[130 252]]

 [[130 253]]

 [[130 254]]

 [[129 255]]

 [[128 255]]

 [[127 256]]

 [[126 256]]

 [[125 256]]

 [[124 256]]

 [[124 257]]

 [[124 258]]

 [[125 258]]

 [[126 258]]

 [[127 258]]

 [[128 258]]

 [[129 258]]

 [[130 258]]

 [[131 258]]

 [[132 258]]

 [[133 258]]

 [[134 258]]

 [[135 258]]

 [[136 258]]

 [[136 257]]

 [[137 256]]

 [[138 255]]

 [[139 254]]

 [[140 254]]

 [[141 254]]

 [[142 254]]

 [[143 254]]

 [[144 254]]

 [[145 254]]

 [[146 254]]

 [[146 253]]

 [[146 252]]

 [[146 251]]

 [[147 250]]

 [[147 249]]

 [[147 248]]

 [[148 247]]

 [[147 246]]

 [[146 246]]

 [[145 246]]

 [[144 246]]

 [[143 247]]

 [[142 247]]

 [[141 246]]

 [[140 245]]

 [[140 244]]

 [[140 243]]

 [[140 242]]

 [[141 241]]

 [[142 241]]

 [[143 240]]

 [[143 239]]

 [[144 238]]

 [[145 237]]

 [[146 237]]

 [[147 237]]

 [[147 236]]

 [[148 235]]

 [[148 234]]

 [[148 233]]

 [[148 232]]

 [[149 231]]

 [[150 231]]

 [[151 231]]

 [[152 231]]

 [[153 231]]

 [[154 232]]

 [[155 231]]

 [[156 230]]

 [[157 230]]

 [[158 230]]

 [[159 230]]

 [[159 229]]

 [[159 228]]

 [[159 227]]

 [[160 226]]

 [[161 226]]

 [[162 226]]

 [[163 226]]

 [[164 226]]

 [[165 227]]

 [[166 227]]

 [[167 228]]

 [[166 229]]

 [[167 230]]

 [[168 231]]

 [[169 232]]

 [[170 233]]

 [[171 233]]

 [[172 234]]

 [[171 235]]

 [[170 235]]

 [[169 236]]

 [[168 236]]

 [[167 236]]

 [[166 236]]

 [[165 236]]

 [[164 236]]

 [[163 236]]

 [[162 236]]

 [[161 235]]

 [[161 236]]

 [[160 237]]

 [[160 238]]

 [[160 239]]

 [[160 240]]

 [[159 241]]

 [[159 242]]

 [[158 243]]

 [[158 244]]

 [[157 245]]

 [[156 246]]

 [[155 247]]

 [[155 248]]

 [[155 249]]

 [[154 250]]

 [[153 251]]

 [[152 251]]

 [[152 252]]

 [[152 253]]

 [[152 254]]

 [[152 255]]

 [[152 256]]

 [[152 257]]

 [[151 258]]

 [[152 258]]

 [[153 258]]

 [[154 258]]

 [[155 258]]

 [[156 258]]

 [[157 258]]

 [[158 258]]

 [[158 257]]

 [[159 256]]

 [[160 255]]

 [[161 254]]

 [[162 253]]

 [[162 252]]

 [[162 251]]

 [[162 250]]

 [[162 249]]

 [[162 248]]

 [[163 247]]

 [[163 246]]

 [[163 245]]

 [[164 244]]

 [[164 243]]

 [[164 242]]

 [[164 241]]

 [[165 240]]

 [[166 239]]

 [[167 238]]

 [[168 239]]

 [[169 239]]

 [[170 239]]

 [[171 240]]

 [[172 240]]

 [[173 239]]

 [[174 238]]

 [[174 237]]

 [[173 236]]

 [[172 235]]

 [[172 234]]

 [[173 233]]

 [[174 232]]

 [[175 232]]

 [[176 231]]

 [[177 232]]

 [[178 232]]

 [[179 231]]

 [[178 230]]

 [[177 230]]

 [[176 229]]

 [[175 229]]

 [[174 228]]

 [[173 227]]

 [[172 227]]

 [[171 226]]

 [[171 225]]

 [[170 225]]

 [[171 226]]

 [[170 227]]

 [[169 227]]

 [[168 227]]

 [[167 226]]

 [[166 225]]

 [[165 224]]

 [[164 224]]

 [[163 224]]

 [[162 224]]

 [[161 225]]

 [[160 225]]

 [[159 226]]

 [[158 226]]

 [[157 227]]

 [[156 228]]

 [[155 228]]

 [[154 227]]

 [[154 226]]

 [[154 225]]

 [[153 225]]

 [[152 224]]

 [[151 223]]

 [[151 222]]

 [[151 221]]

 [[151 220]]

 [[152 219]]

 [[153 218]]

 [[153 217]]

 [[153 216]]

 [[154 215]]

 [[155 215]]

 [[156 215]]

 [[157 215]]

 [[158 215]]

 [[159 214]]

 [[158 213]]

 [[159 212]]

 [[159 211]]

 [[159 210]]

 [[159 209]]

 [[159 208]]

 [[160 207]]

 [[161 207]]

 [[162 206]]

 [[163 206]]

 [[164 205]]

 [[164 204]]

 [[164 203]]

 [[164 202]]

 [[164 201]]

 [[164 200]]

 [[163 199]]

 [[163 198]]

 [[164 197]]

 [[165 196]]

 [[166 197]]

 [[167 198]]

 [[168 197]]

 [[168 196]]

 [[167 196]]

 [[166 196]]

 [[165 195]]

 [[165 194]]

 [[166 193]]

 [[167 192]]

 [[168 191]]

 [[169 191]]

 [[170 190]]

 [[170 189]]

 [[170 188]]

 [[170 187]]

 [[170 186]]

 [[170 185]]

 [[171 184]]

 [[172 183]]

 [[173 183]]

 [[174 183]]

 [[175 183]]

 [[176 182]]

 [[177 182]]

 [[178 182]]

 [[178 181]]

 [[178 180]]

 [[178 179]]

 [[178 178]]

 [[178 177]]

 [[178 176]]

 [[178 175]]

 [[178 174]]

 [[179 173]]

 [[180 173]]

 [[181 174]]

 [[182 175]]

 [[183 175]]

 [[184 175]]

 [[185 175]]

 [[185 174]]

 [[185 173]]

 [[184 173]]

 [[183 173]]

 [[182 173]]

 [[181 172]]

 [[182 171]]

 [[183 170]]

 [[184 169]]

 [[185 168]]

 [[184 167]]

 [[183 166]]

 [[182 166]]

 [[181 166]]

 [[180 166]]]
[[[  0   0]]

 [[ 35 161]]

 [[ 35 162]]

 [[ 35 163]]

 [[ 35 164]]

 [[ 36 165]]

 [[ 37 165]]

 [[ 38 166]]

 [[ 39 165]]

 [[ 40 166]]

 [[ 40 167]]

 [[ 40 168]]

 [[ 39 169]]

 [[ 38 169]]

 [[ 37 169]]

 [[ 37 170]]

 [[ 37 171]]

 [[ 38 172]]

 [[ 38 173]]

 [[ 39 174]]

 [[ 38 175]]

 [[ 37 175]]

 [[ 36 176]]

 [[ 35 176]]

 [[ 34 176]]

 [[ 33 177]]

 [[ 33 178]]

 [[ 33 179]]

 [[ 33 180]]

 [[ 33 181]]

 [[ 33 182]]

 [[ 34 183]]

 [[ 34 184]]

 [[ 34 185]]

 [[ 34 186]]

 [[ 33 187]]

 [[ 32 188]]

 [[ 31 189]]

 [[ 30 190]]

 [[ 29 190]]

 [[ 28 191]]

 [[ 28 192]]

 [[ 27 193]]

 [[ 26 193]]

 [[ 25 193]]

 [[ 24 193]]

 [[ 23 192]]

 [[ 22 192]]

 [[ 21 191]]

 [[ 20 191]]

 [[ 19 192]]

 [[ 18 192]]

 [[ 19 193]]

 [[ 19 194]]

 [[ 20 195]]

 [[ 21 196]]

 [[ 22 196]]

 [[ 23 196]]

 [[ 24 197]]

 [[ 24 198]]

 [[ 24 199]]

 [[ 23 200]]

 [[ 22 201]]

 [[ 22 202]]

 [[ 23 203]]

 [[ 22 204]]

 [[ 22 205]]

 [[ 22 206]]

 [[ 22 207]]

 [[ 23 207]]

 [[ 24 207]]

 [[ 25 208]]

 [[ 25 209]]

 [[ 24 210]]

 [[ 24 211]]

 [[ 25 211]]

 [[ 26 211]]

 [[ 27 211]]

 [[ 28 212]]

 [[ 29 213]]

 [[ 29 214]]

 [[ 28 215]]

 [[ 27 216]]

 [[ 26 215]]

 [[ 25 215]]

 [[ 24 214]]

 [[ 23 215]]

 [[ 23 216]]

 [[ 23 217]]

 [[ 22 218]]

 [[ 21 219]]

 [[ 20 219]]

 [[ 19 219]]

 [[ 18 218]]

 [[ 18 217]]

 [[ 18 216]]

 [[ 19 215]]

 [[ 19 214]]

 [[ 19 213]]

 [[ 18 213]]

 [[ 17 213]]

 [[ 17 214]]

 [[ 17 215]]

 [[ 16 216]]

 [[ 16 217]]

 [[ 16 218]]

 [[ 16 219]]

 [[ 15 220]]

 [[ 14 221]]

 [[ 13 221]]

 [[ 12 222]]

 [[ 11 222]]

 [[ 12 222]]

 [[ 13 223]]

 [[ 14 224]]

 [[ 13 225]]

 [[ 12 226]]

 [[ 12 227]]

 [[ 12 228]]

 [[ 12 229]]

 [[ 12 230]]

 [[ 11 231]]

 [[ 10 231]]

 [[  9 231]]

 [[  8 232]]

 [[  7 232]]

 [[  6 231]]

 [[  5 231]]

 [[  4 231]]

 [[  3 231]]

 [[  2 231]]

 [[  1 230]]

 [[  1 231]]

 [[  1 232]]

 [[  1 233]]

 [[  1 234]]

 [[  2 234]]

 [[  3 234]]

 [[  4 235]]

 [[  5 235]]

 [[  6 235]]

 [[  7 236]]

 [[  8 236]]

 [[  9 237]]

 [[ 10 238]]

 [[ 10 239]]

 [[  9 240]]

 [[  8 241]]

 [[  7 241]]

 [[  6 242]]

 [[  6 243]]

 [[  5 244]]

 [[  4 243]]

 [[  3 243]]

 [[  2 243]]

 [[  1 243]]

 [[  1 244]]

 [[  1 245]]

 [[  1 246]]

 [[  1 247]]

 [[  1 248]]

 [[  1 249]]

 [[  1 250]]

 [[  1 249]]

 [[  1 248]]

 [[  1 247]]

 [[  2 246]]

 [[  3 246]]

 [[  4 246]]

 [[  5 245]]

 [[  6 245]]

 [[  7 245]]

 [[  8 246]]

 [[  9 246]]

 [[ 10 246]]

 [[ 11 245]]

 [[ 12 244]]

 [[ 13 244]]

 [[ 13 243]]

 [[ 14 242]]

 [[ 14 241]]

 [[ 14 240]]

 [[ 14 239]]

 [[ 15 238]]

 [[ 15 237]]

 [[ 16 236]]

 [[ 16 235]]

 [[ 17 234]]

 [[ 17 233]]

 [[ 18 232]]

 [[ 19 231]]

 [[ 20 230]]

 [[ 21 230]]

 [[ 21 229]]

 [[ 21 228]]

 [[ 21 227]]

 [[ 20 226]]

 [[ 20 225]]

 [[ 20 224]]

 [[ 20 223]]

 [[ 19 222]]

 [[ 19 221]]

 [[ 20 220]]

 [[ 21 219]]

 [[ 22 219]]

 [[ 23 218]]

 [[ 24 218]]

 [[ 25 218]]

 [[ 26 218]]

 [[ 27 218]]

 [[ 28 218]]

 [[ 29 218]]

 [[ 30 217]]

 [[ 31 217]]

 [[ 32 217]]

 [[ 33 217]]

 [[ 34 217]]

 [[ 35 216]]

 [[ 35 215]]

 [[ 36 214]]

 [[ 37 214]]

 [[ 38 213]]

 [[ 39 213]]

 [[ 40 213]]

 [[ 41 212]]

 [[ 42 211]]

 [[ 43 211]]

 [[ 44 210]]

 [[ 45 210]]

 [[ 46 210]]

 [[ 47 210]]

 [[ 48 210]]

 [[ 49 211]]

 [[ 49 212]]

 [[ 49 213]]

 [[ 48 214]]

 [[ 48 215]]

 [[ 48 216]]

 [[ 49 217]]

 [[ 50 216]]

 [[ 50 215]]

 [[ 51 214]]

 [[ 51 213]]

 [[ 52 212]]

 [[ 52 211]]

 [[ 53 210]]

 [[ 54 211]]

 [[ 55 211]]

 [[ 56 212]]

 [[ 57 212]]

 [[ 58 212]]

 [[ 59 211]]

 [[ 60 211]]

 [[ 61 211]]

 [[ 62 211]]

 [[ 63 212]]

 [[ 62 211]]

 [[ 61 210]]

 [[ 62 209]]

 [[ 63 208]]

 [[ 64 207]]

 [[ 64 206]]

 [[ 64 205]]

 [[ 64 204]]

 [[ 64 203]]

 [[ 63 202]]

 [[ 62 201]]

 [[ 61 201]]

 [[ 60 201]]

 [[ 59 200]]

 [[ 58 199]]

 [[ 58 198]]

 [[ 58 197]]

 [[ 59 196]]

 [[ 60 195]]

 [[ 60 194]]

 [[ 60 193]]

 [[ 60 192]]

 [[ 60 191]]

 [[ 61 190]]

 [[ 60 189]]

 [[ 59 190]]

 [[ 58 190]]

 [[ 57 190]]

 [[ 56 190]]

 [[ 56 191]]

 [[ 57 192]]

 [[ 57 193]]

 [[ 57 194]]

 [[ 57 195]]

 [[ 56 196]]

 [[ 55 196]]

 [[ 54 196]]

 [[ 53 196]]

 [[ 52 195]]

 [[ 51 195]]

 [[ 50 194]]

 [[ 49 194]]

 [[ 48 193]]

 [[ 47 193]]

 [[ 46 193]]

 [[ 45 194]]

 [[ 45 195]]

 [[ 46 196]]

 [[ 47 196]]

 [[ 48 195]]

 [[ 49 196]]

 [[ 50 196]]

 [[ 51 197]]

 [[ 52 197]]

 [[ 53 197]]

 [[ 54 197]]

 [[ 55 198]]

 [[ 56 199]]

 [[ 56 200]]

 [[ 55 201]]

 [[ 55 202]]

 [[ 54 203]]

 [[ 54 204]]

 [[ 53 205]]

 [[ 53 206]]

 [[ 52 207]]

 [[ 51 207]]

 [[ 50 208]]

 [[ 49 208]]

 [[ 48 207]]

 [[ 47 207]]

 [[ 46 207]]

 [[ 45 206]]

 [[ 44 206]]

 [[ 43 206]]

 [[ 42 206]]

 [[ 41 206]]

 [[ 40 206]]

 [[ 39 206]]

 [[ 38 205]]

 [[ 37 205]]

 [[ 36 205]]

 [[ 35 205]]

 [[ 34 206]]

 [[ 33 207]]

 [[ 32 208]]

 [[ 31 209]]

 [[ 30 209]]

 [[ 29 210]]

 [[ 28 209]]

 [[ 28 208]]

 [[ 28 207]]

 [[ 28 206]]

 [[ 27 205]]

 [[ 28 204]]

 [[ 28 203]]

 [[ 29 202]]

 [[ 29 201]]

 [[ 29 200]]

 [[ 30 199]]

 [[ 29 198]]

 [[ 29 197]]

 [[ 30 196]]

 [[ 31 195]]

 [[ 31 194]]

 [[ 32 193]]

 [[ 33 192]]

 [[ 34 192]]

 [[ 35 192]]

 [[ 36 192]]

 [[ 37 192]]

 [[ 38 192]]

 [[ 39 191]]

 [[ 40 192]]

 [[ 40 193]]

 [[ 41 194]]

 [[ 42 194]]

 [[ 43 193]]

 [[ 43 192]]

 [[ 43 191]]

 [[ 43 190]]

 [[ 43 189]]

 [[ 42 188]]

 [[ 41 187]]

 [[ 41 186]]

 [[ 41 185]]

 [[ 41 184]]

 [[ 42 183]]

 [[ 43 182]]

 [[ 44 182]]

 [[ 45 183]]

 [[ 46 183]]

 [[ 45 183]]

 [[ 44 182]]

 [[ 43 181]]

 [[ 43 180]]

 [[ 42 180]]

 [[ 41 180]]

 [[ 40 180]]

 [[ 39 181]]

 [[ 38 180]]

 [[ 37 179]]

 [[ 38 178]]

 [[ 39 178]]

 [[ 39 177]]

 [[ 39 176]]

 [[ 39 175]]

 [[ 39 174]]

 [[ 39 173]]

 [[ 40 172]]

 [[ 40 171]]

 [[ 41 170]]

 [[ 42 170]]

 [[ 43 169]]

 [[ 44 169]]

 [[ 45 170]]

 [[ 45 171]]

 [[ 45 172]]

 [[ 45 173]]

 [[ 45 174]]

 [[ 46 175]]

 [[ 47 174]]

 [[ 48 174]]

 [[ 49 175]]

 [[ 50 175]]

 [[ 51 175]]

 [[ 51 174]]

 [[ 52 173]]

 [[ 53 172]]

 [[ 54 173]]

 [[ 54 174]]

 [[ 55 174]]

 [[ 56 174]]

 [[ 56 173]]

 [[ 56 172]]

 [[ 57 171]]

 [[ 58 171]]

 [[ 59 170]]

 [[ 60 171]]

 [[ 61 172]]

 [[ 60 173]]

 [[ 61 173]]

 [[ 62 173]]

 [[ 62 172]]

 [[ 61 172]]

 [[ 60 171]]

 [[ 60 170]]

 [[ 59 170]]

 [[ 58 170]]

 [[ 57 170]]

 [[ 56 169]]

 [[ 55 168]]

 [[ 55 167]]

 [[ 55 166]]

 [[ 54 165]]

 [[ 53 166]]

 [[ 52 166]]

 [[ 51 167]]

 [[ 50 168]]

 [[ 49 169]]

 [[ 48 169]]

 [[ 47 170]]

 [[ 46 169]]

 [[ 45 168]]

 [[ 44 167]]

 [[ 44 166]]

 [[ 44 165]]

 [[ 44 164]]

 [[ 43 164]]

 [[ 42 164]]

 [[ 41 163]]

 [[ 40 162]]

 [[ 40 161]]

 [[ 39 160]]

 [[ 38 160]]

 [[ 37 160]]

 [[ 36 160]]

 [[ 35 160]]]
[[[  0   0]]

 [[340 149]]

 [[339 150]]

 ..., 
 [[343 149]]

 [[343 148]]

 [[342 148]]]
[[[  0   0]]

 [[196 110]]

 [[195 111]]

 ..., 
 [[200 110]]

 [[199 110]]

 [[198 109]]]
[[[  0   0]]

 [[447  87]]

 [[446  87]]

 ..., 
 [[446  89]]

 [[447  88]]

 [[448  87]]]
[[[  0   0]]

 [[367 154]]

 [[368 155]]

 [[369 155]]

 [[370 155]]

 [[371 155]]

 [[372 156]]

 [[373 156]]

 [[374 156]]

 [[375 157]]

 [[376 157]]

 [[377 157]]

 [[378 158]]

 [[379 158]]

 [[380 158]]

 [[381 158]]

 [[382 159]]

 [[383 159]]

 [[384 159]]

 [[385 160]]

 [[386 160]]

 [[387 160]]

 [[388 160]]

 [[389 161]]

 [[390 161]]

 [[391 161]]

 [[392 161]]

 [[393 161]]

 [[394 161]]

 [[395 162]]

 [[396 162]]

 [[397 162]]

 [[398 162]]

 [[399 162]]

 [[400 162]]

 [[401 162]]

 [[402 162]]

 [[403 162]]

 [[404 163]]

 [[405 163]]

 [[406 163]]

 [[407 163]]

 [[408 163]]

 [[409 163]]

 [[410 163]]

 [[411 163]]

 [[412 163]]

 [[413 163]]

 [[414 163]]

 [[415 163]]

 [[416 163]]

 [[417 163]]

 [[418 164]]

 [[418 165]]

 [[417 166]]

 [[416 167]]

 [[415 168]]

 [[414 168]]

 [[413 169]]

 [[412 169]]

 [[411 169]]

 [[410 170]]

 [[409 170]]

 [[408 170]]

 [[407 170]]

 [[406 170]]

 [[405 171]]

 [[404 171]]

 [[403 171]]

 [[402 171]]

 [[401 171]]

 [[400 171]]

 [[399 171]]

 [[398 171]]

 [[397 171]]

 [[396 170]]

 [[395 170]]

 [[394 170]]

 [[393 170]]

 [[392 170]]

 [[391 170]]

 [[390 170]]

 [[389 170]]

 [[388 169]]

 [[387 169]]

 [[386 169]]

 [[385 169]]

 [[384 168]]

 [[383 168]]

 [[382 168]]

 [[381 167]]

 [[380 167]]

 [[379 167]]

 [[378 166]]

 [[377 166]]

 [[376 165]]

 [[375 165]]

 [[374 164]]

 [[373 164]]

 [[372 163]]

 [[371 163]]

 [[370 162]]

 [[369 161]]

 [[368 160]]

 [[367 159]]

 [[366 158]]

 [[365 157]]

 [[365 156]]]
[[[  0   0]]

 [[370 100]]

 [[371 100]]

 [[372 100]]

 [[373 101]]

 [[374 101]]

 [[375 102]]

 [[376 102]]

 [[377 102]]

 [[378 103]]

 [[379 103]]

 [[380 103]]

 [[381 104]]

 [[382 104]]

 [[383 104]]

 [[384 104]]

 [[385 105]]

 [[386 105]]

 [[387 105]]

 [[388 105]]

 [[389 106]]

 [[390 106]]

 [[391 106]]

 [[392 106]]

 [[393 106]]

 [[394 107]]

 [[395 107]]

 [[396 107]]

 [[397 107]]

 [[398 107]]

 [[399 108]]

 [[400 108]]

 [[401 108]]

 [[402 108]]

 [[403 108]]

 [[404 108]]

 [[405 109]]

 [[406 109]]

 [[407 109]]

 [[408 109]]

 [[409 109]]

 [[410 109]]

 [[411 109]]

 [[412 109]]

 [[413 109]]

 [[414 109]]

 [[415 109]]

 [[416 109]]

 [[417 109]]

 [[418 109]]

 [[419 109]]

 [[420 109]]

 [[421 109]]

 [[422 109]]

 [[423 109]]

 [[424 108]]

 [[425 108]]

 [[426 108]]

 [[427 108]]

 [[428 108]]

 [[429 109]]

 [[430 109]]

 [[431 110]]

 [[431 111]]

 [[431 112]]

 [[430 113]]

 [[429 114]]

 [[428 115]]

 [[427 116]]

 [[426 116]]

 [[425 117]]

 [[424 117]]

 [[423 117]]

 [[422 117]]

 [[421 118]]

 [[420 118]]

 [[419 118]]

 [[418 118]]

 [[417 118]]

 [[417 119]]

 [[416 120]]

 [[415 120]]

 [[414 120]]

 [[413 120]]

 [[412 120]]

 [[411 120]]

 [[410 120]]

 [[409 120]]

 [[408 120]]

 [[407 120]]

 [[406 119]]

 [[405 119]]

 [[404 119]]

 [[403 119]]

 [[402 119]]

 [[401 119]]

 [[400 119]]

 [[399 119]]

 [[398 119]]

 [[397 119]]

 [[396 118]]

 [[395 118]]

 [[394 118]]

 [[393 118]]

 [[392 117]]

 [[391 117]]

 [[390 117]]

 [[389 117]]

 [[388 116]]

 [[387 116]]

 [[386 116]]

 [[385 115]]

 [[384 115]]

 [[383 114]]

 [[382 114]]

 [[381 114]]

 [[380 113]]

 [[379 113]]

 [[378 113]]

 [[377 112]]

 [[376 111]]

 [[375 111]]

 [[374 110]]

 [[373 109]]

 [[372 109]]

 [[371 108]]

 [[370 107]]

 [[369 106]]

 [[368 105]]

 [[367 104]]

 [[367 103]]

 [[368 102]]]
[[[  0   0]]

 [[218  80]]

 [[217  80]]

 [[217  81]]

 [[217  82]]

 [[217  83]]

 [[217  84]]

 [[217  85]]

 [[216  86]]

 [[215  86]]

 [[214  86]]

 [[213  86]]

 [[213  87]]

 [[212  88]]

 [[211  88]]

 [[210  89]]

 [[210  90]]

 [[210  91]]

 [[210  92]]

 [[210  93]]

 [[211  94]]

 [[212  95]]

 [[212  96]]

 [[211  97]]

 [[211  98]]

 [[210  99]]

 [[209  99]]

 [[208  98]]

 [[208  97]]

 [[207  96]]

 [[208  95]]

 [[207  94]]

 [[206  94]]

 [[205  94]]

 [[204  94]]

 [[204  95]]

 [[204  96]]

 [[203  97]]

 [[203  98]]

 [[203  99]]

 [[202 100]]

 [[201 101]]

 [[200 101]]

 [[200 102]]

 [[199 103]]

 [[199 104]]

 [[199 105]]

 [[200 106]]

 [[201 106]]

 [[202 107]]

 [[203 107]]

 [[204 107]]

 [[205 107]]

 [[206 106]]

 [[207 105]]

 [[208 105]]

 [[209 105]]

 [[210 105]]

 [[211 105]]

 [[212 105]]

 [[213 105]]

 [[214 105]]

 [[215 105]]

 [[216 105]]

 [[217 105]]

 [[218 105]]

 [[219 105]]

 [[220 105]]

 [[220 104]]

 [[219 103]]

 [[218 102]]

 [[217 102]]

 [[216 102]]

 [[215 102]]

 [[214 101]]

 [[213 100]]

 [[214  99]]

 [[214  98]]

 [[214  97]]

 [[215  96]]

 [[216  95]]

 [[216  94]]

 [[216  93]]

 [[216  92]]

 [[216  91]]

 [[217  90]]

 [[216  89]]

 [[216  88]]

 [[215  87]]

 [[216  86]]

 [[217  86]]

 [[218  85]]

 [[219  85]]

 [[220  84]]

 [[221  83]]

 [[222  83]]

 [[223  82]]

 [[224  82]]

 [[224  81]]

 [[225  80]]

 [[224  79]]

 [[223  79]]

 [[222  79]]

 [[221  79]]

 [[220  79]]]
[[[  0   0]]

 [[131  80]]

 [[130  80]]

 [[129  81]]

 [[128  80]]

 [[127  81]]

 [[126  81]]

 [[125  81]]

 [[124  80]]

 [[123  80]]

 [[122  80]]

 [[121  80]]

 [[120  80]]

 [[119  80]]

 [[118  80]]

 [[117  80]]

 [[116  80]]

 [[115  80]]

 [[114  80]]

 [[113  80]]

 [[112  80]]

 [[112  81]]

 [[112  82]]

 [[113  83]]

 [[114  83]]

 [[115  84]]

 [[115  85]]

 [[115  86]]

 [[115  87]]

 [[114  88]]

 [[113  89]]

 [[112  89]]

 [[111  89]]

 [[110  89]]

 [[109  89]]

 [[108  90]]

 [[108  91]]

 [[109  92]]

 [[110  92]]

 [[111  92]]

 [[112  93]]

 [[113  94]]

 [[112  95]]

 [[111  95]]

 [[110  95]]

 [[109  96]]

 [[108  96]]

 [[107  96]]

 [[107  97]]

 [[108  98]]

 [[108  99]]

 [[108 100]]

 [[108 101]]

 [[108 102]]

 [[107 103]]

 [[106 104]]

 [[105 104]]

 [[104 104]]

 [[103 104]]

 [[102 103]]

 [[101 102]]

 [[100 101]]

 [[ 99 101]]

 [[ 98 102]]

 [[ 99 103]]

 [[ 99 104]]

 [[ 98 105]]

 [[ 98 106]]

 [[ 99 106]]

 [[100 107]]

 [[101 108]]

 [[102 109]]

 [[103 110]]

 [[104 111]]

 [[104 112]]

 [[105 112]]

 [[106 112]]

 [[107 112]]

 [[108 113]]

 [[109 114]]

 [[109 115]]

 [[109 114]]

 [[110 113]]

 [[111 112]]

 [[112 111]]

 [[112 110]]

 [[111 109]]

 [[111 108]]

 [[111 107]]

 [[111 106]]

 [[111 105]]

 [[111 104]]

 [[112 103]]

 [[111 102]]

 [[111 101]]

 [[111 100]]

 [[112  99]]

 [[113  98]]

 [[114  97]]

 [[115  98]]

 [[116  98]]

 [[117  97]]

 [[118  96]]

 [[118  95]]

 [[119  94]]

 [[119  93]]

 [[119  92]]

 [[119  91]]

 [[119  90]]

 [[119  89]]

 [[120  88]]

 [[119  87]]

 [[120  86]]

 [[121  86]]

 [[122  86]]

 [[123  87]]

 [[124  86]]

 [[125  86]]

 [[126  86]]

 [[127  86]]

 [[128  87]]

 [[129  87]]

 [[130  87]]

 [[131  87]]

 [[132  87]]

 [[133  88]]

 [[134  89]]

 [[134  90]]

 [[135  90]]

 [[136  91]]

 [[137  92]]

 [[138  92]]

 [[139  92]]

 [[140  91]]

 [[140  90]]

 [[139  89]]

 [[139  88]]

 [[139  87]]

 [[139  86]]

 [[138  86]]

 [[137  85]]

 [[137  84]]

 [[137  83]]

 [[136  82]]

 [[135  81]]

 [[134  80]]

 [[133  80]]]
[[[  0   0]]

 [[156  69]]

 [[157  70]]

 [[158  71]]

 [[157  72]]

 [[156  73]]

 [[156  74]]

 [[155  75]]

 [[155  76]]

 [[155  77]]

 [[154  78]]

 [[153  79]]

 [[152  78]]

 [[151  77]]

 [[151  76]]

 [[151  75]]

 [[150  75]]

 [[150  76]]

 [[150  77]]

 [[150  78]]

 [[149  79]]

 [[149  80]]

 [[148  81]]

 [[148  82]]

 [[149  83]]

 [[149  84]]

 [[149  85]]

 [[148  86]]

 [[147  87]]

 [[146  88]]

 [[145  88]]

 [[144  89]]

 [[143  90]]

 [[143  91]]

 [[144  92]]

 [[144  93]]

 [[144  94]]

 [[143  95]]

 [[142  96]]

 [[141  96]]

 [[140  96]]

 [[139  97]]

 [[139  98]]

 [[139  99]]

 [[138 100]]

 [[138 101]]

 [[137 102]]

 [[136 103]]

 [[135 103]]

 [[134 104]]

 [[134 105]]

 [[134 106]]

 [[134 107]]

 [[134 108]]

 [[135 109]]

 [[135 110]]

 [[134 111]]

 [[133 112]]

 [[132 112]]

 [[131 112]]

 [[130 111]]

 [[129 111]]

 [[129 112]]

 [[128 113]]

 [[128 114]]

 [[127 115]]

 [[126 115]]

 [[125 115]]

 [[124 115]]

 [[123 114]]

 [[122 114]]

 [[121 114]]

 [[121 115]]

 [[121 116]]

 [[121 117]]

 [[122 118]]

 [[123 119]]

 [[123 120]]

 [[124 121]]

 [[124 122]]

 [[123 123]]

 [[122 124]]

 [[121 124]]

 [[120 124]]

 [[119 123]]

 [[118 124]]

 [[118 125]]

 [[118 126]]

 [[118 127]]

 [[118 128]]

 [[118 129]]

 [[119 129]]

 [[120 130]]

 [[120 131]]

 [[121 131]]

 [[122 131]]

 [[123 132]]

 [[122 133]]

 [[121 134]]

 [[120 134]]

 [[119 135]]

 [[118 134]]

 [[117 134]]

 [[116 134]]

 [[115 134]]

 [[114 135]]

 [[115 136]]

 [[116 136]]

 [[117 137]]

 [[117 138]]

 [[117 139]]

 [[118 140]]

 [[119 139]]

 [[120 139]]

 [[121 138]]

 [[121 137]]

 [[121 136]]

 [[121 135]]

 [[121 134]]

 [[122 133]]

 [[123 133]]

 [[124 133]]

 [[125 134]]

 [[126 134]]

 [[127 133]]

 [[126 132]]

 [[127 131]]

 [[126 130]]

 [[127 129]]

 [[127 128]]

 [[128 127]]

 [[129 127]]

 [[130 127]]

 [[131 127]]

 [[132 127]]

 [[133 127]]

 [[134 127]]

 [[135 127]]

 [[136 126]]

 [[136 125]]

 [[135 124]]

 [[135 123]]

 [[135 122]]

 [[134 121]]

 [[135 120]]

 [[135 119]]

 [[135 118]]

 [[135 117]]

 [[135 116]]

 [[134 115]]

 [[134 114]]

 [[134 113]]

 [[135 112]]

 [[135 111]]

 [[136 110]]

 [[137 109]]

 [[138 108]]

 [[139 108]]

 [[140 107]]

 [[140 106]]

 [[141 105]]

 [[142 104]]

 [[143 103]]

 [[144 102]]

 [[145 101]]

 [[146 100]]

 [[147  99]]

 [[147  98]]

 [[148  97]]

 [[148  96]]

 [[149  95]]

 [[150  94]]

 [[150  93]]

 [[151  92]]

 [[151  91]]

 [[151  90]]

 [[152  89]]

 [[153  88]]

 [[154  87]]

 [[155  86]]

 [[156  85]]

 [[157  84]]

 [[158  84]]

 [[158  83]]

 [[158  82]]

 [[158  81]]

 [[159  80]]

 [[159  79]]

 [[160  78]]

 [[161  77]]

 [[162  77]]

 [[163  77]]

 [[163  76]]

 [[164  75]]

 [[165  74]]

 [[166  74]]

 [[167  74]]

 [[168  74]]

 [[169  74]]

 [[170  74]]

 [[171  75]]

 [[171  76]]

 [[172  77]]

 [[173  78]]

 [[174  78]]

 [[175  78]]

 [[176  78]]

 [[176  77]]

 [[176  76]]

 [[177  75]]

 [[178  74]]

 [[178  73]]

 [[177  72]]

 [[176  72]]

 [[175  72]]

 [[174  71]]

 [[173  70]]

 [[172  70]]

 [[171  69]]

 [[170  69]]

 [[169  69]]

 [[168  69]]

 [[167  69]]

 [[166  69]]

 [[165  69]]

 [[164  69]]

 [[163  70]]

 [[162  71]]

 [[161  70]]

 [[160  69]]

 [[159  68]]

 [[158  68]]

 [[157  68]]]
[[[  0   0]]

 [[350  65]]

 [[349  66]]

 [[350  66]]

 [[351  66]]

 [[352  66]]

 [[353  67]]

 [[353  68]]

 [[352  69]]

 [[351  70]]

 [[350  71]]

 [[349  72]]

 [[348  72]]

 [[347  73]]

 [[346  73]]

 [[345  73]]

 [[344  73]]

 [[343  73]]

 [[342  73]]

 [[342  74]]

 [[341  75]]

 [[340  75]]

 [[339  76]]

 [[338  77]]

 [[337  78]]

 [[336  78]]

 [[335  78]]

 [[334  78]]

 [[333  77]]

 [[332  77]]

 [[331  76]]

 [[331  77]]

 [[331  78]]

 [[331  79]]

 [[330  80]]

 [[329  81]]

 [[328  82]]

 [[327  82]]

 [[326  83]]

 [[325  83]]

 [[324  82]]

 [[323  81]]

 [[322  80]]

 [[321  80]]

 [[320  80]]

 [[319  80]]

 [[318  80]]

 [[317  81]]

 [[316  82]]

 [[315  82]]

 [[314  82]]

 [[314  83]]

 [[314  84]]

 [[313  85]]

 [[312  86]]

 [[311  87]]

 [[310  88]]

 [[309  89]]

 [[308  89]]

 [[307  89]]

 [[306  89]]

 [[305  89]]

 [[304  89]]

 [[303  89]]

 [[302  90]]

 [[301  90]]

 [[300  90]]

 [[299  90]]

 [[298  91]]

 [[297  92]]

 [[296  92]]

 [[295  93]]

 [[294  94]]

 [[293  94]]

 [[292  94]]

 [[291  94]]

 [[290  94]]

 [[289  94]]

 [[288  94]]

 [[287  93]]

 [[287  92]]

 [[287  91]]

 [[288  90]]

 [[288  89]]

 [[288  88]]

 [[287  87]]

 [[287  86]]

 [[287  85]]

 [[287  84]]

 [[288  83]]

 [[288  82]]

 [[288  81]]

 [[288  80]]

 [[289  79]]

 [[290  78]]

 [[290  77]]

 [[289  78]]

 [[288  78]]

 [[287  78]]

 [[286  78]]

 [[285  79]]

 [[284  80]]

 [[284  81]]

 [[283  82]]

 [[282  82]]

 [[281  83]]

 [[282  84]]

 [[283  84]]

 [[284  85]]

 [[283  86]]

 [[283  87]]

 [[284  88]]

 [[284  89]]

 [[284  90]]

 [[284  91]]

 [[283  92]]

 [[284  93]]

 [[283  94]]

 [[282  94]]

 [[283  95]]

 [[282  96]]

 [[281  97]]

 [[280  98]]

 [[279  99]]

 [[279 100]]

 [[279 101]]

 [[279 102]]

 [[280 102]]

 [[281 102]]

 [[282 102]]

 [[283 102]]

 [[284 102]]

 [[285 103]]

 [[285 104]]

 [[286 103]]

 [[287 103]]

 [[288 102]]

 [[289 101]]

 [[290 100]]

 [[291 100]]

 [[292  99]]

 [[293  99]]

 [[294  99]]

 [[295  99]]

 [[296  99]]

 [[297  99]]

 [[298 100]]

 [[298 101]]

 [[299 102]]

 [[300 102]]

 [[301 102]]

 [[302 102]]

 [[302 101]]

 [[301 101]]

 [[300 100]]

 [[299 100]]

 [[298  99]]

 [[298  98]]

 [[299  97]]

 [[300  97]]

 [[301  96]]

 [[302  96]]

 [[303  95]]

 [[304  95]]

 [[305  95]]

 [[306  96]]

 [[307  97]]

 [[308  96]]

 [[309  96]]

 [[310  95]]

 [[311  94]]

 [[312  93]]

 [[313  92]]

 [[314  92]]

 [[315  92]]

 [[316  92]]

 [[317  92]]

 [[318  91]]

 [[319  91]]

 [[320  90]]

 [[321  90]]

 [[322  89]]

 [[323  89]]

 [[324  88]]

 [[325  88]]

 [[326  89]]

 [[327  89]]

 [[328  89]]

 [[329  89]]

 [[330  88]]

 [[331  87]]

 [[332  87]]

 [[333  86]]

 [[333  85]]

 [[334  84]]

 [[335  83]]

 [[336  83]]

 [[337  83]]

 [[338  83]]

 [[339  82]]

 [[340  82]]

 [[341  82]]

 [[342  81]]

 [[343  80]]

 [[344  80]]

 [[345  79]]

 [[346  79]]

 [[347  78]]

 [[348  78]]

 [[349  77]]

 [[350  77]]

 [[351  76]]

 [[352  76]]

 [[353  76]]

 [[354  77]]

 [[354  78]]

 [[355  78]]

 [[356  78]]

 [[357  77]]

 [[358  76]]

 [[359  75]]

 [[358  74]]

 [[358  73]]

 [[357  72]]

 [[358  71]]

 [[358  70]]

 [[358  69]]

 [[357  69]]

 [[356  68]]

 [[355  68]]

 [[354  67]]

 [[353  66]]

 [[352  65]]

 [[352  64]]]
[[[  0   0]]

 [[250  52]]

 [[249  52]]

 [[248  53]]

 [[247  53]]

 [[246  53]]

 [[245  52]]

 [[244  52]]

 [[243  52]]

 [[242  52]]

 [[241  52]]

 [[241  53]]

 [[242  54]]

 [[242  55]]

 [[241  56]]

 [[240  57]]

 [[239  57]]

 [[238  57]]

 [[237  57]]

 [[236  58]]

 [[236  59]]

 [[236  60]]

 [[236  61]]

 [[235  62]]

 [[234  63]]

 [[233  63]]

 [[233  64]]

 [[233  65]]

 [[233  66]]

 [[232  67]]

 [[231  68]]

 [[230  69]]

 [[229  69]]

 [[229  70]]

 [[228  71]]

 [[227  71]]

 [[226  71]]

 [[225  71]]

 [[224  70]]

 [[223  69]]

 [[222  68]]

 [[221  67]]

 [[220  66]]

 [[219  65]]

 [[218  64]]

 [[218  63]]

 [[218  62]]

 [[218  61]]

 [[217  61]]

 [[216  61]]

 [[215  61]]

 [[214  61]]

 [[213  61]]

 [[212  61]]

 [[211  60]]

 [[210  60]]

 [[209  59]]

 [[208  60]]

 [[207  60]]

 [[206  60]]

 [[205  60]]

 [[204  60]]

 [[203  61]]

 [[202  61]]

 [[201  62]]

 [[201  63]]

 [[201  64]]

 [[200  65]]

 [[199  66]]

 [[198  67]]

 [[197  68]]

 [[196  69]]

 [[195  70]]

 [[194  70]]

 [[193  71]]

 [[193  72]]

 [[193  73]]

 [[192  74]]

 [[191  75]]

 [[191  76]]

 [[190  77]]

 [[189  77]]

 [[188  76]]

 [[187  75]]

 [[186  76]]

 [[187  76]]

 [[188  77]]

 [[188  78]]

 [[188  79]]

 [[188  80]]

 [[189  81]]

 [[189  82]]

 [[190  83]]

 [[191  84]]

 [[191  85]]

 [[190  86]]

 [[189  87]]

 [[188  86]]

 [[187  85]]

 [[187  84]]

 [[186  84]]

 [[185  84]]

 [[184  83]]

 [[184  82]]

 [[184  81]]

 [[183  80]]

 [[183  79]]

 [[183  78]]

 [[183  77]]

 [[183  76]]

 [[182  76]]

 [[181  76]]

 [[181  77]]

 [[180  78]]

 [[179  79]]

 [[180  80]]

 [[181  81]]

 [[182  82]]

 [[183  83]]

 [[184  84]]

 [[183  85]]

 [[182  86]]

 [[181  87]]

 [[180  88]]

 [[179  88]]

 [[178  89]]

 [[177  90]]

 [[176  91]]

 [[176  92]]

 [[175  93]]

 [[174  94]]

 [[173  95]]

 [[173  96]]

 [[172  97]]

 [[171  98]]

 [[170  99]]

 [[169 100]]

 [[168 100]]

 [[167  99]]

 [[166  99]]

 [[165  99]]

 [[164  99]]

 [[163  99]]

 [[162  99]]

 [[161  99]]

 [[160  98]]

 [[159  98]]

 [[158  98]]

 [[157  98]]

 [[156  98]]

 [[155  98]]

 [[155  99]]

 [[154 100]]

 [[155 101]]

 [[156 101]]

 [[157 101]]

 [[158 102]]

 [[159 102]]

 [[160 103]]

 [[160 104]]

 [[160 105]]

 [[160 106]]

 [[160 107]]

 [[159 108]]

 [[160 109]]

 [[160 110]]

 [[160 111]]

 [[160 112]]

 [[160 113]]

 [[160 114]]

 [[160 115]]

 [[161 116]]

 [[162 116]]

 [[163 116]]

 [[164 116]]

 [[165 116]]

 [[165 115]]

 [[166 114]]

 [[167 114]]

 [[168 114]]

 [[169 114]]

 [[170 114]]

 [[171 114]]

 [[172 114]]

 [[173 115]]

 [[173 116]]

 [[173 117]]

 [[173 118]]

 [[174 118]]

 [[175 118]]

 [[176 117]]

 [[176 116]]

 [[175 115]]

 [[175 114]]

 [[175 113]]

 [[174 112]]

 [[173 112]]

 [[172 112]]

 [[171 112]]

 [[170 111]]

 [[169 110]]

 [[170 109]]

 [[171 108]]

 [[172 108]]

 [[173 108]]

 [[174 108]]

 [[175 107]]

 [[175 106]]

 [[176 105]]

 [[175 104]]

 [[174 103]]

 [[174 102]]

 [[174 101]]

 [[175 100]]

 [[176  99]]

 [[177  99]]

 [[178  98]]

 [[179  98]]

 [[180  97]]

 [[180  96]]

 [[181  95]]

 [[181  94]]

 [[182  93]]

 [[182  92]]

 [[183  91]]

 [[184  91]]

 [[185  91]]

 [[186  91]]

 [[187  91]]

 [[188  92]]

 [[189  93]]

 [[190  93]]

 [[191  93]]

 [[192  93]]

 [[193  92]]

 [[194  91]]

 [[195  91]]

 [[196  91]]

 [[197  91]]

 [[198  91]]

 [[199  91]]

 [[200  91]]

 [[201  91]]

 [[201  90]]

 [[201  89]]

 [[200  88]]

 [[199  88]]

 [[198  88]]

 [[197  88]]

 [[196  88]]

 [[195  87]]

 [[194  86]]

 [[194  85]]

 [[193  84]]

 [[193  83]]

 [[194  82]]

 [[195  82]]

 [[195  81]]

 [[196  80]]

 [[196  79]]

 [[197  78]]

 [[198  77]]

 [[198  76]]

 [[199  75]]

 [[199  74]]

 [[200  73]]

 [[201  73]]

 [[202  73]]

 [[202  72]]

 [[203  71]]

 [[203  70]]

 [[203  69]]

 [[204  68]]

 [[205  67]]

 [[206  67]]

 [[207  67]]

 [[208  66]]

 [[209  66]]

 [[210  65]]

 [[211  65]]

 [[212  65]]

 [[213  65]]

 [[214  65]]

 [[215  65]]

 [[216  66]]

 [[217  67]]

 [[218  68]]

 [[219  69]]

 [[219  70]]

 [[220  71]]

 [[220  72]]

 [[220  73]]

 [[219  74]]

 [[218  74]]

 [[219  74]]

 [[220  74]]

 [[221  74]]

 [[222  74]]

 [[223  75]]

 [[224  75]]

 [[225  76]]

 [[226  76]]

 [[227  77]]

 [[228  77]]

 [[229  78]]

 [[229  79]]

 [[230  80]]

 [[231  80]]

 [[231  79]]

 [[232  78]]

 [[233  78]]

 [[234  77]]

 [[234  76]]

 [[235  75]]

 [[235  74]]

 [[234  73]]

 [[234  72]]

 [[234  71]]

 [[234  70]]

 [[234  69]]

 [[235  68]]

 [[236  67]]

 [[237  66]]

 [[238  65]]

 [[238  64]]

 [[238  63]]

 [[239  62]]

 [[240  62]]

 [[241  61]]

 [[242  60]]

 [[243  60]]

 [[244  59]]

 [[245  59]]

 [[246  58]]

 [[247  58]]

 [[248  59]]

 [[249  58]]

 [[250  57]]

 [[250  56]]

 [[250  55]]

 [[250  54]]

 [[251  53]]

 [[251  52]]

 [[252  51]]]
[[[  0   0]]

 [[439  46]]

 [[438  47]]

 [[438  48]]

 [[439  49]]

 [[439  50]]

 [[439  51]]

 [[439  52]]

 [[438  53]]

 [[438  54]]

 [[437  55]]

 [[436  56]]

 [[436  57]]

 [[436  58]]

 [[435  59]]

 [[434  60]]

 [[433  60]]

 [[432  60]]

 [[431  60]]

 [[430  60]]

 [[429  61]]

 [[428  60]]

 [[427  60]]

 [[426  60]]

 [[425  59]]

 [[424  59]]

 [[423  58]]

 [[423  57]]

 [[422  56]]

 [[421  55]]

 [[420  54]]

 [[419  55]]

 [[418  56]]

 [[417  55]]

 [[416  56]]

 [[415  55]]

 [[415  54]]

 [[414  54]]

 [[413  53]]

 [[412  53]]

 [[411  54]]

 [[410  55]]

 [[410  56]]

 [[409  57]]

 [[408  58]]

 [[407  59]]

 [[406  60]]

 [[405  61]]

 [[405  62]]

 [[405  63]]

 [[405  64]]

 [[406  65]]

 [[407  65]]

 [[408  65]]

 [[409  65]]

 [[410  65]]

 [[411  65]]

 [[412  65]]

 [[413  65]]

 [[414  65]]

 [[415  65]]

 [[416  65]]

 [[417  65]]

 [[418  65]]

 [[419  65]]

 [[420  65]]

 [[421  65]]

 [[422  65]]

 [[423  65]]

 [[424  65]]

 [[425  65]]

 [[426  65]]

 [[427  65]]

 [[428  65]]

 [[429  64]]

 [[430  64]]

 [[431  64]]

 [[432  64]]

 [[433  63]]

 [[434  63]]

 [[435  63]]

 [[436  63]]

 [[437  63]]

 [[438  63]]

 [[439  63]]

 [[440  62]]

 [[441  62]]

 [[442  62]]

 [[443  61]]

 [[444  60]]

 [[445  59]]

 [[446  58]]

 [[447  58]]

 [[448  57]]

 [[449  56]]

 [[449  55]]

 [[449  54]]

 [[449  53]]

 [[449  52]]

 [[449  51]]

 [[448  50]]

 [[448  49]]

 [[447  48]]

 [[446  48]]

 [[445  47]]

 [[444  47]]

 [[443  47]]

 [[442  46]]

 [[441  45]]

 [[440  45]]]
[[[  0   0]]

 [[527  40]]

 [[526  40]]

 [[525  41]]

 [[524  41]]

 [[523  42]]

 [[522  43]]

 [[521  43]]

 [[520  44]]

 [[519  45]]

 [[518  45]]

 [[517  46]]

 [[516  47]]

 [[515  47]]

 [[514  47]]

 [[513  48]]

 [[512  48]]

 [[511  49]]

 [[510  50]]

 [[509  51]]

 [[509  52]]

 [[508  53]]

 [[507  54]]

 [[506  54]]

 [[505  54]]

 [[504  54]]

 [[503  55]]

 [[502  55]]

 [[501  56]]

 [[500  57]]

 [[499  57]]

 [[498  56]]

 [[498  57]]

 [[497  58]]

 [[496  57]]

 [[495  56]]

 [[495  55]]

 [[495  54]]

 [[494  55]]

 [[493  55]]

 [[493  56]]

 [[494  57]]

 [[494  58]]

 [[494  59]]

 [[493  60]]

 [[492  60]]

 [[491  59]]

 [[490  58]]

 [[489  58]]

 [[489  59]]

 [[489  60]]

 [[488  61]]

 [[488  62]]

 [[488  63]]

 [[487  64]]

 [[487  65]]

 [[486  66]]

 [[486  67]]

 [[486  68]]

 [[486  69]]

 [[485  70]]

 [[486  70]]

 [[487  70]]

 [[487  69]]

 [[488  68]]

 [[489  68]]

 [[490  68]]

 [[491  68]]

 [[492  68]]

 [[493  68]]

 [[494  67]]

 [[495  66]]

 [[495  65]]

 [[495  64]]

 [[496  63]]

 [[497  63]]

 [[498  63]]

 [[499  63]]

 [[500  63]]

 [[501  63]]

 [[502  63]]

 [[503  62]]

 [[503  61]]

 [[503  60]]

 [[504  59]]

 [[505  58]]

 [[506  58]]

 [[507  59]]

 [[508  59]]

 [[509  60]]

 [[509  59]]

 [[510  58]]

 [[511  57]]

 [[511  56]]

 [[512  55]]

 [[512  54]]

 [[513  53]]

 [[514  52]]

 [[515  51]]

 [[516  50]]

 [[517  50]]

 [[517  49]]

 [[518  48]]

 [[519  48]]

 [[520  47]]

 [[521  47]]

 [[522  48]]

 [[523  48]]

 [[524  48]]

 [[525  49]]

 [[526  48]]

 [[527  47]]

 [[527  46]]

 [[527  45]]

 [[527  44]]

 [[527  43]]

 [[527  42]]

 [[527  41]]

 [[528  40]]]
