[[[  0   0]]

 [[175 166]]

 [[175 167]]

 [[174 168]]

 [[174 169]]

 [[173 170]]

 [[173 171]]

 [[172 172]]

 [[171 173]]

 [[171 174]]

 [[170 175]]

 [[169 176]]

 [[168 177]]

 [[167 178]]

 [[166 179]]

 [[165 180]]

 [[164 181]]

 [[163 181]]

 [[162 182]]

 [[161 183]]

 [[160 183]]

 [[159 184]]

 [[158 185]]

 [[157 185]]

 [[156 186]]

 [[155 186]]

 [[154 187]]

 [[153 187]]

 [[152 188]]

 [[151 188]]

 [[150 188]]

 [[149 189]]

 [[148 189]]

 [[147 189]]

 [[146 190]]

 [[145 190]]

 [[144 190]]

 [[143 191]]

 [[142 191]]

 [[141 191]]

 [[140 191]]

 [[139 192]]

 [[138 192]]

 [[137 193]]

 [[136 193]]

 [[135 193]]

 [[134 193]]

 [[133 193]]

 [[132 193]]

 [[131 194]]

 [[130 194]]

 [[129 194]]

 [[128 194]]

 [[127 194]]

 [[126 194]]

 [[125 194]]

 [[124 194]]

 [[123 194]]

 [[122 194]]

 [[121 194]]

 [[120 194]]

 [[119 194]]

 [[118 194]]

 [[117 194]]

 [[116 194]]

 [[115 194]]

 [[114 194]]

 [[113 194]]

 [[112 194]]

 [[111 194]]

 [[110 194]]

 [[109 194]]

 [[108 194]]

 [[107 194]]

 [[106 193]]

 [[105 193]]

 [[104 192]]

 [[103 192]]

 [[102 192]]

 [[101 191]]

 [[100 191]]

 [[ 99 191]]

 [[ 98 190]]

 [[ 97 189]]

 [[ 96 189]]

 [[ 95 188]]

 [[ 94 188]]

 [[ 93 187]]

 [[ 92 186]]

 [[ 91 185]]

 [[ 90 184]]

 [[ 89 183]]

 [[ 88 182]]

 [[ 88 183]]

 [[ 88 184]]

 [[ 88 185]]

 [[ 88 186]]

 [[ 88 187]]

 [[ 89 188]]

 [[ 89 189]]

 [[ 89 190]]

 [[ 89 191]]

 [[ 90 192]]

 [[ 90 193]]

 [[ 90 194]]

 [[ 91 195]]

 [[ 91 196]]

 [[ 92 197]]

 [[ 93 198]]

 [[ 94 198]]

 [[ 95 199]]

 [[ 96 199]]

 [[ 97 200]]

 [[ 98 201]]

 [[ 99 202]]

 [[100 202]]

 [[101 202]]

 [[102 203]]

 [[103 203]]

 [[104 204]]

 [[105 204]]

 [[106 205]]

 [[107 205]]

 [[108 205]]

 [[109 206]]

 [[110 206]]

 [[111 206]]

 [[112 207]]

 [[113 207]]

 [[114 207]]

 [[115 207]]

 [[116 207]]

 [[117 207]]

 [[118 207]]

 [[119 207]]

 [[120 208]]

 [[121 208]]

 [[122 208]]

 [[123 208]]

 [[124 208]]

 [[125 208]]

 [[126 208]]

 [[127 208]]

 [[128 208]]

 [[129 208]]

 [[130 208]]

 [[131 208]]

 [[132 207]]

 [[133 207]]

 [[134 207]]

 [[135 207]]

 [[136 207]]

 [[137 207]]

 [[138 206]]

 [[139 206]]

 [[140 206]]

 [[141 206]]

 [[142 205]]

 [[143 205]]

 [[144 205]]

 [[145 204]]

 [[146 204]]

 [[147 204]]

 [[148 203]]

 [[149 203]]

 [[150 203]]

 [[151 202]]

 [[152 202]]

 [[153 201]]

 [[154 201]]

 [[155 200]]

 [[156 200]]

 [[157 200]]

 [[158 199]]

 [[159 198]]

 [[160 198]]

 [[161 197]]

 [[162 196]]

 [[163 196]]

 [[164 195]]

 [[165 194]]

 [[166 193]]

 [[167 193]]

 [[168 192]]

 [[169 191]]

 [[170 190]]

 [[171 189]]

 [[172 188]]

 [[173 187]]

 [[173 186]]

 [[174 185]]

 [[175 184]]

 [[175 183]]

 [[175 182]]

 [[176 181]]

 [[176 180]]

 [[177 179]]

 [[177 178]]

 [[177 177]]

 [[177 176]]

 [[177 175]]

 [[177 174]]

 [[177 173]]

 [[177 172]]

 [[177 171]]

 [[177 170]]

 [[177 169]]

 [[177 168]]

 [[176 167]]

 [[176 166]]]
[[[  0   0]]

 [[  1 164]]

 [[  1 165]]

 [[  1 166]]

 [[  1 167]]

 [[  1 168]]

 [[  1 169]]

 [[  1 170]]

 [[  1 171]]

 [[  1 172]]

 [[  1 173]]

 [[  1 174]]

 [[  1 175]]

 [[  1 176]]

 [[  1 177]]

 [[  1 178]]

 [[  1 179]]

 [[  1 180]]

 [[  1 181]]

 [[  1 182]]

 [[  1 183]]

 [[  1 184]]

 [[  1 185]]

 [[  1 186]]

 [[  1 187]]

 [[  1 188]]

 [[  1 189]]

 [[  1 190]]

 [[  1 191]]

 [[  1 192]]

 [[  1 193]]

 [[  1 194]]

 [[  1 195]]

 [[  1 196]]

 [[  1 197]]

 [[  1 198]]

 [[  2 197]]

 [[  3 197]]

 [[  4 197]]

 [[  5 198]]

 [[  6 198]]

 [[  7 198]]

 [[  8 198]]

 [[  9 198]]

 [[ 10 199]]

 [[ 11 199]]

 [[ 12 199]]

 [[ 13 199]]

 [[ 13 198]]

 [[ 13 197]]

 [[ 13 196]]

 [[ 12 195]]

 [[ 12 196]]

 [[ 11 197]]

 [[ 10 196]]

 [[ 10 195]]

 [[ 10 194]]

 [[  9 193]]

 [[  9 192]]

 [[  9 191]]

 [[  9 190]]

 [[  8 191]]

 [[  7 190]]

 [[  7 189]]

 [[  7 188]]

 [[  6 187]]

 [[  6 186]]

 [[  6 185]]

 [[  5 184]]

 [[  5 183]]

 [[  6 182]]

 [[  6 181]]

 [[  6 180]]

 [[  6 179]]

 [[  5 178]]

 [[  5 177]]

 [[  5 176]]

 [[  6 175]]

 [[  6 174]]

 [[  6 173]]

 [[  7 172]]

 [[  7 171]]

 [[  7 170]]

 [[  6 169]]

 [[  6 168]]

 [[  5 167]]

 [[  5 166]]

 [[  5 165]]

 [[  5 164]]

 [[  4 163]]

 [[  3 163]]

 [[  2 163]]]
[[[  0   0]]

 [[ 79 161]]

 [[ 78 162]]

 [[ 77 163]]

 [[ 76 164]]

 [[ 75 165]]

 [[ 74 166]]

 [[ 73 167]]

 [[ 72 168]]

 [[ 71 169]]

 [[ 70 170]]

 [[ 69 170]]

 [[ 68 171]]

 [[ 67 172]]

 [[ 66 172]]

 [[ 65 173]]

 [[ 64 173]]

 [[ 63 174]]

 [[ 62 174]]

 [[ 61 175]]

 [[ 60 175]]

 [[ 59 176]]

 [[ 58 176]]

 [[ 57 177]]

 [[ 56 177]]

 [[ 55 177]]

 [[ 54 178]]

 [[ 53 179]]

 [[ 52 179]]

 [[ 51 179]]

 [[ 50 179]]

 [[ 49 180]]

 [[ 48 180]]

 [[ 47 180]]

 [[ 46 180]]

 [[ 45 181]]

 [[ 44 181]]

 [[ 43 181]]

 [[ 42 182]]

 [[ 41 182]]

 [[ 40 182]]

 [[ 39 182]]

 [[ 38 183]]

 [[ 37 183]]

 [[ 36 183]]

 [[ 35 183]]

 [[ 34 183]]

 [[ 33 183]]

 [[ 32 183]]

 [[ 31 183]]

 [[ 30 183]]

 [[ 29 183]]

 [[ 28 183]]

 [[ 27 183]]

 [[ 26 183]]

 [[ 25 183]]

 [[ 24 183]]

 [[ 23 183]]

 [[ 22 182]]

 [[ 21 182]]

 [[ 20 182]]

 [[ 19 182]]

 [[ 18 181]]

 [[ 17 181]]

 [[ 16 180]]

 [[ 15 179]]

 [[ 14 179]]

 [[ 13 179]]

 [[ 13 180]]

 [[ 13 181]]

 [[ 13 182]]

 [[ 13 183]]

 [[ 13 184]]

 [[ 14 185]]

 [[ 14 186]]

 [[ 13 187]]

 [[ 13 188]]

 [[ 14 188]]

 [[ 15 188]]

 [[ 16 189]]

 [[ 17 189]]

 [[ 18 190]]

 [[ 19 191]]

 [[ 20 192]]

 [[ 21 192]]

 [[ 22 193]]

 [[ 23 193]]

 [[ 24 194]]

 [[ 25 194]]

 [[ 26 194]]

 [[ 27 194]]

 [[ 28 195]]

 [[ 29 195]]

 [[ 30 195]]

 [[ 31 195]]

 [[ 32 195]]

 [[ 33 195]]

 [[ 34 195]]

 [[ 35 195]]

 [[ 36 195]]

 [[ 37 195]]

 [[ 38 195]]

 [[ 39 195]]

 [[ 40 194]]

 [[ 41 194]]

 [[ 42 194]]

 [[ 43 194]]

 [[ 44 194]]

 [[ 45 194]]

 [[ 46 194]]

 [[ 47 193]]

 [[ 48 193]]

 [[ 49 193]]

 [[ 50 193]]

 [[ 51 192]]

 [[ 52 192]]

 [[ 53 192]]

 [[ 54 192]]

 [[ 55 191]]

 [[ 56 191]]

 [[ 57 190]]

 [[ 58 190]]

 [[ 59 190]]

 [[ 60 190]]

 [[ 61 189]]

 [[ 62 189]]

 [[ 63 188]]

 [[ 64 188]]

 [[ 65 187]]

 [[ 66 187]]

 [[ 67 186]]

 [[ 68 185]]

 [[ 69 185]]

 [[ 70 184]]

 [[ 71 184]]

 [[ 72 183]]

 [[ 73 182]]

 [[ 74 181]]

 [[ 75 181]]

 [[ 76 180]]

 [[ 77 179]]

 [[ 78 178]]

 [[ 79 177]]

 [[ 80 176]]

 [[ 81 175]]

 [[ 82 174]]

 [[ 83 173]]

 [[ 83 172]]

 [[ 84 171]]

 [[ 84 170]]

 [[ 84 169]]

 [[ 84 168]]

 [[ 83 167]]

 [[ 83 166]]

 [[ 83 165]]

 [[ 83 164]]

 [[ 83 163]]

 [[ 82 162]]

 [[ 82 161]]

 [[ 81 160]]]
[[[  0   0]]

 [[167 115]]

 [[167 116]]

 [[166 117]]

 [[165 118]]

 [[165 119]]

 [[165 120]]

 [[164 121]]

 [[163 122]]

 [[163 123]]

 [[162 124]]

 [[161 125]]

 [[160 126]]

 [[159 126]]

 [[158 127]]

 [[157 128]]

 [[156 129]]

 [[155 129]]

 [[154 130]]

 [[153 131]]

 [[152 131]]

 [[151 132]]

 [[150 132]]

 [[149 133]]

 [[148 133]]

 [[147 134]]

 [[146 134]]

 [[145 134]]

 [[144 135]]

 [[143 135]]

 [[142 136]]

 [[141 136]]

 [[140 136]]

 [[139 137]]

 [[138 137]]

 [[137 138]]

 [[136 138]]

 [[135 138]]

 [[134 138]]

 [[133 138]]

 [[132 139]]

 [[131 139]]

 [[130 139]]

 [[129 139]]

 [[128 140]]

 [[127 140]]

 [[126 140]]

 [[125 140]]

 [[124 140]]

 [[123 140]]

 [[122 141]]

 [[121 141]]

 [[120 141]]

 [[119 141]]

 [[118 141]]

 [[117 141]]

 [[116 141]]

 [[115 142]]

 [[114 142]]

 [[113 142]]

 [[112 142]]

 [[111 142]]

 [[110 142]]

 [[109 142]]

 [[108 142]]

 [[107 142]]

 [[106 142]]

 [[105 142]]

 [[104 142]]

 [[103 142]]

 [[102 142]]

 [[101 141]]

 [[100 141]]

 [[ 99 141]]

 [[ 98 141]]

 [[ 97 141]]

 [[ 96 141]]

 [[ 95 141]]

 [[ 94 141]]

 [[ 93 141]]

 [[ 92 141]]

 [[ 91 140]]

 [[ 90 140]]

 [[ 89 140]]

 [[ 88 139]]

 [[ 87 139]]

 [[ 86 138]]

 [[ 85 138]]

 [[ 84 137]]

 [[ 83 137]]

 [[ 82 136]]

 [[ 81 136]]

 [[ 80 135]]

 [[ 79 134]]

 [[ 78 134]]

 [[ 77 134]]

 [[ 77 135]]

 [[ 78 136]]

 [[ 78 137]]

 [[ 78 138]]

 [[ 78 139]]

 [[ 79 140]]

 [[ 79 141]]

 [[ 79 142]]

 [[ 79 143]]

 [[ 80 144]]

 [[ 80 145]]

 [[ 80 146]]

 [[ 80 147]]

 [[ 81 148]]

 [[ 81 149]]

 [[ 82 149]]

 [[ 83 150]]

 [[ 84 151]]

 [[ 85 151]]

 [[ 86 152]]

 [[ 87 152]]

 [[ 88 153]]

 [[ 89 153]]

 [[ 90 153]]

 [[ 91 154]]

 [[ 92 154]]

 [[ 93 154]]

 [[ 94 155]]

 [[ 95 155]]

 [[ 96 155]]

 [[ 97 156]]

 [[ 98 156]]

 [[ 99 157]]

 [[100 157]]

 [[101 157]]

 [[102 157]]

 [[103 157]]

 [[104 157]]

 [[105 157]]

 [[106 157]]

 [[107 157]]

 [[108 157]]

 [[109 157]]

 [[110 157]]

 [[111 157]]

 [[112 157]]

 [[113 157]]

 [[114 157]]

 [[115 157]]

 [[116 157]]

 [[117 157]]

 [[118 157]]

 [[119 157]]

 [[120 157]]

 [[121 157]]

 [[122 156]]

 [[123 156]]

 [[124 156]]

 [[125 156]]

 [[126 156]]

 [[127 156]]

 [[128 156]]

 [[129 155]]

 [[130 155]]

 [[131 155]]

 [[132 154]]

 [[133 154]]

 [[134 154]]

 [[135 154]]

 [[136 154]]

 [[137 154]]

 [[138 153]]

 [[139 153]]

 [[140 153]]

 [[141 152]]

 [[142 152]]

 [[143 152]]

 [[144 151]]

 [[145 150]]

 [[146 150]]

 [[147 150]]

 [[148 149]]

 [[149 149]]

 [[150 149]]

 [[151 148]]

 [[152 148]]

 [[153 147]]

 [[154 147]]

 [[155 146]]

 [[156 146]]

 [[157 145]]

 [[158 144]]

 [[159 143]]

 [[160 142]]

 [[161 141]]

 [[162 141]]

 [[163 140]]

 [[164 139]]

 [[165 138]]

 [[166 137]]

 [[166 136]]

 [[167 135]]

 [[167 134]]

 [[168 133]]

 [[169 132]]

 [[169 131]]

 [[169 130]]

 [[168 129]]

 [[168 128]]

 [[168 127]]

 [[168 126]]

 [[168 125]]

 [[168 124]]

 [[168 123]]

 [[168 122]]

 [[168 121]]

 [[168 120]]

 [[168 119]]

 [[168 118]]

 [[168 117]]

 [[168 116]]

 [[168 115]]]
[[[  0   0]]

 [[ 69 104]]

 [[ 69 105]]

 [[ 68 106]]

 [[ 67 107]]

 [[ 67 108]]

 [[ 68 108]]

 [[ 69 109]]

 [[ 69 110]]

 [[ 68 111]]

 [[ 68 112]]

 [[ 67 113]]

 [[ 66 114]]

 [[ 65 115]]

 [[ 64 116]]

 [[ 63 117]]

 [[ 62 118]]

 [[ 61 119]]

 [[ 60 120]]

 [[ 59 120]]

 [[ 58 121]]

 [[ 57 121]]

 [[ 56 122]]

 [[ 55 123]]

 [[ 54 123]]

 [[ 53 124]]

 [[ 52 124]]

 [[ 51 125]]

 [[ 50 125]]

 [[ 49 126]]

 [[ 48 126]]

 [[ 47 127]]

 [[ 46 128]]

 [[ 45 128]]

 [[ 44 128]]

 [[ 43 129]]

 [[ 42 129]]

 [[ 41 129]]

 [[ 40 129]]

 [[ 39 130]]

 [[ 38 130]]

 [[ 37 131]]

 [[ 36 131]]

 [[ 35 131]]

 [[ 34 131]]

 [[ 33 132]]

 [[ 32 132]]

 [[ 31 133]]

 [[ 30 133]]

 [[ 29 133]]

 [[ 28 133]]

 [[ 27 134]]

 [[ 26 134]]

 [[ 25 134]]

 [[ 24 134]]

 [[ 23 134]]

 [[ 22 134]]

 [[ 21 135]]

 [[ 20 135]]

 [[ 19 135]]

 [[ 18 135]]

 [[ 17 135]]

 [[ 16 135]]

 [[ 15 135]]

 [[ 14 135]]

 [[ 13 135]]

 [[ 12 136]]

 [[ 11 136]]

 [[ 10 135]]

 [[  9 135]]

 [[  8 135]]

 [[  7 135]]

 [[  6 135]]

 [[  5 135]]

 [[  4 135]]

 [[  3 134]]

 [[  2 134]]

 [[  1 133]]

 [[  1 134]]

 [[  1 135]]

 [[  1 136]]

 [[  1 137]]

 [[  1 138]]

 [[  1 139]]

 [[  1 140]]

 [[  1 141]]

 [[  1 142]]

 [[  1 143]]

 [[  2 144]]

 [[  3 145]]

 [[  4 146]]

 [[  5 147]]

 [[  6 147]]

 [[  7 147]]

 [[  8 148]]

 [[  9 148]]

 [[ 10 148]]

 [[ 11 148]]

 [[ 12 149]]

 [[ 13 149]]

 [[ 14 149]]

 [[ 15 149]]

 [[ 16 149]]

 [[ 17 149]]

 [[ 18 149]]

 [[ 19 149]]

 [[ 20 149]]

 [[ 21 149]]

 [[ 22 149]]

 [[ 23 149]]

 [[ 24 148]]

 [[ 25 148]]

 [[ 26 148]]

 [[ 27 148]]

 [[ 28 148]]

 [[ 29 148]]

 [[ 30 147]]

 [[ 31 147]]

 [[ 32 147]]

 [[ 33 147]]

 [[ 34 147]]

 [[ 35 146]]

 [[ 36 146]]

 [[ 37 146]]

 [[ 38 145]]

 [[ 39 145]]

 [[ 40 145]]

 [[ 41 144]]

 [[ 42 144]]

 [[ 43 144]]

 [[ 44 144]]

 [[ 45 143]]

 [[ 46 143]]

 [[ 47 142]]

 [[ 48 142]]

 [[ 49 141]]

 [[ 50 141]]

 [[ 51 141]]

 [[ 52 140]]

 [[ 53 140]]

 [[ 54 139]]

 [[ 55 138]]

 [[ 56 138]]

 [[ 57 137]]

 [[ 58 137]]

 [[ 59 136]]

 [[ 60 135]]

 [[ 61 135]]

 [[ 62 134]]

 [[ 63 133]]

 [[ 64 132]]

 [[ 65 132]]

 [[ 66 131]]

 [[ 67 130]]

 [[ 68 129]]

 [[ 69 128]]

 [[ 70 127]]

 [[ 71 126]]

 [[ 72 125]]

 [[ 73 124]]

 [[ 74 123]]

 [[ 73 122]]

 [[ 73 121]]

 [[ 73 120]]

 [[ 73 119]]

 [[ 72 118]]

 [[ 72 117]]

 [[ 72 116]]

 [[ 71 115]]

 [[ 71 114]]

 [[ 71 113]]

 [[ 71 112]]

 [[ 71 111]]

 [[ 71 110]]

 [[ 71 109]]

 [[ 70 108]]

 [[ 70 107]]

 [[ 69 106]]

 [[ 69 105]]

 [[ 69 104]]]
[[[  0   0]]

 [[ 94  84]]

 [[ 93  84]]

 [[ 92  85]]

 [[ 91  85]]

 [[ 90  86]]

 [[ 89  86]]

 [[ 88  86]]

 [[ 87  86]]

 [[ 86  87]]

 [[ 85  87]]

 [[ 84  87]]

 [[ 83  86]]

 [[ 82  86]]

 [[ 81  86]]

 [[ 80  86]]

 [[ 79  86]]

 [[ 78  86]]

 [[ 77  86]]

 [[ 76  87]]

 [[ 76  88]]

 [[ 75  89]]

 [[ 74  89]]

 [[ 73  89]]

 [[ 72  89]]

 [[ 71  88]]

 [[ 71  87]]

 [[ 71  86]]

 [[ 71  85]]

 [[ 70  84]]

 [[ 69  85]]

 [[ 68  85]]

 [[ 68  86]]

 [[ 68  87]]

 [[ 67  88]]

 [[ 67  89]]

 [[ 67  90]]

 [[ 67  91]]

 [[ 68  92]]

 [[ 68  93]]

 [[ 69  94]]

 [[ 70  94]]

 [[ 71  95]]

 [[ 72  95]]

 [[ 73  96]]

 [[ 74  96]]

 [[ 75  96]]

 [[ 76  97]]

 [[ 77  97]]

 [[ 78  97]]

 [[ 79  98]]

 [[ 80  98]]

 [[ 81  98]]

 [[ 82  97]]

 [[ 83  97]]

 [[ 84  97]]

 [[ 85  98]]

 [[ 86  98]]

 [[ 87  98]]

 [[ 88  98]]

 [[ 89  98]]

 [[ 90  98]]

 [[ 91  98]]

 [[ 92  98]]

 [[ 93  98]]

 [[ 94  99]]

 [[ 95  99]]

 [[ 96  99]]

 [[ 97  99]]

 [[ 98  99]]

 [[ 99  99]]

 [[100 100]]

 [[101 100]]

 [[102 100]]

 [[103 100]]

 [[104 100]]

 [[105 100]]

 [[106  99]]

 [[107  99]]

 [[108  99]]

 [[109  99]]

 [[110  99]]

 [[111  99]]

 [[112  98]]

 [[113  98]]

 [[114  98]]

 [[115  98]]

 [[116  97]]

 [[117  97]]

 [[118  97]]

 [[119  97]]

 [[120  97]]

 [[121  97]]

 [[122  97]]

 [[123  96]]

 [[124  96]]

 [[125  95]]

 [[126  95]]

 [[127  95]]

 [[128  95]]

 [[129  94]]

 [[130  94]]

 [[131  94]]

 [[132  94]]

 [[133  94]]

 [[134  93]]

 [[135  93]]

 [[136  92]]

 [[137  92]]

 [[138  92]]

 [[139  91]]

 [[140  91]]

 [[141  91]]

 [[142  91]]

 [[143  91]]

 [[144  91]]

 [[145  92]]

 [[146  93]]

 [[147  94]]

 [[148  95]]

 [[149  95]]

 [[150  95]]

 [[151  95]]

 [[152  94]]

 [[153  93]]

 [[154  92]]

 [[155  92]]

 [[156  91]]

 [[157  91]]

 [[158  90]]

 [[159  89]]

 [[159  88]]

 [[159  87]]

 [[158  86]]

 [[157  86]]

 [[156  86]]

 [[155  86]]

 [[154  86]]

 [[153  86]]

 [[152  86]]

 [[151  86]]

 [[150  86]]

 [[149  86]]

 [[148  86]]

 [[147  86]]

 [[146  86]]

 [[145  86]]

 [[144  86]]

 [[143  86]]

 [[142  86]]

 [[141  86]]

 [[140  86]]

 [[139  86]]

 [[138  86]]

 [[137  86]]

 [[136  86]]

 [[135  86]]

 [[134  86]]

 [[133  86]]

 [[132  87]]

 [[131  87]]

 [[130  87]]

 [[129  87]]

 [[128  87]]

 [[127  87]]

 [[126  87]]

 [[125  87]]

 [[124  87]]

 [[123  87]]

 [[122  87]]

 [[121  86]]

 [[121  85]]

 [[121  84]]

 [[121  83]]

 [[120  83]]

 [[119  83]]

 [[118  84]]

 [[117  85]]

 [[117  86]]

 [[116  87]]

 [[115  88]]

 [[115  89]]

 [[114  90]]

 [[113  90]]

 [[112  90]]

 [[111  91]]

 [[110  92]]

 [[110  93]]

 [[109  94]]

 [[108  95]]

 [[107  95]]

 [[106  95]]

 [[105  95]]

 [[104  95]]

 [[103  95]]

 [[102  95]]

 [[101  95]]

 [[100  95]]

 [[ 99  95]]

 [[ 98  95]]

 [[ 97  94]]

 [[ 96  93]]

 [[ 95  92]]

 [[ 96  91]]

 [[ 96  90]]

 [[ 97  89]]

 [[ 97  88]]

 [[ 97  87]]

 [[ 98  86]]

 [[ 98  85]]

 [[ 98  84]]

 [[ 98  83]]

 [[ 97  83]]

 [[ 96  83]]]
[[[  0   0]]

 [[118  69]]

 [[117  69]]

 [[116  69]]

 [[115  69]]

 [[114  70]]

 [[113  70]]

 [[112  69]]

 [[111  69]]

 [[110  69]]

 [[109  69]]

 [[108  69]]

 [[107  69]]

 [[106  69]]

 [[105  69]]

 [[104  69]]

 [[103  70]]

 [[102  71]]

 [[101  71]]

 [[100  70]]

 [[ 99  69]]

 [[ 98  69]]

 [[ 97  69]]

 [[ 96  69]]

 [[ 95  69]]

 [[ 94  69]]

 [[ 93  69]]

 [[ 92  70]]

 [[ 91  71]]

 [[ 90  72]]

 [[ 89  73]]

 [[ 88  73]]

 [[ 87  74]]

 [[ 86  74]]

 [[ 85  74]]

 [[ 84  74]]

 [[ 83  75]]

 [[ 82  75]]

 [[ 81  75]]

 [[ 80  75]]

 [[ 79  75]]

 [[ 78  74]]

 [[ 77  74]]

 [[ 77  75]]

 [[ 77  76]]

 [[ 78  77]]

 [[ 78  78]]

 [[ 78  79]]

 [[ 79  79]]

 [[ 80  79]]

 [[ 81  79]]

 [[ 82  78]]

 [[ 83  78]]

 [[ 84  78]]

 [[ 85  78]]

 [[ 86  78]]

 [[ 87  78]]

 [[ 88  77]]

 [[ 89  77]]

 [[ 90  76]]

 [[ 91  76]]

 [[ 92  76]]

 [[ 93  75]]

 [[ 94  75]]

 [[ 95  75]]

 [[ 96  75]]

 [[ 97  76]]

 [[ 98  76]]

 [[ 99  76]]

 [[100  77]]

 [[101  77]]

 [[102  77]]

 [[103  77]]

 [[104  77]]

 [[105  77]]

 [[106  77]]

 [[107  77]]

 [[108  77]]

 [[109  77]]

 [[110  77]]

 [[111  78]]

 [[112  78]]

 [[113  78]]

 [[114  78]]

 [[115  78]]

 [[116  77]]

 [[117  77]]

 [[118  76]]

 [[119  76]]

 [[120  75]]

 [[121  74]]

 [[122  74]]

 [[123  73]]

 [[124  72]]

 [[125  72]]

 [[126  71]]

 [[127  71]]

 [[128  70]]

 [[128  69]]

 [[128  68]]

 [[127  68]]

 [[126  68]]

 [[125  68]]

 [[124  68]]

 [[123  68]]

 [[122  68]]

 [[121  68]]

 [[120  68]]]
[[[  0   0]]

 [[ 48  69]]

 [[ 49  70]]

 [[ 49  71]]

 [[ 50  72]]

 [[ 51  72]]

 [[ 52  73]]

 [[ 52  74]]

 [[ 53  75]]

 [[ 52  76]]

 [[ 52  77]]

 [[ 51  78]]

 [[ 50  78]]

 [[ 49  79]]

 [[ 48  79]]

 [[ 47  80]]

 [[ 46  80]]

 [[ 45  80]]

 [[ 44  80]]

 [[ 43  81]]

 [[ 42  81]]

 [[ 41  81]]

 [[ 40  81]]

 [[ 39  82]]

 [[ 38  82]]

 [[ 37  82]]

 [[ 36  82]]

 [[ 35  82]]

 [[ 34  82]]

 [[ 33  82]]

 [[ 32  82]]

 [[ 31  82]]

 [[ 30  82]]

 [[ 29  82]]

 [[ 28  82]]

 [[ 27  82]]

 [[ 26  83]]

 [[ 25  83]]

 [[ 24  84]]

 [[ 23  84]]

 [[ 22  84]]

 [[ 21  85]]

 [[ 20  86]]

 [[ 20  87]]

 [[ 20  88]]

 [[ 20  89]]

 [[ 20  90]]

 [[ 20  91]]

 [[ 20  92]]

 [[ 20  93]]

 [[ 19  94]]

 [[ 18  95]]

 [[ 17  95]]

 [[ 16  96]]

 [[ 15  96]]

 [[ 14  97]]

 [[ 13  97]]

 [[ 12  98]]

 [[ 12  99]]

 [[ 11 100]]

 [[ 10 101]]

 [[  9 102]]

 [[  8 103]]

 [[  8 104]]

 [[  8 105]]

 [[  9 105]]

 [[ 10 105]]

 [[ 11 105]]

 [[ 12 104]]

 [[ 13 104]]

 [[ 14 104]]

 [[ 15 104]]

 [[ 16 103]]

 [[ 17 103]]

 [[ 18 103]]

 [[ 19 103]]

 [[ 20 103]]

 [[ 21 102]]

 [[ 22 102]]

 [[ 23 102]]

 [[ 24 101]]

 [[ 25 101]]

 [[ 26 101]]

 [[ 27 100]]

 [[ 27  99]]

 [[ 27  98]]

 [[ 26  97]]

 [[ 26  96]]

 [[ 26  95]]

 [[ 26  94]]

 [[ 26  93]]

 [[ 27  92]]

 [[ 28  92]]

 [[ 29  92]]

 [[ 30  92]]

 [[ 31  92]]

 [[ 32  91]]

 [[ 33  91]]

 [[ 34  91]]

 [[ 35  90]]

 [[ 36  90]]

 [[ 37  90]]

 [[ 38  89]]

 [[ 39  89]]

 [[ 40  88]]

 [[ 41  88]]

 [[ 42  87]]

 [[ 43  87]]

 [[ 44  87]]

 [[ 45  86]]

 [[ 46  86]]

 [[ 47  85]]

 [[ 48  84]]

 [[ 49  84]]

 [[ 50  83]]

 [[ 51  83]]

 [[ 52  82]]

 [[ 53  82]]

 [[ 54  81]]

 [[ 55  80]]

 [[ 56  79]]

 [[ 57  79]]

 [[ 58  78]]

 [[ 59  78]]

 [[ 60  77]]

 [[ 60  76]]

 [[ 60  75]]

 [[ 61  74]]

 [[ 61  73]]

 [[ 61  72]]

 [[ 60  71]]

 [[ 60  70]]

 [[ 59  69]]

 [[ 58  68]]

 [[ 57  68]]

 [[ 56  68]]

 [[ 55  68]]

 [[ 54  68]]

 [[ 53  68]]

 [[ 52  68]]

 [[ 51  68]]

 [[ 50  68]]

 [[ 49  68]]]
[[[  0   0]]

 [[139  68]]

 [[138  68]]

 [[138  69]]

 [[138  70]]

 [[138  71]]

 [[138  72]]

 [[137  73]]

 [[137  74]]

 [[136  75]]

 [[135  75]]

 [[134  76]]

 [[133  76]]

 [[133  77]]

 [[134  77]]

 [[135  77]]

 [[136  78]]

 [[137  78]]

 [[138  78]]

 [[139  78]]

 [[140  78]]

 [[141  78]]

 [[142  78]]

 [[143  78]]

 [[144  78]]

 [[145  78]]

 [[146  78]]

 [[147  78]]

 [[148  78]]

 [[149  79]]

 [[150  79]]

 [[151  79]]

 [[152  78]]

 [[153  78]]

 [[154  79]]

 [[155  79]]

 [[156  79]]

 [[157  79]]

 [[158  79]]

 [[159  78]]

 [[160  77]]

 [[160  76]]

 [[159  75]]

 [[159  74]]

 [[158  73]]

 [[157  72]]

 [[156  72]]

 [[155  71]]

 [[154  70]]

 [[153  70]]

 [[152  69]]

 [[151  69]]

 [[150  69]]

 [[149  69]]

 [[148  69]]

 [[147  69]]

 [[146  68]]

 [[145  68]]

 [[144  68]]

 [[143  68]]

 [[142  68]]

 [[141  67]]]
[[[  0   0]]

 [[265  61]]

 [[264  62]]

 [[263  63]]

 [[262  63]]

 [[261  64]]

 [[262  65]]

 [[262  66]]

 [[263  67]]

 [[264  68]]

 [[265  69]]

 [[265  70]]

 [[265  71]]

 [[265  72]]

 [[264  73]]

 [[264  74]]

 [[265  75]]

 [[265  76]]

 [[265  77]]

 [[266  78]]

 [[267  79]]

 [[268  80]]

 [[269  81]]

 [[270  81]]

 [[271  81]]

 [[272  82]]

 [[273  82]]

 [[274  82]]

 [[275  81]]

 [[276  81]]

 [[277  81]]

 [[278  80]]

 [[279  80]]

 [[280  80]]

 [[281  80]]

 [[282  80]]

 [[283  80]]

 [[284  80]]

 [[285  80]]

 [[286  80]]

 [[287  80]]

 [[288  79]]

 [[289  79]]

 [[290  79]]

 [[291  79]]

 [[292  79]]

 [[293  78]]

 [[294  78]]

 [[295  77]]

 [[296  77]]

 [[297  77]]

 [[298  76]]

 [[299  76]]

 [[300  75]]

 [[301  75]]

 [[302  76]]

 [[302  77]]

 [[303  78]]

 [[304  79]]

 [[304  80]]

 [[304  81]]

 [[304  82]]

 [[304  83]]

 [[304  84]]

 [[305  85]]

 [[306  86]]

 [[307  86]]

 [[308  87]]

 [[309  87]]

 [[310  88]]

 [[311  88]]

 [[312  88]]

 [[313  88]]

 [[314  89]]

 [[315  89]]

 [[316  89]]

 [[317  89]]

 [[318  90]]

 [[319  90]]

 [[320  90]]

 [[321  90]]

 [[322  90]]

 [[323  90]]

 [[324  90]]

 [[325  90]]

 [[326  90]]

 [[327  90]]

 [[328  90]]

 [[329  90]]

 [[330  90]]

 [[331  90]]

 [[332  90]]

 [[333  90]]

 [[334  90]]

 [[335  90]]

 [[336  90]]

 [[337  90]]

 [[338  90]]

 [[339  90]]

 [[340  89]]

 [[341  89]]

 [[342  89]]

 [[343  89]]

 [[344  88]]

 [[345  88]]

 [[346  87]]

 [[347  87]]

 [[348  87]]

 [[349  87]]

 [[350  87]]

 [[351  86]]

 [[351  85]]

 [[351  84]]

 [[351  83]]

 [[351  82]]

 [[351  81]]

 [[351  80]]

 [[351  79]]

 [[351  78]]

 [[352  77]]

 [[352  76]]

 [[352  75]]

 [[352  74]]

 [[352  73]]

 [[352  72]]

 [[352  71]]

 [[351  71]]

 [[350  71]]

 [[349  71]]

 [[348  72]]

 [[347  73]]

 [[346  73]]

 [[345  74]]

 [[344  74]]

 [[343  75]]

 [[342  75]]

 [[341  75]]

 [[340  75]]

 [[339  75]]

 [[338  75]]

 [[337  75]]

 [[336  75]]

 [[335  75]]

 [[334  75]]

 [[333  75]]

 [[332  75]]

 [[331  75]]

 [[330  75]]

 [[329  75]]

 [[328  75]]

 [[327  75]]

 [[326  75]]

 [[325  74]]

 [[324  74]]

 [[323  74]]

 [[322  74]]

 [[321  73]]

 [[320  73]]

 [[319  73]]

 [[318  73]]

 [[317  73]]

 [[316  73]]

 [[315  72]]

 [[314  72]]

 [[313  72]]

 [[312  71]]

 [[311  71]]

 [[310  71]]

 [[309  71]]

 [[308  71]]

 [[307  70]]

 [[306  70]]

 [[305  69]]

 [[304  69]]

 [[303  68]]

 [[302  67]]

 [[302  66]]

 [[302  65]]

 [[302  64]]

 [[301  63]]

 [[300  63]]

 [[299  64]]

 [[298  64]]

 [[297  64]]

 [[296  64]]

 [[295  64]]

 [[294  64]]

 [[293  64]]

 [[292  65]]

 [[291  65]]

 [[290  65]]

 [[289  65]]

 [[288  65]]

 [[287  65]]

 [[286  65]]

 [[285  65]]

 [[284  65]]

 [[283  65]]

 [[282  65]]

 [[281  65]]

 [[280  66]]

 [[279  66]]

 [[278  66]]

 [[277  66]]

 [[276  66]]

 [[275  66]]

 [[274  66]]

 [[273  66]]

 [[272  66]]

 [[271  66]]

 [[270  65]]

 [[269  64]]

 [[268  63]]

 [[267  62]]

 [[266  61]]]
[[[  0   0]]

 [[306  18]]

 [[306  19]]

 [[306  20]]

 [[305  21]]

 [[305  22]]

 [[305  23]]

 [[305  24]]

 [[305  25]]

 [[305  26]]

 [[305  27]]

 [[306  28]]

 [[305  29]]

 [[305  30]]

 [[304  31]]

 [[303  31]]

 [[302  31]]

 [[301  31]]

 [[300  31]]

 [[299  31]]

 [[298  31]]

 [[297  31]]

 [[296  31]]

 [[295  31]]

 [[294  31]]

 [[293  32]]

 [[292  32]]

 [[291  32]]

 [[290  32]]

 [[289  32]]

 [[288  32]]

 [[287  32]]

 [[286  32]]

 [[285  32]]

 [[284  32]]

 [[283  32]]

 [[282  32]]

 [[281  32]]

 [[280  32]]

 [[279  32]]

 [[278  32]]

 [[277  32]]

 [[276  32]]

 [[275  32]]

 [[274  32]]

 [[273  32]]

 [[272  31]]

 [[271  31]]

 [[270  31]]

 [[269  31]]

 [[268  30]]

 [[267  30]]

 [[266  30]]

 [[265  30]]

 [[264  30]]

 [[263  30]]

 [[262  30]]

 [[261  30]]

 [[260  31]]

 [[260  32]]

 [[260  33]]

 [[260  34]]

 [[260  35]]

 [[261  36]]

 [[262  37]]

 [[263  38]]

 [[264  39]]

 [[264  40]]

 [[264  41]]

 [[264  42]]

 [[264  43]]

 [[264  44]]

 [[265  45]]

 [[266  46]]

 [[267  46]]

 [[268  47]]

 [[269  47]]

 [[270  48]]

 [[271  48]]

 [[272  48]]

 [[273  48]]

 [[274  48]]

 [[275  48]]

 [[276  48]]

 [[277  48]]

 [[278  48]]

 [[279  48]]

 [[280  48]]

 [[281  48]]

 [[282  48]]

 [[283  47]]

 [[284  47]]

 [[285  47]]

 [[286  47]]

 [[287  47]]

 [[288  47]]

 [[289  47]]

 [[290  47]]

 [[291  47]]

 [[292  46]]

 [[293  46]]

 [[294  46]]

 [[295  46]]

 [[296  46]]

 [[297  46]]

 [[298  45]]

 [[299  45]]

 [[300  45]]

 [[301  45]]

 [[302  45]]

 [[303  44]]

 [[303  43]]

 [[303  42]]

 [[303  41]]

 [[303  40]]

 [[304  39]]

 [[305  38]]

 [[306  39]]

 [[306  40]]

 [[306  41]]

 [[306  42]]

 [[306  43]]

 [[307  44]]

 [[307  45]]

 [[307  46]]

 [[306  47]]

 [[306  48]]

 [[306  49]]

 [[307  50]]

 [[308  51]]

 [[309  52]]

 [[310  52]]

 [[311  52]]

 [[312  53]]

 [[313  53]]

 [[314  54]]

 [[315  54]]

 [[316  54]]

 [[317  54]]

 [[318  55]]

 [[319  55]]

 [[320  55]]

 [[321  55]]

 [[322  55]]

 [[323  55]]

 [[324  56]]

 [[325  56]]

 [[326  56]]

 [[327  56]]

 [[328  56]]

 [[329  56]]

 [[330  56]]

 [[331  56]]

 [[332  56]]

 [[333  56]]

 [[334  56]]

 [[335  56]]

 [[336  56]]

 [[337  56]]

 [[338  56]]

 [[339  56]]

 [[340  56]]

 [[341  56]]

 [[342  56]]

 [[343  56]]

 [[344  55]]

 [[345  55]]

 [[346  55]]

 [[347  55]]

 [[348  55]]

 [[349  55]]

 [[350  55]]

 [[351  55]]

 [[352  54]]

 [[353  53]]

 [[353  52]]

 [[353  51]]

 [[353  50]]

 [[353  49]]

 [[353  48]]

 [[353  47]]

 [[353  46]]

 [[354  45]]

 [[354  44]]

 [[354  43]]

 [[355  42]]

 [[355  41]]

 [[355  40]]

 [[354  39]]

 [[353  39]]

 [[352  39]]

 [[351  40]]

 [[350  40]]

 [[349  40]]

 [[348  40]]

 [[347  40]]

 [[346  40]]

 [[345  40]]

 [[344  40]]

 [[343  40]]

 [[342  40]]

 [[341  40]]

 [[340  40]]

 [[339  40]]

 [[338  40]]

 [[337  40]]

 [[336  40]]

 [[335  40]]

 [[334  40]]

 [[333  40]]

 [[332  40]]

 [[331  40]]

 [[330  40]]

 [[329  40]]

 [[328  40]]

 [[327  40]]

 [[326  39]]

 [[325  39]]

 [[324  39]]

 [[323  39]]

 [[322  39]]

 [[321  39]]

 [[320  39]]

 [[319  38]]

 [[318  38]]

 [[317  38]]

 [[316  38]]

 [[315  37]]

 [[314  37]]

 [[313  37]]

 [[312  37]]

 [[311  37]]

 [[310  37]]

 [[309  36]]

 [[308  36]]

 [[307  36]]

 [[306  36]]

 [[305  36]]

 [[304  35]]

 [[304  34]]

 [[305  33]]

 [[305  32]]

 [[305  31]]

 [[306  30]]

 [[306  29]]

 [[306  28]]

 [[307  27]]

 [[307  26]]

 [[307  25]]

 [[308  24]]

 [[308  23]]

 [[308  22]]

 [[308  21]]

 [[307  20]]

 [[307  19]]

 [[307  18]]]
[[[  0   0]]

 [[232  14]]

 [[231  14]]

 ..., 
 [[236  14]]

 [[235  14]]

 [[234  14]]]
[[[  0   0]]

 [[353   8]]

 [[353   9]]

 [[353  10]]

 [[353  11]]

 [[352  12]]

 [[351  13]]

 [[350  13]]

 [[349  14]]

 [[348  13]]

 [[347  13]]

 [[346  13]]

 [[345  13]]

 [[344  13]]

 [[343  13]]

 [[342  13]]

 [[341  13]]

 [[340  13]]

 [[339  13]]

 [[338  14]]

 [[337  14]]

 [[336  14]]

 [[335  14]]

 [[334  14]]

 [[333  14]]

 [[332  14]]

 [[331  14]]

 [[330  13]]

 [[329  13]]

 [[328  14]]

 [[327  14]]

 [[326  14]]

 [[325  13]]

 [[324  12]]

 [[323  12]]

 [[322  12]]

 [[321  12]]

 [[320  12]]

 [[319  12]]

 [[318  11]]

 [[317  11]]

 [[316  11]]

 [[315  11]]

 [[314  11]]

 [[313  10]]

 [[312  10]]

 [[311  10]]

 [[310  11]]

 [[309  12]]

 [[309  13]]

 [[309  14]]

 [[310  15]]

 [[311  15]]

 [[312  16]]

 [[313  16]]

 [[314  16]]

 [[315  16]]

 [[316  16]]

 [[317  17]]

 [[318  17]]

 [[319  17]]

 [[320  17]]

 [[321  17]]

 [[322  17]]

 [[323  17]]

 [[324  16]]

 [[325  15]]

 [[326  15]]

 [[327  16]]

 [[326  17]]

 [[326  18]]

 [[326  19]]

 [[326  20]]

 [[326  21]]

 [[327  21]]

 [[328  22]]

 [[329  22]]

 [[330  22]]

 [[331  22]]

 [[332  22]]

 [[333  22]]

 [[334  22]]

 [[335  22]]

 [[336  22]]

 [[337  22]]

 [[338  22]]

 [[339  21]]

 [[339  20]]

 [[339  19]]

 [[340  18]]

 [[341  18]]

 [[342  18]]

 [[343  18]]

 [[344  18]]

 [[345  18]]

 [[346  18]]

 [[347  17]]

 [[348  17]]

 [[349  17]]

 [[350  17]]

 [[351  17]]

 [[352  17]]

 [[353  17]]

 [[354  17]]

 [[355  16]]

 [[356  16]]

 [[357  16]]

 [[358  15]]

 [[357  14]]

 [[356  13]]

 [[355  12]]

 [[354  11]]

 [[353  10]]

 [[353   9]]

 [[353   8]]]
[[[  0   0]]

 [[260   2]]

 [[259   2]]

 [[260   3]]

 [[261   4]]

 [[261   5]]

 [[261   6]]

 [[261   7]]

 [[261   8]]

 [[261   9]]

 [[261  10]]

 [[262  10]]

 [[263  10]]

 [[264  10]]

 [[265  10]]

 [[266  10]]

 [[267  11]]

 [[268  11]]

 [[269  11]]

 [[270  11]]

 [[271  12]]

 [[272  11]]

 [[273  11]]

 [[274  11]]

 [[275  11]]

 [[276  11]]

 [[277  11]]

 [[278  11]]

 [[279  11]]

 [[280  11]]

 [[281  11]]

 [[282  11]]

 [[283  11]]

 [[284  12]]

 [[285  13]]

 [[286  14]]

 [[287  14]]

 [[288  14]]

 [[289  15]]

 [[290  15]]

 [[291  15]]

 [[292  15]]

 [[293  15]]

 [[294  14]]

 [[295  14]]

 [[295  13]]

 [[296  12]]

 [[296  11]]

 [[297  10]]

 [[298  10]]

 [[299  10]]

 [[300  10]]

 [[301  10]]

 [[302  10]]

 [[303  10]]

 [[304  10]]

 [[305  10]]

 [[306   9]]

 [[305   8]]

 [[305   7]]

 [[305   6]]

 [[304   5]]

 [[303   4]]

 [[302   4]]

 [[301   4]]

 [[300   4]]

 [[299   4]]

 [[298   4]]

 [[297   4]]

 [[296   5]]

 [[295   5]]

 [[294   5]]

 [[293   5]]

 [[292   6]]

 [[291   7]]

 [[290   8]]

 [[289   8]]

 [[288   7]]

 [[287   7]]

 [[286   6]]

 [[285   6]]

 [[284   6]]

 [[283   6]]

 [[282   6]]

 [[281   6]]

 [[280   6]]

 [[279   6]]

 [[278   7]]

 [[277   7]]

 [[276   7]]

 [[275   7]]

 [[274   6]]

 [[273   6]]

 [[272   6]]

 [[271   6]]

 [[270   6]]

 [[269   6]]

 [[268   5]]

 [[267   5]]

 [[266   4]]

 [[265   3]]

 [[264   3]]

 [[263   2]]

 [[262   2]]]
[[[  0   0]]

 [[182   2]]

 [[181   2]]

 [[180   2]]

 [[179   2]]

 [[178   2]]

 [[177   2]]

 [[176   2]]

 [[175   2]]

 [[174   2]]

 [[173   2]]

 [[172   2]]

 [[171   2]]

 [[170   2]]

 [[169   2]]

 [[168   3]]

 [[167   3]]

 [[166   3]]

 [[165   3]]

 [[164   3]]

 [[163   3]]

 [[162   3]]

 [[161   3]]

 [[160   3]]

 [[159   3]]

 [[158   4]]

 [[158   5]]

 [[158   6]]

 [[157   7]]

 [[156   7]]

 [[155   6]]

 [[155   5]]

 [[154   4]]

 [[154   3]]

 [[153   2]]

 [[152   2]]

 [[151   2]]

 [[150   3]]

 [[149   3]]

 [[148   3]]

 [[147   3]]

 [[146   3]]

 [[145   3]]

 [[144   3]]

 [[143   3]]

 [[142   3]]

 [[141   4]]

 [[140   4]]

 [[139   4]]

 [[138   4]]

 [[137   4]]

 [[136   4]]

 [[135   4]]

 [[134   4]]

 [[133   4]]

 [[132   4]]

 [[131   4]]

 [[130   4]]

 [[129   4]]

 [[128   4]]

 [[127   4]]

 [[126   4]]

 [[125   4]]

 [[125   5]]

 [[126   6]]

 [[126   7]]

 [[126   8]]

 [[126   9]]

 [[126  10]]

 [[126  11]]

 [[126  12]]

 [[126  13]]

 [[126  14]]

 [[127  14]]

 [[128  14]]

 [[129  14]]

 [[130  14]]

 [[131  13]]

 [[132  13]]

 [[133  13]]

 [[134  13]]

 [[135  13]]

 [[136  13]]

 [[137  13]]

 [[138  13]]

 [[139  13]]

 [[140  13]]

 [[141  13]]

 [[142  13]]

 [[143  13]]

 [[144  12]]

 [[145  12]]

 [[146  12]]

 [[147  12]]

 [[148  12]]

 [[149  11]]

 [[150  11]]

 [[151  11]]

 [[152  10]]

 [[153  10]]

 [[154  10]]

 [[155   9]]

 [[156   9]]

 [[157   8]]

 [[158   8]]

 [[159   9]]

 [[160   9]]

 [[161   9]]

 [[162   9]]

 [[163   9]]

 [[164   9]]

 [[165   9]]

 [[166   9]]

 [[167   9]]

 [[168   9]]

 [[169   9]]

 [[170   9]]

 [[171   9]]

 [[172   9]]

 [[173   9]]

 [[174   9]]

 [[175   9]]

 [[176   8]]

 [[177   8]]

 [[178   8]]

 [[179   8]]

 [[180   8]]

 [[181   8]]

 [[182   7]]

 [[183   7]]

 [[184   6]]

 [[185   6]]

 [[186   5]]

 [[187   5]]

 [[188   4]]

 [[187   3]]

 [[187   2]]

 [[186   1]]

 [[185   1]]

 [[184   1]]]
