[[[  0   0]]

 [[602  48]]

 [[603  48]]

 [[604  49]]

 [[604  50]]

 [[605  51]]

 [[604  52]]

 [[603  52]]

 [[602  52]]

 [[601  51]]

 [[601  52]]

 [[602  53]]

 [[602  54]]

 [[601  55]]

 [[602  56]]

 [[603  57]]

 [[604  57]]

 [[605  57]]

 [[606  57]]

 [[607  57]]

 [[608  57]]

 [[609  57]]

 [[610  56]]

 [[611  56]]

 [[612  57]]

 [[613  57]]

 [[614  57]]

 [[615  57]]

 [[616  57]]

 [[617  58]]

 [[618  59]]

 [[619  59]]

 [[620  58]]

 [[621  59]]

 [[622  59]]

 [[623  59]]

 [[624  58]]

 [[625  57]]

 [[626  57]]

 [[627  58]]

 [[628  59]]

 [[627  60]]

 [[626  60]]

 [[625  60]]

 [[624  61]]

 [[625  62]]

 [[625  63]]

 [[626  64]]

 [[627  65]]

 [[628  65]]

 [[629  65]]

 [[630  65]]

 [[631  65]]

 [[632  65]]

 [[633  66]]

 [[634  67]]

 [[635  67]]

 [[636  67]]

 [[636  66]]

 [[637  65]]

 [[638  65]]

 [[638  64]]

 [[638  63]]

 [[638  62]]

 [[638  61]]

 [[638  60]]

 [[638  59]]

 [[638  58]]

 [[637  58]]

 [[636  58]]

 [[635  57]]

 [[634  58]]

 [[635  59]]

 [[635  60]]

 [[635  61]]

 [[635  62]]

 [[635  63]]

 [[634  64]]

 [[633  64]]

 [[632  64]]

 [[631  63]]

 [[630  62]]

 [[629  61]]

 [[628  60]]

 [[628  59]]

 [[629  58]]

 [[630  57]]

 [[630  56]]

 [[629  56]]

 [[628  56]]

 [[627  56]]

 [[626  55]]

 [[625  54]]

 [[625  53]]

 [[625  52]]

 [[624  51]]

 [[623  51]]

 [[622  51]]

 [[621  51]]

 [[621  52]]

 [[621  53]]

 [[620  54]]

 [[620  55]]

 [[619  56]]

 [[619  57]]

 [[618  58]]

 [[617  58]]

 [[616  57]]

 [[615  56]]

 [[615  55]]

 [[615  54]]

 [[615  53]]

 [[614  52]]

 [[613  51]]

 [[614  50]]

 [[614  49]]

 [[613  48]]

 [[612  48]]

 [[611  48]]

 [[610  48]]

 [[609  48]]

 [[608  48]]

 [[607  48]]

 [[606  47]]

 [[605  47]]

 [[604  47]]

 [[603  47]]

 [[602  47]]]
[[[  0   0]]

 [[523  20]]

 [[523  21]]

 [[523  22]]

 [[523  23]]

 [[524  24]]

 [[524  25]]

 [[525  26]]

 [[526  27]]

 [[527  28]]

 [[528  28]]

 [[529  28]]

 [[530  28]]

 [[531  28]]

 [[532  28]]

 [[533  29]]

 [[534  30]]

 [[533  31]]

 [[532  32]]

 [[531  31]]

 [[530  31]]

 [[529  31]]

 [[528  31]]

 [[529  32]]

 [[530  32]]

 [[531  33]]

 [[532  33]]

 [[533  34]]

 [[534  34]]

 [[535  34]]

 [[536  34]]

 [[537  34]]

 [[538  35]]

 [[539  36]]

 [[540  37]]

 [[540  38]]

 [[540  39]]

 [[541  40]]

 [[541  41]]

 [[542  42]]

 [[543  42]]

 [[544  42]]

 [[545  41]]

 [[546  41]]

 [[547  41]]

 [[548  40]]

 [[549  40]]

 [[550  40]]

 [[551  40]]

 [[552  40]]

 [[553  39]]

 [[554  39]]

 [[555  39]]

 [[556  39]]

 [[557  40]]

 [[558  39]]

 [[559  40]]

 [[560  40]]

 [[561  41]]

 [[562  41]]

 [[563  41]]

 [[564  41]]

 [[565  41]]

 [[566  42]]

 [[567  42]]

 [[568  43]]

 [[569  44]]

 [[570  45]]

 [[571  46]]

 [[572  46]]

 [[573  47]]

 [[574  48]]

 [[574  49]]

 [[574  50]]

 [[574  51]]

 [[575  52]]

 [[576  52]]

 [[577  52]]

 [[578  53]]

 [[579  53]]

 [[580  53]]

 [[581  53]]

 [[581  52]]

 [[581  51]]

 [[581  50]]

 [[580  49]]

 [[579  49]]

 [[578  48]]

 [[577  48]]

 [[576  47]]

 [[575  46]]

 [[574  45]]

 [[574  44]]

 [[574  43]]

 [[573  42]]

 [[572  42]]

 [[571  42]]

 [[570  41]]

 [[569  41]]

 [[568  40]]

 [[567  40]]

 [[566  39]]

 [[565  39]]

 [[564  38]]

 [[563  38]]

 [[562  37]]

 [[561  37]]

 [[560  36]]

 [[559  36]]

 [[558  36]]

 [[557  35]]

 [[556  35]]

 [[555  34]]

 [[554  34]]

 [[553  34]]

 [[553  35]]

 [[553  36]]

 [[553  37]]

 [[552  38]]

 [[551  38]]

 [[550  38]]

 [[549  39]]

 [[548  39]]

 [[547  38]]

 [[546  39]]

 [[545  39]]

 [[544  40]]

 [[543  39]]

 [[542  38]]

 [[542  37]]

 [[541  36]]

 [[541  35]]

 [[540  34]]

 [[541  33]]

 [[542  33]]

 [[542  32]]

 [[542  31]]

 [[542  30]]

 [[541  30]]

 [[540  30]]

 [[539  29]]

 [[538  29]]

 [[537  29]]

 [[536  29]]

 [[535  28]]

 [[534  27]]

 [[533  26]]

 [[532  26]]

 [[531  27]]

 [[530  27]]

 [[529  27]]

 [[528  27]]

 [[527  26]]

 [[526  25]]

 [[525  25]]

 [[524  24]]

 [[523  23]]

 [[524  22]]

 [[525  21]]

 [[526  20]]

 [[527  20]]

 [[528  20]]

 [[529  20]]

 [[530  21]]

 [[531  22]]

 [[531  23]]

 [[532  22]]

 [[531  22]]

 [[530  21]]

 [[529  20]]

 [[528  19]]

 [[527  19]]

 [[526  19]]

 [[525  19]]]
[[[  0   0]]

 [[261   2]]

 [[262   3]]

 [[263   2]]

 [[264   2]]

 [[265   2]]

 [[266   2]]

 [[267   2]]

 [[268   2]]

 [[269   2]]

 [[270   3]]

 [[271   4]]

 [[270   5]]

 [[269   5]]

 [[269   6]]

 [[270   7]]

 [[271   7]]

 [[272   8]]

 [[273   8]]

 [[274   9]]

 [[274  10]]

 [[274  11]]

 [[273  12]]

 [[272  13]]

 [[271  13]]

 [[270  13]]

 [[269  13]]

 [[268  12]]

 [[267  12]]

 [[266  11]]

 [[265  10]]

 [[264  10]]

 [[263   9]]

 [[262   9]]

 [[261   8]]

 [[260   7]]

 [[259   8]]

 [[258   8]]

 [[258   9]]

 [[257  10]]

 [[256  10]]

 [[255  10]]

 [[254   9]]

 [[253   9]]

 [[252   9]]

 [[251   9]]

 [[250   9]]

 [[249   8]]

 [[248   7]]

 [[248   6]]

 [[247   5]]

 [[246   4]]

 [[246   3]]

 [[246   2]]

 [[246   3]]

 [[245   4]]

 [[244   4]]

 [[243   4]]

 [[242   4]]

 [[241   4]]

 [[240   3]]

 [[240   4]]

 [[240   5]]

 [[240   6]]

 [[240   7]]

 [[241   8]]

 [[242   8]]

 [[243   7]]

 [[244   7]]

 [[245   6]]

 [[246   7]]

 [[247   7]]

 [[248   8]]

 [[247   9]]

 [[246   9]]

 [[245  10]]

 [[244  11]]

 [[245  11]]

 [[246  10]]

 [[247   9]]

 [[248   8]]

 [[249   8]]

 [[250   9]]

 [[251   9]]

 [[252   9]]

 [[253   9]]

 [[254  10]]

 [[255  10]]

 [[256  10]]

 [[257  11]]

 [[258  12]]

 [[257  13]]

 [[256  13]]

 [[255  13]]

 [[254  13]]

 [[253  13]]

 [[252  13]]

 [[251  13]]

 [[250  13]]

 [[249  13]]

 [[248  13]]

 [[247  13]]

 [[246  13]]

 [[245  13]]

 [[244  13]]

 [[243  13]]

 [[242  13]]

 [[241  13]]

 [[240  12]]

 [[239  12]]

 [[238  12]]

 [[237  12]]

 [[236  11]]

 [[235  12]]

 [[234  11]]

 [[233  11]]

 [[232  11]]

 [[231  11]]

 [[230  11]]

 [[229  12]]

 [[228  13]]

 [[227  13]]

 [[226  13]]

 [[225  13]]

 [[224  13]]

 [[223  13]]

 [[222  13]]

 [[221  13]]

 [[220  13]]

 [[219  13]]

 [[218  13]]

 [[217  13]]

 [[216  13]]

 [[215  13]]

 [[214  13]]

 [[213  13]]

 [[212  13]]

 [[211  13]]

 [[210  14]]

 [[209  14]]

 [[210  15]]

 [[211  15]]

 [[212  15]]

 [[213  15]]

 [[214  15]]

 [[215  15]]

 [[216  15]]

 [[217  15]]

 [[218  15]]

 [[219  15]]

 [[220  15]]

 [[221  15]]

 [[222  15]]

 [[223  15]]

 [[224  15]]

 [[225  15]]

 [[226  15]]

 [[227  15]]

 [[228  15]]

 [[229  15]]

 [[230  15]]

 [[231  15]]

 [[232  15]]

 [[233  15]]

 [[234  15]]

 [[235  15]]

 [[236  15]]

 [[237  15]]

 [[238  15]]

 [[239  15]]

 [[240  15]]

 [[241  15]]

 [[242  15]]

 [[243  15]]

 [[244  15]]

 [[245  15]]

 [[246  15]]

 [[247  15]]

 [[248  16]]

 [[249  16]]

 [[250  16]]

 [[251  16]]

 [[252  16]]

 [[253  16]]

 [[254  15]]

 [[255  15]]

 [[256  15]]

 [[257  15]]

 [[258  15]]

 [[259  15]]

 [[260  16]]

 [[261  16]]

 [[262  16]]

 [[263  16]]

 [[264  16]]

 [[265  16]]

 [[266  16]]

 [[267  16]]

 [[268  16]]

 [[269  16]]

 [[270  16]]

 [[271  16]]

 [[272  16]]

 [[273  16]]

 [[274  16]]

 [[275  16]]

 [[276  16]]

 [[277  16]]

 [[278  16]]

 [[279  16]]

 [[280  16]]

 [[281  16]]

 [[282  16]]

 [[283  17]]

 [[284  16]]

 [[285  16]]

 [[286  16]]

 [[287  16]]

 [[288  16]]

 [[289  16]]

 [[290  16]]

 [[291  16]]

 [[292  17]]

 [[293  17]]

 [[294  17]]

 [[295  17]]

 [[296  17]]

 [[297  17]]

 [[298  17]]

 [[299  17]]

 [[300  17]]

 [[301  17]]

 [[302  17]]

 [[303  17]]

 [[304  17]]

 [[305  17]]

 [[306  17]]

 [[307  17]]

 [[308  17]]

 [[309  17]]

 [[310  17]]

 [[311  17]]

 [[312  17]]

 [[313  17]]

 [[314  17]]

 [[315  17]]

 [[316  17]]

 [[317  17]]

 [[318  17]]

 [[319  17]]

 [[320  17]]

 [[321  18]]

 [[322  18]]

 [[323  18]]

 [[324  18]]

 [[325  18]]

 [[326  18]]

 [[327  18]]

 [[328  18]]

 [[329  18]]

 [[330  18]]

 [[331  18]]

 [[332  18]]

 [[333  18]]

 [[334  19]]

 [[335  19]]

 [[336  19]]

 [[337  19]]

 [[338  19]]

 [[339  20]]

 [[340  20]]

 [[341  20]]

 [[342  20]]

 [[343  19]]

 [[344  20]]

 [[345  20]]

 [[346  20]]

 [[347  20]]

 [[348  20]]

 [[349  20]]

 [[350  20]]

 [[351  20]]

 [[352  20]]

 [[353  19]]

 [[354  19]]

 [[355  19]]

 [[356  19]]

 [[357  18]]

 [[358  17]]

 [[359  16]]

 [[359  15]]

 [[359  14]]

 [[358  14]]

 [[359  15]]

 [[358  16]]

 [[357  17]]

 [[356  17]]

 [[355  16]]

 [[354  15]]

 [[355  14]]

 [[355  13]]

 [[356  12]]

 [[357  11]]

 [[356  10]]

 [[355  10]]

 [[354  10]]

 [[354  11]]

 [[353  12]]

 [[354  12]]

 [[355  13]]

 [[354  14]]

 [[353  14]]

 [[352  14]]

 [[351  14]]

 [[350  14]]

 [[350  15]]

 [[349  16]]

 [[348  16]]

 [[347  16]]

 [[346  16]]

 [[345  16]]

 [[344  16]]

 [[343  16]]

 [[342  16]]

 [[341  16]]

 [[340  16]]

 [[339  16]]

 [[338  16]]

 [[337  16]]

 [[336  16]]

 [[335  15]]

 [[334  14]]

 [[335  13]]

 [[336  13]]

 [[337  12]]

 [[337  11]]

 [[336  10]]

 [[335  10]]

 [[334  10]]

 [[333  10]]

 [[332  11]]

 [[331  10]]

 [[330  11]]

 [[329  10]]

 [[329   9]]

 [[328   8]]

 [[327   7]]

 [[326   7]]

 [[325   7]]

 [[324   8]]

 [[323   7]]

 [[322   8]]

 [[321   8]]

 [[320   8]]

 [[319   7]]

 [[318   8]]

 [[317   8]]

 [[316   9]]

 [[315   9]]

 [[314   9]]

 [[313   9]]

 [[312   9]]

 [[311   9]]

 [[310   9]]

 [[309   9]]

 [[308   9]]

 [[307   9]]

 [[306   9]]

 [[306  10]]

 [[306  11]]

 [[306  12]]

 [[307  12]]

 [[308  13]]

 [[307  14]]

 [[306  14]]

 [[305  14]]

 [[304  14]]

 [[303  14]]

 [[302  14]]

 [[301  14]]

 [[300  14]]

 [[299  14]]

 [[298  14]]

 [[297  14]]

 [[296  14]]

 [[295  14]]

 [[294  14]]

 [[293  14]]

 [[292  14]]

 [[291  14]]

 [[290  14]]

 [[289  13]]

 [[288  14]]

 [[287  14]]

 [[286  14]]

 [[285  14]]

 [[284  14]]

 [[283  14]]

 [[282  14]]

 [[281  14]]

 [[280  14]]

 [[279  13]]

 [[278  13]]

 [[277  13]]

 [[276  12]]

 [[277  11]]

 [[276  10]]

 [[276   9]]

 [[276   8]]

 [[276   7]]

 [[277   6]]

 [[278   5]]

 [[279   6]]

 [[280   7]]

 [[281   7]]

 [[282   8]]

 [[282   9]]

 [[283   9]]

 [[284   9]]

 [[285   9]]

 [[286   8]]

 [[287   8]]

 [[288   8]]

 [[289   8]]

 [[290   9]]

 [[291   8]]

 [[292   8]]

 [[293   8]]

 [[294   8]]

 [[295   8]]

 [[296   8]]

 [[297   9]]

 [[297  10]]

 [[298  11]]

 [[299  11]]

 [[300  10]]

 [[300   9]]

 [[300   8]]

 [[301   7]]

 [[301   6]]

 [[302   5]]

 [[301   4]]

 [[300   3]]

 [[299   3]]

 [[298   3]]

 [[297   2]]

 [[297   3]]

 [[296   4]]

 [[295   5]]

 [[294   4]]

 [[294   3]]

 [[293   2]]

 [[293   1]]

 [[292   1]]

 [[291   1]]

 [[290   1]]

 [[289   1]]

 [[288   1]]

 [[287   1]]

 [[286   2]]

 [[286   3]]

 [[285   4]]

 [[284   4]]

 [[283   5]]

 [[282   5]]

 [[281   4]]

 [[280   4]]

 [[279   3]]

 [[278   2]]

 [[277   1]]

 [[276   1]]

 [[275   1]]

 [[274   1]]

 [[273   1]]

 [[272   1]]

 [[271   1]]

 [[270   1]]

 [[269   1]]

 [[268   1]]

 [[267   1]]

 [[266   1]]

 [[265   1]]

 [[264   1]]

 [[263   1]]

 [[262   1]]]
[[[ 0  0]]

 [[52  2]]

 [[51  3]]

 ..., 
 [[54  2]]

 [[53  2]]

 [[52  1]]]
[[[ 0  0]]

 [[34  2]]

 [[34  3]]

 [[35  4]]

 [[35  5]]

 [[35  6]]

 [[35  7]]

 [[35  8]]

 [[35  9]]

 [[35 10]]

 [[35 11]]

 [[34 12]]

 [[33 12]]

 [[32 12]]

 [[31 12]]

 [[30 12]]

 [[29 12]]

 [[28 12]]

 [[27 12]]

 [[26 11]]

 [[25 11]]

 [[24 12]]

 [[23 12]]

 [[22 12]]

 [[21 12]]

 [[20 12]]

 [[19 12]]

 [[18 13]]

 [[17 13]]

 [[16 13]]

 [[15 14]]

 [[14 14]]

 [[13 14]]

 [[12 14]]

 [[11 14]]

 [[10 14]]

 [[ 9 13]]

 [[ 9 14]]

 [[ 8 15]]

 [[ 8 16]]

 [[ 9 17]]

 [[ 9 18]]

 [[ 8 19]]

 [[ 7 19]]

 [[ 6 19]]

 [[ 5 19]]

 [[ 4 18]]

 [[ 4 17]]

 [[ 3 17]]

 [[ 2 17]]

 [[ 1 17]]

 [[ 2 17]]

 [[ 3 17]]

 [[ 4 18]]

 [[ 3 19]]

 [[ 2 19]]

 [[ 1 20]]

 [[ 2 20]]

 [[ 3 21]]

 [[ 4 21]]

 [[ 5 21]]

 [[ 6 21]]

 [[ 7 21]]

 [[ 8 21]]

 [[ 9 21]]

 [[10 20]]

 [[11 20]]

 [[12 20]]

 [[13 20]]

 [[14 20]]

 [[15 20]]

 [[16 20]]

 [[17 20]]

 [[18 20]]

 [[19 20]]

 [[20 20]]

 [[21 20]]

 [[22 19]]

 [[23 19]]

 [[24 19]]

 [[25 19]]

 [[24 19]]

 [[23 18]]

 [[24 17]]

 [[25 16]]

 [[26 16]]

 [[27 17]]

 [[28 17]]

 [[29 16]]

 [[30 16]]

 [[31 16]]

 [[32 16]]

 [[33 15]]

 [[34 15]]

 [[35 15]]

 [[36 16]]

 [[36 17]]

 [[37 18]]

 [[38 18]]

 [[39 18]]

 [[40 18]]

 [[41 17]]

 [[41 16]]

 [[41 15]]

 [[40 15]]

 [[39 14]]

 [[38 13]]

 [[38 12]]

 [[38 11]]

 [[38 10]]

 [[38  9]]

 [[38  8]]

 [[39  7]]

 [[40  8]]

 [[41  8]]

 [[42  8]]

 [[43  8]]

 [[43  7]]

 [[44  6]]

 [[43  6]]

 [[42  5]]

 [[41  4]]

 [[41  3]]

 [[41  2]]

 [[41  1]]

 [[40  1]]

 [[40  2]]

 [[39  3]]

 [[38  3]]

 [[37  2]]

 [[37  1]]

 [[36  1]]

 [[35  1]]]
