[[[  0   0]]

 [[  9 164]]

 [[  8 165]]

 [[  7 166]]

 [[  6 166]]

 [[  5 165]]

 [[  4 164]]

 [[  3 164]]

 [[  2 165]]

 [[  1 165]]

 [[  1 166]]

 [[  1 167]]

 [[  1 168]]

 [[  2 168]]

 [[  3 168]]

 [[  4 168]]

 [[  5 168]]

 [[  6 169]]

 [[  7 170]]

 [[  8 171]]

 [[  8 172]]

 [[  8 173]]

 [[  9 172]]

 [[ 10 171]]

 [[ 11 170]]

 [[ 12 171]]

 [[ 13 171]]

 [[ 14 172]]

 [[ 15 172]]

 [[ 16 173]]

 [[ 17 174]]

 [[ 17 175]]

 [[ 18 175]]

 [[ 19 176]]

 [[ 20 176]]

 [[ 21 176]]

 [[ 22 176]]

 [[ 23 176]]

 [[ 24 176]]

 [[ 25 176]]

 [[ 26 176]]

 [[ 27 176]]

 [[ 28 176]]

 [[ 29 176]]

 [[ 30 175]]

 [[ 31 176]]

 [[ 32 177]]

 [[ 33 178]]

 [[ 34 178]]

 [[ 35 179]]

 [[ 36 179]]

 [[ 37 179]]

 [[ 38 180]]

 [[ 39 180]]

 [[ 40 180]]

 [[ 41 180]]

 [[ 42 180]]

 [[ 43 180]]

 [[ 44 181]]

 [[ 45 181]]

 [[ 46 181]]

 [[ 47 181]]

 [[ 48 182]]

 [[ 49 183]]

 [[ 49 184]]

 [[ 50 185]]

 [[ 51 186]]

 [[ 52 187]]

 [[ 53 188]]

 [[ 54 188]]

 [[ 55 188]]

 [[ 56 188]]

 [[ 57 188]]

 [[ 58 188]]

 [[ 59 188]]

 [[ 60 188]]

 [[ 61 189]]

 [[ 62 190]]

 [[ 63 191]]

 [[ 64 192]]

 [[ 65 192]]

 [[ 66 193]]

 [[ 67 194]]

 [[ 68 195]]

 [[ 69 196]]

 [[ 70 196]]

 [[ 71 197]]

 [[ 72 198]]

 [[ 72 199]]

 [[ 73 199]]

 [[ 74 200]]

 [[ 74 201]]

 [[ 74 202]]

 [[ 75 203]]

 [[ 75 204]]

 [[ 76 205]]

 [[ 77 206]]

 [[ 78 206]]

 [[ 79 206]]

 [[ 80 207]]

 [[ 81 208]]

 [[ 82 209]]

 [[ 83 210]]

 [[ 83 211]]

 [[ 83 212]]

 [[ 83 213]]

 [[ 84 214]]

 [[ 85 215]]

 [[ 86 216]]

 [[ 85 217]]

 [[ 84 218]]

 [[ 84 219]]

 [[ 84 220]]

 [[ 85 220]]

 [[ 86 221]]

 [[ 87 222]]

 [[ 87 223]]

 [[ 88 224]]

 [[ 88 225]]

 [[ 89 226]]

 [[ 90 227]]

 [[ 90 228]]

 [[ 90 229]]

 [[ 90 230]]

 [[ 91 231]]

 [[ 92 231]]

 [[ 93 232]]

 [[ 94 233]]

 [[ 94 234]]

 [[ 93 235]]

 [[ 93 236]]

 [[ 93 237]]

 [[ 93 238]]

 [[ 94 239]]

 [[ 94 240]]

 [[ 94 241]]

 [[ 94 242]]

 [[ 94 243]]

 [[ 93 244]]

 [[ 93 245]]

 [[ 92 246]]

 [[ 92 247]]

 [[ 92 248]]

 [[ 91 249]]

 [[ 90 249]]

 [[ 89 250]]

 [[ 89 251]]

 [[ 89 252]]

 [[ 90 253]]

 [[ 90 254]]

 [[ 90 255]]

 [[ 89 256]]

 [[ 88 256]]

 [[ 87 257]]

 [[ 86 257]]

 [[ 85 257]]

 [[ 84 258]]

 [[ 83 258]]

 [[ 82 257]]

 [[ 81 257]]

 [[ 82 258]]

 [[ 83 258]]

 [[ 84 258]]

 [[ 85 258]]

 [[ 86 258]]

 [[ 87 258]]

 [[ 88 258]]

 [[ 89 258]]

 [[ 90 258]]

 [[ 91 258]]

 [[ 92 258]]

 [[ 93 258]]

 [[ 94 258]]

 [[ 95 258]]

 [[ 96 257]]

 [[ 96 256]]

 [[ 96 255]]

 [[ 96 254]]

 [[ 97 253]]

 [[ 97 252]]

 [[ 98 251]]

 [[ 99 252]]

 [[100 252]]

 [[101 252]]

 [[102 251]]

 [[102 250]]

 [[103 249]]

 [[104 248]]

 [[105 247]]

 [[106 246]]

 [[107 246]]

 [[107 245]]

 [[108 244]]

 [[108 243]]

 [[108 242]]

 [[108 241]]

 [[108 240]]

 [[108 239]]

 [[108 238]]

 [[107 237]]

 [[107 236]]

 [[108 235]]

 [[108 234]]

 [[108 233]]

 [[108 232]]

 [[108 231]]

 [[107 230]]

 [[106 229]]

 [[105 229]]

 [[104 229]]

 [[103 230]]

 [[102 229]]

 [[101 228]]

 [[101 227]]

 [[101 226]]

 [[101 225]]

 [[101 224]]

 [[102 223]]

 [[102 222]]

 [[102 221]]

 [[101 220]]

 [[101 219]]

 [[101 218]]

 [[100 217]]

 [[ 99 217]]

 [[ 98 216]]

 [[ 98 215]]

 [[ 97 214]]

 [[ 97 213]]

 [[ 96 213]]

 [[ 95 212]]

 [[ 95 211]]

 [[ 94 210]]

 [[ 94 209]]

 [[ 93 208]]

 [[ 92 207]]

 [[ 91 207]]

 [[ 90 206]]

 [[ 90 205]]

 [[ 90 204]]

 [[ 90 203]]

 [[ 90 202]]

 [[ 89 202]]

 [[ 88 201]]

 [[ 87 201]]

 [[ 86 200]]

 [[ 85 200]]

 [[ 84 200]]

 [[ 83 199]]

 [[ 82 199]]

 [[ 81 198]]

 [[ 80 197]]

 [[ 79 196]]

 [[ 79 195]]

 [[ 79 194]]

 [[ 79 193]]

 [[ 78 193]]

 [[ 77 193]]

 [[ 76 192]]

 [[ 75 191]]

 [[ 74 190]]

 [[ 74 189]]

 [[ 73 188]]

 [[ 72 188]]

 [[ 71 187]]

 [[ 70 187]]

 [[ 69 187]]

 [[ 68 186]]

 [[ 67 186]]

 [[ 66 186]]

 [[ 65 185]]

 [[ 64 184]]

 [[ 63 183]]

 [[ 62 183]]

 [[ 61 183]]

 [[ 60 183]]

 [[ 59 183]]

 [[ 58 183]]

 [[ 57 182]]

 [[ 56 181]]

 [[ 55 180]]

 [[ 54 180]]

 [[ 53 179]]

 [[ 53 178]]

 [[ 53 177]]

 [[ 52 177]]

 [[ 51 177]]

 [[ 50 177]]

 [[ 49 176]]

 [[ 48 176]]

 [[ 47 176]]

 [[ 46 175]]

 [[ 45 175]]

 [[ 44 174]]

 [[ 43 173]]

 [[ 42 172]]

 [[ 41 172]]

 [[ 40 171]]

 [[ 39 171]]

 [[ 38 171]]

 [[ 38 172]]

 [[ 37 173]]

 [[ 36 172]]

 [[ 35 172]]

 [[ 34 171]]

 [[ 33 171]]

 [[ 32 171]]

 [[ 31 170]]

 [[ 30 170]]

 [[ 29 171]]

 [[ 28 171]]

 [[ 27 170]]

 [[ 26 170]]

 [[ 25 170]]

 [[ 24 171]]

 [[ 23 171]]

 [[ 22 171]]

 [[ 21 171]]

 [[ 20 170]]

 [[ 19 169]]

 [[ 19 168]]

 [[ 18 168]]

 [[ 17 167]]

 [[ 16 167]]

 [[ 15 167]]

 [[ 14 167]]

 [[ 13 166]]

 [[ 12 165]]

 [[ 11 164]]]
[[[  0   0]]

 [[179 116]]

 [[178 117]]

 ..., 
 [[182 117]]

 [[181 117]]

 [[180 116]]]
[[[  0   0]]

 [[ 88 111]]

 [[ 87 111]]

 [[ 86 111]]

 [[ 85 111]]

 [[ 84 112]]

 [[ 84 113]]

 [[ 85 114]]

 [[ 86 114]]

 [[ 87 114]]

 [[ 88 114]]

 [[ 89 114]]

 [[ 90 114]]

 [[ 91 113]]

 [[ 92 113]]

 [[ 93 114]]

 [[ 94 114]]

 [[ 95 115]]

 [[ 96 115]]

 [[ 97 115]]

 [[ 98 115]]

 [[ 99 115]]

 [[100 115]]

 [[101 115]]

 [[102 115]]

 [[103 115]]

 [[104 115]]

 [[105 115]]

 [[106 115]]

 [[107 115]]

 [[108 114]]

 [[109 115]]

 [[110 116]]

 [[111 117]]

 [[111 116]]

 [[111 115]]

 [[112 114]]

 [[113 114]]

 [[114 114]]

 [[115 114]]

 [[116 115]]

 [[117 115]]

 [[118 116]]

 [[119 115]]

 [[120 116]]

 [[121 116]]

 [[122 117]]

 [[123 117]]

 [[124 117]]

 [[125 117]]

 [[126 118]]

 [[127 119]]

 [[128 119]]

 [[129 118]]

 [[130 118]]

 [[131 118]]

 [[132 118]]

 [[133 119]]

 [[134 118]]

 [[135 117]]

 [[136 116]]

 [[137 116]]

 [[138 117]]

 [[139 118]]

 [[140 117]]

 [[141 117]]

 [[142 117]]

 [[143 118]]

 [[144 117]]

 [[145 117]]

 [[146 117]]

 [[147 117]]

 [[148 117]]

 [[148 116]]

 [[147 116]]

 [[146 116]]

 [[145 116]]

 [[144 116]]

 [[143 115]]

 [[143 114]]

 [[142 113]]

 [[141 113]]

 [[140 114]]

 [[139 114]]

 [[138 114]]

 [[137 114]]

 [[136 114]]

 [[135 114]]

 [[134 114]]

 [[133 113]]

 [[133 112]]

 [[132 112]]

 [[131 112]]

 [[130 112]]

 [[129 112]]

 [[128 112]]

 [[127 112]]

 [[126 112]]

 [[125 112]]

 [[124 112]]

 [[123 112]]

 [[122 113]]

 [[121 113]]

 [[120 112]]

 [[119 112]]

 [[118 112]]

 [[117 111]]

 [[116 111]]

 [[115 111]]

 [[114 111]]

 [[113 111]]

 [[112 111]]

 [[111 111]]

 [[110 111]]

 [[109 111]]

 [[108 111]]

 [[107 111]]

 [[106 111]]

 [[105 111]]

 [[104 111]]

 [[103 111]]

 [[102 111]]

 [[101 111]]

 [[100 111]]

 [[ 99 111]]

 [[ 98 111]]

 [[ 97 111]]

 [[ 96 111]]

 [[ 95 111]]

 [[ 94 111]]

 [[ 93 111]]

 [[ 92 111]]

 [[ 91 111]]

 [[ 90 110]]]
