[[[  0   0]]

 [[613 194]]

 [[612 195]]

 [[611 195]]

 [[610 195]]

 [[609 194]]

 [[608 195]]

 [[608 196]]

 [[607 197]]

 [[607 198]]

 [[607 199]]

 [[608 200]]

 [[609 201]]

 [[610 202]]

 [[611 202]]

 [[612 202]]

 [[613 201]]

 [[614 201]]

 [[615 201]]

 [[616 201]]

 [[617 202]]

 [[618 202]]

 [[619 203]]

 [[620 204]]

 [[621 205]]

 [[622 205]]

 [[623 205]]

 [[624 205]]

 [[625 206]]

 [[626 206]]

 [[627 207]]

 [[628 207]]

 [[629 207]]

 [[630 208]]

 [[630 209]]

 [[631 210]]

 [[632 209]]

 [[632 208]]

 [[633 207]]

 [[634 207]]

 [[635 208]]

 [[636 208]]

 [[637 208]]

 [[638 209]]

 [[638 208]]

 [[638 207]]

 [[638 206]]

 [[638 205]]

 [[638 204]]

 [[638 203]]

 [[637 203]]

 [[636 204]]

 [[635 203]]

 [[634 203]]

 [[633 202]]

 [[632 201]]

 [[631 200]]

 [[630 199]]

 [[629 199]]

 [[628 199]]

 [[627 199]]

 [[626 198]]

 [[625 198]]

 [[624 198]]

 [[623 198]]

 [[622 197]]

 [[622 196]]

 [[621 195]]

 [[620 195]]

 [[619 195]]

 [[618 194]]

 [[617 194]]

 [[616 193]]

 [[615 194]]]
[[[  0   0]]

 [[461 127]]

 [[460 127]]

 [[461 127]]

 [[462 128]]

 [[463 129]]

 [[463 130]]

 [[463 131]]

 [[463 132]]

 [[464 133]]

 [[465 134]]

 [[466 134]]

 [[467 134]]

 [[468 134]]

 [[469 135]]

 [[470 135]]

 [[471 135]]

 [[472 135]]

 [[473 136]]

 [[474 137]]

 [[475 138]]

 [[476 138]]

 [[477 139]]

 [[478 139]]

 [[479 140]]

 [[480 140]]

 [[481 141]]

 [[482 142]]

 [[483 143]]

 [[484 144]]

 [[485 144]]

 [[486 145]]

 [[487 145]]

 [[488 145]]

 [[489 146]]

 [[490 146]]

 [[491 146]]

 [[492 147]]

 [[493 147]]

 [[494 148]]

 [[495 149]]

 [[496 149]]

 [[497 149]]

 [[498 150]]

 [[499 151]]

 [[499 152]]

 [[500 153]]

 [[500 154]]

 [[500 155]]

 [[499 156]]

 [[499 157]]

 [[500 157]]

 [[501 158]]

 [[502 157]]

 [[503 157]]

 [[504 157]]

 [[505 157]]

 [[506 158]]

 [[507 158]]

 [[508 158]]

 [[509 158]]

 [[510 159]]

 [[511 159]]

 [[512 160]]

 [[513 161]]

 [[514 161]]

 [[515 161]]

 [[516 162]]

 [[517 162]]

 [[518 163]]

 [[519 164]]

 [[520 165]]

 [[521 165]]

 [[522 165]]

 [[523 166]]

 [[524 166]]

 [[525 167]]

 [[525 168]]

 [[526 169]]

 [[527 169]]

 [[528 169]]

 [[529 169]]

 [[530 170]]

 [[530 171]]

 [[530 172]]

 [[531 172]]

 [[532 173]]

 [[533 173]]

 [[534 174]]

 [[535 174]]

 [[536 175]]

 [[537 175]]

 [[538 176]]

 [[539 177]]

 [[540 178]]

 [[541 179]]

 [[542 180]]

 [[543 180]]

 [[544 180]]

 [[545 180]]

 [[546 180]]

 [[547 181]]

 [[548 180]]

 [[549 180]]

 [[550 180]]

 [[551 180]]

 [[552 181]]

 [[553 180]]

 [[554 181]]

 [[555 181]]

 [[556 182]]

 [[557 183]]

 [[558 183]]

 [[559 183]]

 [[560 183]]

 [[561 183]]

 [[562 183]]

 [[563 183]]

 [[564 184]]

 [[565 185]]

 [[566 186]]

 [[566 187]]

 [[566 188]]

 [[565 189]]

 [[565 190]]

 [[566 190]]

 [[567 189]]

 [[568 188]]

 [[569 189]]

 [[570 188]]

 [[571 188]]

 [[572 187]]

 [[573 187]]

 [[574 187]]

 [[575 188]]

 [[575 189]]

 [[576 189]]

 [[577 189]]

 [[578 189]]

 [[579 190]]

 [[580 191]]

 [[581 191]]

 [[582 192]]

 [[583 192]]

 [[584 191]]

 [[585 191]]

 [[586 191]]

 [[587 191]]

 [[588 191]]

 [[589 191]]

 [[590 191]]

 [[591 192]]

 [[591 193]]

 [[592 194]]

 [[592 195]]

 [[593 196]]

 [[594 197]]

 [[595 196]]

 [[596 196]]

 [[597 197]]

 [[597 198]]

 [[598 198]]

 [[599 198]]

 [[600 198]]

 [[601 197]]

 [[602 197]]

 [[602 196]]

 [[602 195]]

 [[602 194]]

 [[603 193]]

 [[604 192]]

 [[604 191]]

 [[604 190]]

 [[603 189]]

 [[602 189]]

 [[601 189]]

 [[600 188]]

 [[600 187]]

 [[600 186]]

 [[600 185]]

 [[599 185]]

 [[599 186]]

 [[599 187]]

 [[598 188]]

 [[597 189]]

 [[596 190]]

 [[595 189]]

 [[594 188]]

 [[593 188]]

 [[592 187]]

 [[591 188]]

 [[590 188]]

 [[589 187]]

 [[588 187]]

 [[587 187]]

 [[587 188]]

 [[586 189]]

 [[585 189]]

 [[584 190]]

 [[583 191]]

 [[582 190]]

 [[582 189]]

 [[582 188]]

 [[583 187]]

 [[582 186]]

 [[581 185]]

 [[580 184]]

 [[580 183]]

 [[579 182]]

 [[579 181]]

 [[579 180]]

 [[578 181]]

 [[577 181]]

 [[576 180]]

 [[575 179]]

 [[574 179]]

 [[574 180]]

 [[573 181]]

 [[573 182]]

 [[572 183]]

 [[571 183]]

 [[570 183]]

 [[569 182]]

 [[568 181]]

 [[567 181]]

 [[566 181]]

 [[565 180]]

 [[564 180]]

 [[563 181]]

 [[562 182]]

 [[561 181]]

 [[561 180]]

 [[560 179]]

 [[560 178]]

 [[559 177]]

 [[559 176]]

 [[559 175]]

 [[559 174]]

 [[558 174]]

 [[557 174]]

 [[557 175]]

 [[556 176]]

 [[555 176]]

 [[554 176]]

 [[553 175]]

 [[552 175]]

 [[551 176]]

 [[550 176]]

 [[549 176]]

 [[548 176]]

 [[547 175]]

 [[546 174]]

 [[546 173]]

 [[545 173]]

 [[544 173]]

 [[543 172]]

 [[542 171]]

 [[541 170]]

 [[540 171]]

 [[539 171]]

 [[538 171]]

 [[537 170]]

 [[536 169]]

 [[535 168]]

 [[535 167]]

 [[535 166]]

 [[535 165]]

 [[534 165]]

 [[533 165]]

 [[532 165]]

 [[531 164]]

 [[530 164]]

 [[529 163]]

 [[528 162]]

 [[527 161]]

 [[526 160]]

 [[525 159]]

 [[524 159]]

 [[523 158]]

 [[522 157]]

 [[521 157]]

 [[520 156]]

 [[519 156]]

 [[518 155]]

 [[517 155]]

 [[516 155]]

 [[515 155]]

 [[514 155]]

 [[513 155]]

 [[512 155]]

 [[511 155]]

 [[510 155]]

 [[509 155]]

 [[508 155]]

 [[507 155]]

 [[506 154]]

 [[505 154]]

 [[504 154]]

 [[503 153]]

 [[503 152]]

 [[502 151]]

 [[501 150]]

 [[500 149]]

 [[499 148]]

 [[498 147]]

 [[498 146]]

 [[498 145]]

 [[498 144]]

 [[498 143]]

 [[497 142]]

 [[496 141]]

 [[495 141]]

 [[494 140]]

 [[493 140]]

 [[492 140]]

 [[491 139]]

 [[490 139]]

 [[489 140]]

 [[488 140]]

 [[487 139]]

 [[486 139]]

 [[485 138]]

 [[484 138]]

 [[483 137]]

 [[482 137]]

 [[481 136]]

 [[480 135]]

 [[479 134]]

 [[479 133]]

 [[478 132]]

 [[478 131]]

 [[478 130]]

 [[477 129]]

 [[476 129]]

 [[475 129]]

 [[474 129]]

 [[473 129]]

 [[472 129]]

 [[471 128]]

 [[470 128]]

 [[469 127]]

 [[468 127]]

 [[467 127]]

 [[466 127]]

 [[465 127]]

 [[464 126]]

 [[463 127]]]
[[[  0   0]]

 [[143  50]]

 [[144  51]]

 [[145  51]]

 [[146  51]]

 [[147  52]]

 [[148  52]]

 [[149  52]]

 [[150  52]]

 [[151  53]]

 [[152  54]]

 [[153  54]]

 [[154  55]]

 [[155  56]]

 [[156  56]]

 [[157  57]]

 [[158  58]]

 [[159  59]]

 [[160  59]]

 [[161  60]]

 [[162  61]]

 [[163  62]]

 [[163  63]]

 [[163  64]]

 [[164  65]]

 [[164  66]]

 [[164  67]]

 [[165  68]]

 [[166  69]]

 [[167  70]]

 [[168  71]]

 [[168  72]]

 [[169  73]]

 [[169  74]]

 [[170  75]]

 [[170  76]]

 [[170  77]]

 [[170  78]]

 [[170  79]]

 [[169  80]]

 [[169  81]]

 [[168  82]]

 [[167  83]]

 [[167  84]]

 [[168  85]]

 [[169  85]]

 [[170  86]]

 [[171  87]]

 [[172  88]]

 [[172  89]]

 [[173  89]]

 [[174  89]]

 [[175  89]]

 [[176  89]]

 [[177  89]]

 [[178  90]]

 [[179  91]]

 [[179  92]]

 [[179  93]]

 [[180  94]]

 [[181  95]]

 [[181  96]]

 [[182  97]]

 [[183  98]]

 [[183  99]]

 [[184 100]]

 [[184 101]]

 [[184 102]]

 [[184 103]]

 [[185 104]]

 [[185 105]]

 [[185 106]]

 [[186 106]]

 [[187 106]]

 [[188 107]]

 [[188 108]]

 [[189 109]]

 [[189 110]]

 [[189 111]]

 [[190 112]]

 [[190 113]]

 [[190 114]]

 [[191 115]]

 [[191 116]]

 [[191 117]]

 [[192 118]]

 [[192 119]]

 [[193 120]]

 [[193 121]]

 [[194 122]]

 [[194 123]]

 [[194 124]]

 [[194 125]]

 [[194 126]]

 [[195 127]]

 [[196 128]]

 [[197 129]]

 [[198 130]]

 [[198 131]]

 [[199 132]]

 [[199 133]]

 [[199 134]]

 [[199 135]]

 [[199 136]]

 [[199 137]]

 [[199 138]]

 [[199 139]]

 [[199 140]]

 [[199 141]]

 [[199 142]]

 [[200 143]]

 [[200 144]]

 [[201 144]]

 [[202 145]]

 [[202 146]]

 [[203 147]]

 [[203 148]]

 [[203 149]]

 [[204 150]]

 [[204 151]]

 [[205 152]]

 [[205 153]]

 [[206 154]]

 [[206 155]]

 [[205 156]]

 [[205 157]]

 [[205 158]]

 [[206 159]]

 [[206 160]]

 [[206 161]]

 [[206 162]]

 [[206 163]]

 [[206 164]]

 [[206 165]]

 [[207 166]]

 [[207 167]]

 [[207 168]]

 [[208 167]]

 [[209 167]]

 [[210 167]]

 [[211 168]]

 [[212 168]]

 [[213 168]]

 [[214 169]]

 [[215 170]]

 [[216 170]]

 [[217 170]]

 [[218 169]]

 [[218 168]]

 [[218 167]]

 [[218 166]]

 [[218 165]]

 [[218 164]]

 [[219 163]]

 [[219 162]]

 [[219 161]]

 [[219 160]]

 [[219 159]]

 [[219 158]]

 [[219 157]]

 [[219 156]]

 [[218 155]]

 [[217 155]]

 [[216 154]]

 [[215 154]]

 [[214 153]]

 [[214 152]]

 [[213 151]]

 [[213 150]]

 [[213 149]]

 [[212 148]]

 [[212 147]]

 [[212 146]]

 [[212 145]]

 [[212 144]]

 [[212 143]]

 [[212 142]]

 [[211 141]]

 [[210 140]]

 [[210 139]]

 [[209 138]]

 [[208 137]]

 [[207 136]]

 [[207 135]]

 [[206 134]]

 [[206 133]]

 [[206 132]]

 [[205 131]]

 [[205 130]]

 [[204 129]]

 [[204 128]]

 [[203 127]]

 [[202 126]]

 [[202 125]]

 [[202 124]]

 [[202 123]]

 [[202 122]]

 [[202 121]]

 [[201 120]]

 [[200 120]]

 [[199 119]]

 [[198 118]]

 [[197 117]]

 [[197 116]]

 [[197 115]]

 [[196 114]]

 [[196 113]]

 [[195 112]]

 [[195 111]]

 [[194 111]]

 [[193 110]]

 [[193 109]]

 [[193 108]]

 [[193 107]]

 [[192 106]]

 [[192 105]]

 [[192 104]]

 [[192 103]]

 [[192 102]]

 [[191 101]]

 [[191 100]]

 [[190  99]]

 [[189  98]]

 [[188  97]]

 [[187  96]]

 [[187  95]]

 [[186  94]]

 [[186  93]]

 [[185  92]]

 [[184  91]]

 [[183  90]]

 [[182  90]]

 [[181  89]]

 [[180  89]]

 [[179  89]]

 [[178  88]]

 [[177  87]]

 [[177  86]]

 [[176  85]]

 [[176  84]]

 [[176  83]]

 [[176  82]]

 [[175  81]]

 [[175  80]]

 [[175  79]]

 [[175  78]]

 [[175  77]]

 [[174  76]]

 [[174  75]]

 [[174  74]]

 [[174  73]]

 [[173  72]]

 [[173  71]]

 [[172  70]]

 [[172  69]]

 [[171  68]]

 [[171  67]]

 [[171  66]]

 [[171  65]]

 [[170  64]]

 [[169  63]]

 [[168  62]]

 [[167  62]]

 [[166  61]]

 [[165  60]]

 [[164  59]]

 [[164  58]]

 [[164  57]]

 [[163  56]]

 [[162  56]]

 [[161  55]]

 [[160  54]]

 [[159  54]]

 [[158  54]]

 [[157  53]]

 [[156  53]]

 [[155  52]]

 [[154  52]]

 [[153  51]]

 [[152  51]]

 [[151  51]]

 [[150  50]]

 [[149  50]]

 [[148  49]]

 [[147  49]]

 [[146  49]]

 [[145  49]]

 [[144  49]]]
[[[  0   0]]

 [[270  40]]

 [[270  41]]

 [[271  42]]

 [[272  43]]

 [[273  43]]

 [[274  43]]

 [[275  43]]

 [[276  43]]

 [[277  43]]

 [[278  43]]

 [[279  43]]

 [[280  43]]

 [[281  44]]

 [[282  44]]

 [[283  44]]

 [[284  44]]

 [[285  44]]

 [[286  45]]

 [[287  45]]

 [[288  46]]

 [[289  46]]

 [[290  46]]

 [[291  47]]

 [[292  47]]

 [[293  48]]

 [[294  48]]

 [[295  48]]

 [[296  47]]

 [[297  47]]

 [[298  48]]

 [[299  48]]

 [[300  49]]

 [[301  49]]

 [[302  50]]

 [[303  50]]

 [[304  51]]

 [[305  51]]

 [[306  52]]

 [[307  52]]

 [[308  53]]

 [[309  54]]

 [[310  54]]

 [[311  55]]

 [[312  55]]

 [[313  55]]

 [[314  56]]

 [[315  56]]

 [[316  57]]

 [[317  57]]

 [[318  58]]

 [[319  59]]

 [[320  60]]

 [[321  60]]

 [[322  61]]

 [[323  62]]

 [[324  63]]

 [[325  64]]

 [[326  65]]

 [[327  65]]

 [[328  66]]

 [[329  67]]

 [[330  68]]

 [[331  68]]

 [[332  69]]

 [[333  70]]

 [[334  71]]

 [[334  72]]

 [[335  73]]

 [[336  74]]

 [[337  74]]

 [[338  75]]

 [[339  76]]

 [[340  77]]

 [[341  78]]

 [[342  79]]

 [[343  80]]

 [[344  81]]

 [[345  81]]

 [[346  82]]

 [[347  83]]

 [[348  84]]

 [[348  85]]

 [[349  86]]

 [[349  87]]

 [[349  88]]

 [[349  89]]

 [[350  89]]

 [[351  89]]

 [[352  89]]

 [[353  90]]

 [[354  90]]

 [[355  91]]

 [[356  92]]

 [[357  92]]

 [[358  93]]

 [[359  93]]

 [[360  93]]

 [[361  93]]

 [[362  94]]

 [[363  95]]

 [[363  96]]

 [[364  97]]

 [[364  98]]

 [[365  98]]

 [[366  99]]

 [[367  99]]

 [[368 100]]

 [[369 101]]

 [[369 102]]

 [[370 102]]

 [[371 102]]

 [[372 101]]

 [[373 101]]

 [[374 101]]

 [[375 101]]

 [[376 101]]

 [[377 102]]

 [[378 103]]

 [[379 104]]

 [[380 105]]

 [[381 106]]

 [[382 106]]

 [[383 106]]

 [[384 106]]

 [[385 106]]

 [[386 106]]

 [[387 106]]

 [[388 107]]

 [[389 107]]

 [[390 107]]

 [[391 108]]

 [[392 108]]

 [[393 108]]

 [[394 108]]

 [[395 108]]

 [[396 108]]

 [[397 108]]

 [[398 108]]

 [[399 109]]

 [[400 110]]

 [[401 111]]

 [[402 112]]

 [[403 112]]

 [[404 112]]

 [[405 112]]

 [[406 113]]

 [[407 113]]

 [[408 113]]

 [[409 113]]

 [[410 114]]

 [[411 115]]

 [[412 115]]

 [[413 115]]

 [[414 116]]

 [[415 116]]

 [[416 117]]

 [[417 117]]

 [[418 117]]

 [[419 117]]

 [[420 116]]

 [[421 116]]

 [[422 117]]

 [[423 117]]

 [[424 117]]

 [[423 116]]

 [[423 115]]

 [[422 115]]

 [[421 116]]

 [[420 115]]

 [[420 114]]

 [[419 113]]

 [[418 112]]

 [[417 111]]

 [[416 110]]

 [[415 110]]

 [[414 109]]

 [[413 109]]

 [[412 109]]

 [[411 109]]

 [[410 108]]

 [[409 108]]

 [[408 108]]

 [[407 108]]

 [[406 109]]

 [[405 109]]

 [[404 109]]

 [[403 108]]

 [[402 108]]

 [[401 107]]

 [[400 107]]

 [[399 107]]

 [[398 106]]

 [[397 106]]

 [[396 105]]

 [[395 105]]

 [[394 105]]

 [[393 104]]

 [[392 104]]

 [[391 103]]

 [[390 103]]

 [[389 102]]

 [[388 102]]

 [[387 103]]

 [[386 103]]

 [[385 102]]

 [[385 101]]

 [[385 100]]

 [[384  99]]

 [[383  98]]

 [[382  98]]

 [[381  98]]

 [[380  98]]

 [[379  98]]

 [[378  97]]

 [[377  97]]

 [[376  97]]

 [[375  96]]

 [[374  96]]

 [[373  96]]

 [[372  96]]

 [[371  95]]

 [[370  94]]

 [[369  94]]

 [[368  93]]

 [[367  92]]

 [[366  91]]

 [[365  90]]

 [[364  90]]

 [[363  90]]

 [[362  91]]

 [[361  90]]

 [[360  89]]

 [[359  88]]

 [[358  87]]

 [[357  86]]

 [[356  85]]

 [[355  84]]

 [[355  83]]

 [[354  83]]

 [[353  83]]

 [[352  82]]

 [[351  82]]

 [[350  81]]

 [[349  80]]

 [[348  79]]

 [[348  78]]

 [[347  77]]

 [[347  76]]

 [[346  75]]

 [[346  74]]

 [[345  73]]

 [[344  73]]

 [[343  72]]

 [[342  73]]

 [[341  72]]

 [[340  71]]

 [[339  70]]

 [[338  69]]

 [[338  68]]

 [[337  67]]

 [[336  67]]

 [[335  66]]

 [[334  66]]

 [[333  65]]

 [[332  64]]

 [[332  63]]

 [[331  62]]

 [[330  62]]

 [[329  61]]

 [[328  61]]

 [[327  60]]

 [[326  59]]

 [[325  59]]

 [[324  58]]

 [[323  58]]

 [[322  57]]

 [[321  56]]

 [[320  56]]

 [[319  55]]

 [[319  54]]

 [[318  53]]

 [[317  52]]

 [[316  52]]

 [[315  52]]

 [[314  52]]

 [[313  51]]

 [[312  51]]

 [[311  50]]

 [[310  50]]

 [[309  50]]

 [[308  50]]

 [[307  49]]

 [[306  48]]

 [[305  48]]

 [[304  48]]

 [[303  48]]

 [[302  47]]

 [[301  47]]

 [[300  47]]

 [[299  47]]

 [[298  47]]

 [[297  46]]

 [[297  45]]

 [[296  44]]

 [[295  44]]

 [[294  44]]

 [[293  43]]

 [[292  43]]

 [[291  43]]

 [[290  43]]

 [[289  42]]

 [[288  42]]

 [[287  42]]

 [[286  42]]

 [[285  41]]

 [[284  41]]

 [[283  41]]

 [[282  40]]

 [[281  40]]

 [[280  39]]

 [[279  39]]

 [[278  39]]

 [[277  39]]

 [[276  39]]

 [[275  39]]

 [[274  39]]

 [[273  39]]

 [[272  39]]]
