[[[  0   0]]

 [[613  28]]

 [[612  29]]

 [[611  29]]

 [[610  29]]

 [[609  30]]

 [[608  30]]

 [[607  31]]

 [[606  32]]

 [[606  33]]

 [[606  34]]

 [[606  35]]

 [[606  36]]

 [[606  37]]

 [[605  38]]

 [[604  39]]

 [[603  40]]

 [[603  41]]

 [[604  42]]

 [[603  43]]

 [[603  44]]

 [[603  45]]

 [[603  46]]

 [[603  47]]

 [[602  48]]

 [[601  49]]

 [[600  49]]

 [[599  50]]

 [[598  50]]

 [[597  50]]

 [[596  51]]

 [[596  52]]

 [[595  53]]

 [[595  54]]

 [[595  55]]

 [[594  56]]

 [[593  56]]

 [[592  56]]

 [[591  56]]

 [[590  57]]

 [[589  57]]

 [[588  57]]

 [[588  58]]

 [[589  59]]

 [[589  60]]

 [[589  61]]

 [[589  62]]

 [[588  63]]

 [[588  64]]

 [[588  65]]

 [[588  66]]

 [[588  67]]

 [[588  68]]

 [[588  69]]

 [[588  70]]

 [[588  71]]

 [[587  72]]

 [[587  73]]

 [[587  74]]

 [[587  75]]

 [[587  76]]

 [[587  77]]

 [[587  78]]

 [[586  79]]

 [[586  80]]

 [[587  81]]

 [[587  82]]

 [[587  83]]

 [[587  84]]

 [[586  85]]

 [[587  86]]

 [[588  86]]

 [[589  86]]

 [[590  86]]

 [[591  86]]

 [[592  87]]

 [[593  87]]

 [[594  88]]

 [[595  88]]

 [[596  87]]

 [[595  86]]

 [[595  85]]

 [[595  84]]

 [[594  83]]

 [[593  82]]

 [[593  81]]

 [[593  80]]

 [[593  79]]

 [[593  78]]

 [[593  77]]

 [[594  76]]

 [[594  75]]

 [[594  74]]

 [[594  73]]

 [[594  72]]

 [[593  71]]

 [[593  70]]

 [[593  69]]

 [[594  68]]

 [[595  68]]

 [[596  67]]

 [[597  67]]

 [[598  68]]

 [[599  69]]

 [[600  70]]

 [[600  71]]

 [[601  72]]

 [[601  73]]

 [[601  74]]

 [[601  75]]

 [[601  76]]

 [[601  77]]

 [[601  78]]

 [[601  79]]

 [[602  80]]

 [[602  81]]

 [[602  82]]

 [[602  83]]

 [[601  84]]

 [[600  85]]

 [[600  86]]

 [[599  87]]

 [[599  88]]

 [[599  89]]

 [[600  89]]

 [[601  90]]

 [[602  90]]

 [[603  89]]

 [[604  89]]

 [[605  90]]

 [[606  90]]

 [[607  90]]

 [[608  89]]

 [[608  88]]

 [[607  87]]

 [[607  86]]

 [[607  85]]

 [[607  84]]

 [[607  83]]

 [[607  82]]

 [[607  81]]

 [[607  80]]

 [[607  79]]

 [[607  78]]

 [[607  77]]

 [[606  76]]

 [[606  75]]

 [[606  74]]

 [[606  73]]

 [[606  72]]

 [[606  71]]

 [[606  70]]

 [[606  69]]

 [[606  68]]

 [[606  67]]

 [[606  66]]

 [[605  65]]

 [[605  64]]

 [[605  63]]

 [[605  62]]

 [[606  61]]

 [[605  60]]

 [[605  59]]

 [[605  58]]

 [[606  57]]

 [[607  56]]

 [[608  56]]

 [[609  56]]

 [[610  55]]

 [[611  55]]

 [[612  54]]

 [[613  53]]

 [[613  52]]

 [[613  51]]

 [[613  50]]

 [[614  49]]

 [[614  48]]

 [[614  47]]

 [[615  46]]

 [[615  45]]

 [[616  44]]

 [[616  43]]

 [[616  42]]

 [[616  41]]

 [[617  40]]

 [[617  39]]

 [[618  38]]

 [[618  37]]

 [[618  36]]

 [[617  35]]

 [[616  34]]

 [[615  33]]

 [[614  32]]

 [[614  31]]

 [[614  30]]

 [[614  29]]

 [[614  28]]]
[[[  0   0]]

 [[479   2]]

 [[480   2]]

 [[481   3]]

 [[481   4]]

 [[481   5]]

 [[481   6]]

 [[480   7]]

 [[480   8]]

 [[480   9]]

 [[480  10]]

 [[480  11]]

 [[479  12]]

 [[479  13]]

 [[479  14]]

 [[479  15]]

 [[478  16]]

 [[478  17]]

 [[479  18]]

 [[479  19]]

 [[479  20]]

 [[479  21]]

 [[479  22]]

 [[479  23]]

 [[479  24]]

 [[479  25]]

 [[480  26]]

 [[481  27]]

 [[481  28]]

 [[481  29]]

 [[480  30]]

 [[480  31]]

 [[480  32]]

 [[480  33]]

 [[479  34]]

 [[480  35]]

 [[480  36]]

 [[479  37]]

 [[478  36]]

 [[477  37]]

 [[477  38]]

 [[477  39]]

 [[477  40]]

 [[478  41]]

 [[478  42]]

 [[479  43]]

 [[479  44]]

 [[479  45]]

 [[479  46]]

 [[480  47]]

 [[480  48]]

 [[480  49]]

 [[480  50]]

 [[480  51]]

 [[480  52]]

 [[480  53]]

 [[479  54]]

 [[479  55]]

 [[479  56]]

 [[478  57]]

 [[477  58]]

 [[476  58]]

 [[475  58]]

 [[474  57]]

 [[473  56]]

 [[473  55]]

 [[473  54]]

 [[473  53]]

 [[473  52]]

 [[473  51]]

 [[473  50]]

 [[473  49]]

 [[473  48]]

 [[473  47]]

 [[473  46]]

 [[472  45]]

 [[472  44]]

 [[472  43]]

 [[472  42]]

 [[473  41]]

 [[473  40]]

 [[473  39]]

 [[473  38]]

 [[473  37]]

 [[472  36]]

 [[472  35]]

 [[472  34]]

 [[472  33]]

 [[472  32]]

 [[472  31]]

 [[472  30]]

 [[472  29]]

 [[471  28]]

 [[471  27]]

 [[472  26]]

 [[472  25]]

 [[472  24]]

 [[472  23]]

 [[473  22]]

 [[473  21]]

 [[472  20]]

 [[473  19]]

 [[473  18]]

 [[473  17]]

 [[473  16]]

 [[473  15]]

 [[473  14]]

 [[473  13]]

 [[473  12]]

 [[473  11]]

 [[474  10]]

 [[474   9]]

 [[474   8]]

 [[475   7]]

 [[476   6]]

 [[477   6]]

 [[478   6]]

 [[478   5]]

 [[478   4]]

 [[477   4]]

 [[476   5]]

 [[475   6]]

 [[474   5]]

 [[474   4]]

 [[474   5]]

 [[474   6]]

 [[473   7]]

 [[473   8]]

 [[473   9]]

 [[473  10]]

 [[472  11]]

 [[471  12]]

 [[470  13]]

 [[470  14]]

 [[470  15]]

 [[469  16]]

 [[469  17]]

 [[469  18]]

 [[469  19]]

 [[468  20]]

 [[468  21]]

 [[468  22]]

 [[468  23]]

 [[468  24]]

 [[468  25]]

 [[468  26]]

 [[469  27]]

 [[469  28]]

 [[469  29]]

 [[469  30]]

 [[469  31]]

 [[469  32]]

 [[469  33]]

 [[469  34]]

 [[469  35]]

 [[469  36]]

 [[470  37]]

 [[470  38]]

 [[470  39]]

 [[471  40]]

 [[471  41]]

 [[471  42]]

 [[471  43]]

 [[470  44]]

 [[470  45]]

 [[470  46]]

 [[470  47]]

 [[470  48]]

 [[470  49]]

 [[470  50]]

 [[470  51]]

 [[470  52]]

 [[470  53]]

 [[471  54]]

 [[471  55]]

 [[471  56]]

 [[471  57]]

 [[471  58]]

 [[471  59]]

 [[471  60]]

 [[472  60]]

 [[473  61]]

 [[474  61]]

 [[475  61]]

 [[476  61]]

 [[477  61]]

 [[478  61]]

 [[479  61]]

 [[480  61]]

 [[481  61]]

 [[482  60]]

 [[483  60]]

 [[483  59]]

 [[483  58]]

 [[483  57]]

 [[483  56]]

 [[483  55]]

 [[483  54]]

 [[483  53]]

 [[483  52]]

 [[483  51]]

 [[483  50]]

 [[483  49]]

 [[483  48]]

 [[482  47]]

 [[482  46]]

 [[483  45]]

 [[482  44]]

 [[482  43]]

 [[482  42]]

 [[483  41]]

 [[483  40]]

 [[483  39]]

 [[483  38]]

 [[483  37]]

 [[483  36]]

 [[483  35]]

 [[483  34]]

 [[483  33]]

 [[484  32]]

 [[484  31]]

 [[484  30]]

 [[484  29]]

 [[484  28]]

 [[484  27]]

 [[484  26]]

 [[484  25]]

 [[485  24]]

 [[485  23]]

 [[485  22]]

 [[486  21]]

 [[486  20]]

 [[486  19]]

 [[486  18]]

 [[485  17]]

 [[485  16]]

 [[485  15]]

 [[485  14]]

 [[485  13]]

 [[485  12]]

 [[486  11]]

 [[486  10]]

 [[487   9]]

 [[487   8]]

 [[487   7]]

 [[487   6]]

 [[486   5]]

 [[485   4]]

 [[484   3]]

 [[484   2]]

 [[483   1]]

 [[482   1]]

 [[481   1]]

 [[480   1]]]
[[[  0   0]]

 [[429   2]]

 [[429   3]]

 [[428   4]]

 [[428   5]]

 [[427   6]]

 [[426   7]]

 [[426   8]]

 [[426   9]]

 [[426  10]]

 [[425  11]]

 [[425  12]]

 [[425  13]]

 [[425  14]]

 [[425  15]]

 [[425  16]]

 [[425  17]]

 [[425  18]]

 [[425  19]]

 [[424  20]]

 [[423  21]]

 [[422  22]]

 [[422  23]]

 [[422  24]]

 [[421  25]]

 [[421  26]]

 [[421  27]]

 [[422  28]]

 [[422  29]]

 [[423  30]]

 [[423  31]]

 [[423  30]]

 [[424  29]]

 [[425  30]]

 [[425  31]]

 [[425  32]]

 [[425  33]]

 [[425  34]]

 [[425  35]]

 [[425  36]]

 [[425  37]]

 [[425  38]]

 [[424  39]]

 [[424  40]]

 [[424  41]]

 [[425  42]]

 [[425  43]]

 [[425  44]]

 [[425  45]]

 [[425  46]]

 [[425  47]]

 [[426  48]]

 [[427  49]]

 [[428  49]]

 [[429  49]]

 [[430  49]]

 [[431  50]]

 [[432  49]]

 [[432  48]]

 [[433  47]]

 [[434  46]]

 [[434  45]]

 [[435  44]]

 [[435  43]]

 [[435  42]]

 [[435  41]]

 [[435  40]]

 [[435  39]]

 [[435  38]]

 [[435  37]]

 [[435  36]]

 [[435  35]]

 [[435  34]]

 [[434  33]]

 [[434  32]]

 [[434  31]]

 [[434  30]]

 [[434  29]]

 [[434  28]]

 [[434  27]]

 [[434  26]]

 [[434  25]]

 [[435  24]]

 [[435  23]]

 [[435  22]]

 [[435  21]]

 [[436  20]]

 [[437  19]]

 [[437  18]]

 [[437  17]]

 [[437  16]]

 [[437  15]]

 [[437  14]]

 [[437  13]]

 [[436  12]]

 [[436  11]]

 [[436  10]]

 [[436   9]]

 [[436   8]]

 [[436   7]]

 [[437   6]]

 [[436   5]]

 [[436   4]]

 [[435   3]]

 [[434   2]]

 [[435   1]]

 [[434   1]]

 [[433   1]]

 [[432   1]]

 [[431   1]]

 [[430   1]]]
