[[[ 0  0]]

 [[58 60]]

 [[57 61]]

 [[56 61]]

 [[55 62]]

 [[54 62]]

 [[53 62]]

 [[52 62]]

 [[51 63]]

 [[50 63]]

 [[49 63]]

 [[48 63]]

 [[47 64]]

 [[46 64]]

 [[45 64]]

 [[44 64]]

 [[43 64]]

 [[42 64]]

 [[41 65]]

 [[40 65]]

 [[39 65]]

 [[38 65]]

 [[37 65]]

 [[36 65]]

 [[35 65]]

 [[34 65]]

 [[33 65]]

 [[32 65]]

 [[31 65]]

 [[30 65]]

 [[29 66]]

 [[29 67]]

 [[28 68]]

 [[27 69]]

 [[26 70]]

 [[25 70]]

 [[24 70]]

 [[23 71]]

 [[22 71]]

 [[21 71]]

 [[20 72]]

 [[19 72]]

 [[18 72]]

 [[17 72]]

 [[16 72]]

 [[15 72]]

 [[14 73]]

 [[13 73]]

 [[12 73]]

 [[11 73]]

 [[10 73]]

 [[ 9 74]]

 [[ 8 74]]

 [[ 7 74]]

 [[ 6 74]]

 [[ 5 74]]

 [[ 4 74]]

 [[ 3 74]]

 [[ 2 75]]

 [[ 1 75]]

 [[ 1 76]]

 [[ 1 77]]

 [[ 1 78]]

 [[ 1 79]]

 [[ 1 80]]

 [[ 1 81]]

 [[ 1 82]]

 [[ 2 81]]

 [[ 3 80]]

 [[ 4 79]]

 [[ 5 79]]

 [[ 6 79]]

 [[ 7 79]]

 [[ 8 79]]

 [[ 9 79]]

 [[10 79]]

 [[11 79]]

 [[12 79]]

 [[13 79]]

 [[14 79]]

 [[15 79]]

 [[16 79]]

 [[17 78]]

 [[18 78]]

 [[19 78]]

 [[20 78]]

 [[21 78]]

 [[22 77]]

 [[23 77]]

 [[24 77]]

 [[25 76]]

 [[26 76]]

 [[27 75]]

 [[28 75]]

 [[29 74]]

 [[30 73]]

 [[30 72]]

 [[30 71]]

 [[31 70]]

 [[32 70]]

 [[33 71]]

 [[34 72]]

 [[35 72]]

 [[36 72]]

 [[37 73]]

 [[38 73]]

 [[39 73]]

 [[40 73]]

 [[41 73]]

 [[42 73]]

 [[43 73]]

 [[44 72]]

 [[45 72]]

 [[46 72]]

 [[47 72]]

 [[48 72]]

 [[49 72]]

 [[50 71]]

 [[51 71]]

 [[52 71]]

 [[53 71]]

 [[54 70]]

 [[55 70]]

 [[56 70]]

 [[57 70]]

 [[58 69]]

 [[59 69]]

 [[60 68]]

 [[60 67]]

 [[60 66]]

 [[60 65]]

 [[60 64]]

 [[60 63]]

 [[60 62]]

 [[60 61]]

 [[60 60]]

 [[60 59]]]
[[[ 0  0]]

 [[52 42]]

 [[51 42]]

 [[50 42]]

 [[49 43]]

 [[48 43]]

 [[47 43]]

 [[46 43]]

 [[45 43]]

 [[44 44]]

 [[43 44]]

 [[42 44]]

 [[41 44]]

 [[40 44]]

 [[39 45]]

 [[38 45]]

 [[37 45]]

 [[36 45]]

 [[35 45]]

 [[34 45]]

 [[33 46]]

 [[32 46]]

 [[31 46]]

 [[30 46]]

 [[29 47]]

 [[28 47]]

 [[27 48]]

 [[26 49]]

 [[26 50]]

 [[25 51]]

 [[24 52]]

 [[23 52]]

 [[22 53]]

 [[21 53]]

 [[20 53]]

 [[19 53]]

 [[18 54]]

 [[17 54]]

 [[16 54]]

 [[15 54]]

 [[14 54]]

 [[13 55]]

 [[12 55]]

 [[11 55]]

 [[10 55]]

 [[ 9 55]]

 [[ 8 55]]

 [[ 7 55]]

 [[ 6 56]]

 [[ 5 56]]

 [[ 4 56]]

 [[ 3 56]]

 [[ 2 56]]

 [[ 1 56]]

 [[ 1 57]]

 [[ 1 58]]

 [[ 1 59]]

 [[ 1 60]]

 [[ 1 61]]

 [[ 2 61]]

 [[ 3 61]]

 [[ 4 61]]

 [[ 5 61]]

 [[ 6 61]]

 [[ 7 61]]

 [[ 8 62]]

 [[ 9 62]]

 [[10 62]]

 [[11 61]]

 [[12 61]]

 [[13 61]]

 [[14 61]]

 [[15 61]]

 [[16 60]]

 [[17 60]]

 [[18 60]]

 [[19 60]]

 [[20 60]]

 [[21 59]]

 [[22 59]]

 [[23 59]]

 [[24 58]]

 [[25 58]]

 [[26 57]]

 [[26 56]]

 [[26 55]]

 [[27 54]]

 [[28 53]]

 [[29 53]]

 [[30 53]]

 [[31 53]]

 [[32 53]]

 [[33 53]]

 [[34 53]]

 [[35 53]]

 [[36 53]]

 [[37 53]]

 [[38 53]]

 [[39 53]]

 [[40 53]]

 [[41 53]]

 [[42 52]]

 [[43 52]]

 [[44 52]]

 [[45 52]]

 [[46 52]]

 [[47 52]]

 [[48 51]]

 [[49 51]]

 [[50 51]]

 [[51 51]]

 [[52 50]]

 [[53 50]]

 [[54 50]]

 [[55 50]]

 [[56 49]]

 [[57 49]]

 [[57 48]]

 [[58 47]]

 [[58 46]]

 [[59 45]]

 [[60 45]]

 [[60 44]]

 [[59 43]]

 [[58 43]]

 [[57 42]]

 [[56 41]]

 [[55 41]]

 [[54 41]]]
[[[  0   0]]

 [[558   2]]

 [[559   3]]

 [[560   3]]

 [[561   4]]

 [[562   5]]

 [[563   6]]

 [[564   6]]

 [[565   6]]

 [[566   6]]

 [[567   6]]

 [[568   6]]

 [[569   6]]

 [[570   7]]

 [[571   7]]

 [[572   8]]

 [[573   9]]

 [[574   9]]

 [[575   9]]

 [[576   9]]

 [[577   9]]

 [[578  10]]

 [[579  10]]

 [[580  10]]

 [[581  10]]

 [[582  10]]

 [[583   9]]

 [[584   9]]

 [[585   9]]

 [[586   9]]

 [[587   9]]

 [[588   9]]

 [[589   9]]

 [[590   9]]

 [[591   9]]

 [[592  10]]

 [[593  10]]

 [[594  11]]

 [[595  12]]

 [[596  12]]

 [[597  13]]

 [[597  12]]

 [[598  11]]

 [[598  10]]

 [[598   9]]

 [[598   8]]

 [[598   7]]

 [[599   6]]

 [[600   6]]

 [[601   6]]

 [[602   7]]

 [[602   8]]

 [[603   8]]

 [[604   9]]

 [[605  10]]

 [[605  11]]

 [[606  12]]

 [[607  13]]

 [[607  12]]

 [[607  11]]

 [[608  10]]

 [[609  10]]

 [[610  10]]

 [[611   9]]

 [[612   9]]

 [[613   9]]

 [[614   9]]

 [[615  10]]

 [[615  11]]

 [[615  12]]

 [[615  13]]

 [[614  14]]

 [[613  14]]

 [[612  13]]

 [[612  12]]

 [[611  12]]

 [[612  13]]

 [[612  14]]

 [[613  15]]

 [[612  16]]

 [[613  17]]

 [[614  16]]

 [[615  15]]

 [[616  15]]

 [[617  15]]

 [[618  15]]

 [[619  15]]

 [[620  16]]

 [[621  17]]

 [[622  17]]

 [[623  17]]

 [[624  18]]

 [[625  19]]

 [[626  19]]

 [[626  18]]

 [[627  17]]

 [[628  17]]

 [[629  16]]

 [[630  17]]

 [[631  18]]

 [[632  18]]

 [[631  18]]

 [[630  17]]

 [[631  16]]

 [[632  16]]

 [[633  16]]

 [[634  16]]

 [[635  16]]

 [[636  16]]

 [[637  16]]

 [[638  17]]

 [[638  18]]

 [[638  17]]

 [[638  16]]

 [[638  15]]

 [[638  14]]

 [[638  13]]

 [[638  12]]

 [[637  11]]

 [[636  11]]

 [[635  11]]

 [[634  11]]

 [[633  11]]

 [[632  10]]

 [[631  10]]

 [[630   9]]

 [[629   9]]

 [[628   8]]

 [[627   8]]

 [[626   7]]

 [[625   7]]

 [[624   7]]

 [[623   6]]

 [[622   6]]

 [[621   7]]

 [[620   8]]

 [[619   8]]

 [[618   8]]

 [[617   8]]

 [[616   8]]

 [[615   7]]

 [[614   7]]

 [[613   7]]

 [[612   7]]

 [[611   7]]

 [[610   7]]

 [[609   6]]

 [[608   6]]

 [[607   6]]

 [[606   6]]

 [[605   6]]

 [[604   6]]

 [[603   5]]

 [[602   5]]

 [[601   5]]

 [[600   6]]

 [[599   5]]

 [[598   4]]

 [[597   4]]

 [[596   4]]

 [[595   4]]

 [[594   4]]

 [[593   4]]

 [[592   4]]

 [[591   5]]

 [[590   5]]

 [[589   5]]

 [[588   5]]

 [[588   6]]

 [[587   7]]

 [[586   8]]

 [[585   7]]

 [[584   7]]

 [[583   7]]

 [[582   7]]

 [[581   7]]

 [[580   7]]

 [[579   7]]

 [[578   8]]

 [[577   7]]

 [[576   6]]

 [[576   5]]

 [[575   5]]

 [[574   5]]

 [[573   6]]

 [[572   6]]

 [[571   6]]

 [[570   6]]

 [[569   6]]

 [[568   5]]

 [[568   4]]

 [[567   3]]

 [[566   3]]

 [[565   3]]

 [[564   4]]

 [[563   3]]

 [[562   2]]

 [[562   1]]

 [[561   1]]

 [[560   1]]

 [[559   1]]]
[[[  0   0]]

 [[268   2]]

 [[268   3]]

 [[268   4]]

 [[268   5]]

 [[268   6]]

 [[267   7]]

 [[266   7]]

 [[265   8]]

 [[264   7]]

 [[263   6]]

 [[262   6]]

 [[261   6]]

 [[261   7]]

 [[261   8]]

 [[262   9]]

 [[262  10]]

 [[262  11]]

 [[262  12]]

 [[262  13]]

 [[263  12]]

 [[263  11]]

 [[263  10]]

 [[264   9]]

 [[265  10]]

 [[265  11]]

 [[266  12]]

 [[266  13]]

 [[266  14]]

 [[267  15]]

 [[267  16]]

 [[267  17]]

 [[266  18]]

 [[266  19]]

 [[266  20]]

 [[265  21]]

 [[265  22]]

 [[264  23]]

 [[263  24]]

 [[264  24]]

 [[265  25]]

 [[265  26]]

 [[266  26]]

 [[267  26]]

 [[267  25]]

 [[268  24]]

 [[269  24]]

 [[270  23]]

 [[271  22]]

 [[272  23]]

 [[272  24]]

 [[272  25]]

 [[272  26]]

 [[273  26]]

 [[274  26]]

 [[275  26]]

 [[276  25]]

 [[277  25]]

 [[278  25]]

 [[279  25]]

 [[280  25]]

 [[281  25]]

 [[281  24]]

 [[282  23]]

 [[282  22]]

 [[283  21]]

 [[284  21]]

 [[285  21]]

 [[285  20]]

 [[285  19]]

 [[285  18]]

 [[285  17]]

 [[285  16]]

 [[286  15]]

 [[286  14]]

 [[285  13]]

 [[284  14]]

 [[283  14]]

 [[282  15]]

 [[281  15]]

 [[280  15]]

 [[279  15]]

 [[278  16]]

 [[277  16]]

 [[276  16]]

 [[275  16]]

 [[274  16]]

 [[273  16]]

 [[272  16]]

 [[271  15]]

 [[270  14]]

 [[270  13]]

 [[270  12]]

 [[269  12]]

 [[268  11]]

 [[268  10]]

 [[268   9]]

 [[269   8]]

 [[270   7]]

 [[271   7]]

 [[272   6]]

 [[273   5]]

 [[272   4]]

 [[272   3]]

 [[272   2]]

 [[272   1]]

 [[271   1]]

 [[270   1]]

 [[269   1]]]
