[[[  0   0]]

 [[257  73]]

 [[256  74]]

 [[255  75]]

 [[254  75]]

 [[253  76]]

 [[252  76]]

 [[251  77]]

 [[250  78]]

 [[249  78]]

 [[248  79]]

 [[247  79]]

 [[246  79]]

 [[245  79]]

 [[244  79]]

 [[243  79]]

 [[242  79]]

 [[241  79]]

 [[240  79]]

 [[239  79]]

 [[238  79]]

 [[237  79]]

 [[236  79]]

 [[235  79]]

 [[234  79]]

 [[233  79]]

 [[232  80]]

 [[231  80]]

 [[230  80]]

 [[229  80]]

 [[228  80]]

 [[227  79]]

 [[226  79]]

 [[225  79]]

 [[224  79]]

 [[223  78]]

 [[222  78]]

 [[221  78]]

 [[220  78]]

 [[219  77]]

 [[218  77]]

 [[217  77]]

 [[217  78]]

 [[217  79]]

 [[217  80]]

 [[218  81]]

 [[218  82]]

 [[218  83]]

 [[218  84]]

 [[218  85]]

 [[218  86]]

 [[219  87]]

 [[220  87]]

 [[221  87]]

 [[222  87]]

 [[223  87]]

 [[224  88]]

 [[225  88]]

 [[226  88]]

 [[227  88]]

 [[228  88]]

 [[229  88]]

 [[230  88]]

 [[231  88]]

 [[232  88]]

 [[233  88]]

 [[234  88]]

 [[235  88]]

 [[236  88]]

 [[237  88]]

 [[238  88]]

 [[239  88]]

 [[240  88]]

 [[241  88]]

 [[242  88]]

 [[243  88]]

 [[244  88]]

 [[245  88]]

 [[246  87]]

 [[247  87]]

 [[248  87]]

 [[249  86]]

 [[250  86]]

 [[251  86]]

 [[252  86]]

 [[253  85]]

 [[254  85]]

 [[255  84]]

 [[256  84]]

 [[257  84]]

 [[258  83]]

 [[258  82]]

 [[258  81]]

 [[258  80]]

 [[258  79]]

 [[258  78]]

 [[258  77]]

 [[258  76]]

 [[258  75]]

 [[258  74]]

 [[258  73]]]
[[[  0   0]]

 [[255  50]]

 [[254  50]]

 [[253  50]]

 [[252  51]]

 [[251  51]]

 [[250  51]]

 [[249  51]]

 [[248  52]]

 [[247  52]]

 [[246  53]]

 [[245  53]]

 [[244  53]]

 [[243  53]]

 [[242  53]]

 [[241  53]]

 [[240  53]]

 [[239  53]]

 [[238  53]]

 [[237  53]]

 [[236  53]]

 [[235  53]]

 [[234  53]]

 [[233  53]]

 [[232  53]]

 [[231  53]]

 [[230  53]]

 [[229  53]]

 [[228  53]]

 [[227  53]]

 [[226  53]]

 [[225  53]]

 [[224  53]]

 [[223  53]]

 [[222  53]]

 [[221  53]]

 [[220  53]]

 [[219  53]]

 [[218  53]]

 [[217  53]]

 [[216  52]]

 [[215  53]]

 [[216  54]]

 [[216  55]]

 [[216  56]]

 [[217  57]]

 [[217  58]]

 [[218  59]]

 [[218  60]]

 [[219  60]]

 [[220  60]]

 [[221  61]]

 [[222  61]]

 [[223  62]]

 [[224  62]]

 [[225  62]]

 [[226  62]]

 [[227  62]]

 [[228  63]]

 [[229  63]]

 [[230  62]]

 [[231  63]]

 [[232  63]]

 [[233  63]]

 [[234  63]]

 [[235  63]]

 [[236  63]]

 [[237  62]]

 [[238  62]]

 [[239  62]]

 [[240  62]]

 [[241  62]]

 [[242  62]]

 [[243  62]]

 [[244  62]]

 [[245  62]]

 [[246  62]]

 [[247  62]]

 [[248  61]]

 [[249  61]]

 [[250  61]]

 [[251  60]]

 [[252  59]]

 [[253  58]]

 [[254  58]]

 [[255  57]]

 [[256  57]]

 [[257  56]]

 [[257  55]]

 [[257  54]]

 [[257  53]]

 [[257  52]]

 [[257  51]]

 [[257  50]]]
