[[[  0   0]]

 [[ 33 203]]

 [[ 33 204]]

 [[ 33 205]]

 [[ 33 206]]

 [[ 33 207]]

 [[ 33 208]]

 [[ 33 209]]

 [[ 33 210]]

 [[ 33 211]]

 [[ 32 212]]

 [[ 32 213]]

 [[ 31 214]]

 [[ 31 215]]

 [[ 30 216]]

 [[ 29 217]]

 [[ 29 218]]

 [[ 28 219]]

 [[ 27 220]]

 [[ 26 221]]

 [[ 25 222]]

 [[ 24 223]]

 [[ 23 224]]

 [[ 22 225]]

 [[ 21 226]]

 [[ 20 227]]

 [[ 19 227]]

 [[ 18 228]]

 [[ 17 228]]

 [[ 16 229]]

 [[ 15 230]]

 [[ 14 231]]

 [[ 13 231]]

 [[ 12 231]]

 [[ 11 232]]

 [[ 10 233]]

 [[  9 233]]

 [[  8 234]]

 [[  7 234]]

 [[  6 235]]

 [[  5 235]]

 [[  4 236]]

 [[  3 236]]

 [[  2 237]]

 [[  1 237]]

 [[  1 238]]

 [[  1 239]]

 [[  1 240]]

 [[  1 241]]

 [[  1 242]]

 [[  1 243]]

 [[  1 244]]

 [[  2 244]]

 [[  3 243]]

 [[  4 243]]

 [[  5 243]]

 [[  6 243]]

 [[  7 243]]

 [[  8 242]]

 [[  9 242]]

 [[ 10 242]]

 [[ 11 241]]

 [[ 12 241]]

 [[ 13 240]]

 [[ 14 240]]

 [[ 15 239]]

 [[ 16 238]]

 [[ 17 238]]

 [[ 18 237]]

 [[ 19 237]]

 [[ 20 236]]

 [[ 21 236]]

 [[ 22 236]]

 [[ 23 236]]

 [[ 24 237]]

 [[ 24 238]]

 [[ 24 239]]

 [[ 24 240]]

 [[ 24 241]]

 [[ 23 242]]

 [[ 22 243]]

 [[ 21 243]]

 [[ 20 244]]

 [[ 19 245]]

 [[ 18 245]]

 [[ 17 245]]

 [[ 16 246]]

 [[ 15 247]]

 [[ 14 248]]

 [[ 13 248]]

 [[ 12 249]]

 [[ 11 250]]

 [[ 11 251]]

 [[ 11 252]]

 [[ 10 253]]

 [[  9 254]]

 [[  9 255]]

 [[  8 256]]

 [[  8 257]]

 [[  7 258]]

 [[  6 257]]

 [[  5 257]]

 [[  5 258]]

 [[  6 258]]

 [[  7 258]]

 [[  8 258]]

 [[  9 258]]

 [[ 10 257]]

 [[ 11 257]]

 [[ 12 257]]

 [[ 13 257]]

 [[ 14 257]]

 [[ 15 256]]

 [[ 16 256]]

 [[ 17 255]]

 [[ 18 255]]

 [[ 19 254]]

 [[ 20 254]]

 [[ 21 253]]

 [[ 22 253]]

 [[ 23 252]]

 [[ 24 251]]

 [[ 25 250]]

 [[ 26 250]]

 [[ 27 249]]

 [[ 28 248]]

 [[ 29 247]]

 [[ 30 246]]

 [[ 31 245]]

 [[ 32 244]]

 [[ 33 243]]

 [[ 34 242]]

 [[ 35 241]]

 [[ 36 240]]

 [[ 36 239]]

 [[ 36 238]]

 [[ 37 237]]

 [[ 38 236]]

 [[ 39 235]]

 [[ 39 234]]

 [[ 39 233]]

 [[ 39 232]]

 [[ 40 231]]

 [[ 40 230]]

 [[ 40 229]]

 [[ 40 228]]

 [[ 40 227]]

 [[ 40 226]]

 [[ 40 225]]

 [[ 39 224]]

 [[ 38 223]]

 [[ 38 222]]

 [[ 37 221]]

 [[ 37 220]]

 [[ 37 219]]

 [[ 37 218]]

 [[ 37 217]]

 [[ 37 216]]

 [[ 37 215]]

 [[ 37 214]]

 [[ 37 213]]

 [[ 36 212]]

 [[ 36 211]]

 [[ 37 210]]

 [[ 37 209]]

 [[ 37 208]]

 [[ 36 207]]

 [[ 35 206]]

 [[ 35 205]]

 [[ 35 204]]

 [[ 34 203]]]
[[[  0   0]]

 [[143 178]]

 [[142 178]]

 [[141 178]]

 [[140 178]]

 [[140 179]]

 [[140 180]]

 [[140 181]]

 [[140 182]]

 [[141 183]]

 [[141 184]]

 [[141 185]]

 [[141 186]]

 [[141 187]]

 [[141 188]]

 [[142 189]]

 [[143 190]]

 [[142 191]]

 [[141 192]]

 [[140 193]]

 [[140 194]]

 [[140 195]]

 [[139 196]]

 [[139 197]]

 [[138 198]]

 [[138 199]]

 [[137 200]]

 [[136 201]]

 [[135 202]]

 [[134 203]]

 [[133 204]]

 [[132 205]]

 [[131 205]]

 [[130 206]]

 [[129 207]]

 [[128 208]]

 [[127 208]]

 [[126 209]]

 [[125 210]]

 [[124 210]]

 [[123 211]]

 [[122 211]]

 [[121 212]]

 [[120 212]]

 [[119 213]]

 [[118 213]]

 [[117 213]]

 [[116 214]]

 [[115 214]]

 [[114 215]]

 [[113 215]]

 [[112 215]]

 [[111 216]]

 [[110 216]]

 [[109 217]]

 [[108 217]]

 [[107 217]]

 [[106 217]]

 [[105 218]]

 [[104 218]]

 [[103 218]]

 [[102 218]]

 [[101 218]]

 [[100 218]]

 [[ 99 219]]

 [[ 98 219]]

 [[ 97 219]]

 [[ 96 219]]

 [[ 95 219]]

 [[ 94 219]]

 [[ 93 219]]

 [[ 92 219]]

 [[ 91 219]]

 [[ 90 219]]

 [[ 89 219]]

 [[ 88 219]]

 [[ 87 219]]

 [[ 86 219]]

 [[ 85 219]]

 [[ 84 219]]

 [[ 83 219]]

 [[ 82 219]]

 [[ 81 219]]

 [[ 80 219]]

 [[ 79 218]]

 [[ 78 218]]

 [[ 77 218]]

 [[ 76 218]]

 [[ 75 217]]

 [[ 74 217]]

 [[ 73 216]]

 [[ 72 215]]

 [[ 71 214]]

 [[ 70 213]]

 [[ 69 212]]

 [[ 68 211]]

 [[ 67 210]]

 [[ 66 209]]

 [[ 66 208]]

 [[ 65 207]]

 [[ 65 206]]

 [[ 64 205]]

 [[ 64 204]]

 [[ 64 203]]

 [[ 63 202]]

 [[ 63 203]]

 [[ 63 204]]

 [[ 63 205]]

 [[ 63 206]]

 [[ 64 207]]

 [[ 64 208]]

 [[ 64 209]]

 [[ 64 210]]

 [[ 64 211]]

 [[ 64 212]]

 [[ 65 213]]

 [[ 65 214]]

 [[ 65 215]]

 [[ 66 216]]

 [[ 66 217]]

 [[ 66 218]]

 [[ 67 219]]

 [[ 67 220]]

 [[ 68 221]]

 [[ 68 222]]

 [[ 69 223]]

 [[ 69 224]]

 [[ 69 225]]

 [[ 69 226]]

 [[ 69 227]]

 [[ 70 228]]

 [[ 70 229]]

 [[ 70 230]]

 [[ 70 231]]

 [[ 70 232]]

 [[ 70 233]]

 [[ 71 234]]

 [[ 71 235]]

 [[ 72 236]]

 [[ 72 237]]

 [[ 73 238]]

 [[ 74 239]]

 [[ 75 239]]

 [[ 76 240]]

 [[ 77 240]]

 [[ 78 241]]

 [[ 79 241]]

 [[ 80 241]]

 [[ 81 242]]

 [[ 82 242]]

 [[ 83 242]]

 [[ 84 243]]

 [[ 85 243]]

 [[ 86 243]]

 [[ 87 243]]

 [[ 88 244]]

 [[ 89 244]]

 [[ 90 244]]

 [[ 91 244]]

 [[ 92 244]]

 [[ 93 244]]

 [[ 94 244]]

 [[ 95 244]]

 [[ 96 244]]

 [[ 97 244]]

 [[ 98 244]]

 [[ 99 244]]

 [[100 244]]

 [[101 244]]

 [[102 244]]

 [[103 244]]

 [[104 243]]

 [[105 243]]

 [[106 243]]

 [[107 243]]

 [[108 243]]

 [[109 242]]

 [[110 242]]

 [[111 242]]

 [[112 241]]

 [[113 241]]

 [[114 240]]

 [[115 240]]

 [[116 240]]

 [[117 239]]

 [[118 239]]

 [[119 239]]

 [[120 239]]

 [[121 238]]

 [[122 238]]

 [[123 237]]

 [[124 237]]

 [[125 236]]

 [[126 236]]

 [[127 235]]

 [[128 234]]

 [[129 234]]

 [[130 233]]

 [[131 232]]

 [[132 232]]

 [[133 231]]

 [[134 231]]

 [[135 230]]

 [[136 229]]

 [[137 228]]

 [[138 227]]

 [[139 226]]

 [[140 225]]

 [[141 224]]

 [[141 223]]

 [[142 222]]

 [[142 221]]

 [[143 220]]

 [[143 219]]

 [[144 218]]

 [[144 217]]

 [[144 216]]

 [[145 215]]

 [[145 214]]

 [[145 213]]

 [[145 212]]

 [[144 211]]

 [[144 210]]

 [[143 209]]

 [[143 208]]

 [[143 207]]

 [[143 206]]

 [[143 205]]

 [[143 204]]

 [[143 203]]

 [[143 202]]

 [[143 201]]

 [[143 200]]

 [[143 199]]

 [[143 198]]

 [[143 197]]

 [[143 196]]

 [[143 195]]

 [[143 194]]

 [[144 193]]

 [[144 192]]

 [[144 191]]

 [[145 190]]

 [[145 189]]

 [[145 188]]

 [[146 187]]

 [[147 187]]

 [[148 187]]

 [[149 187]]

 [[150 188]]

 [[150 189]]

 [[150 190]]

 [[151 190]]

 [[152 191]]

 [[153 191]]

 [[153 190]]

 [[152 189]]

 [[151 188]]

 [[150 188]]

 [[149 187]]

 [[148 186]]

 [[147 185]]

 [[148 184]]

 [[148 183]]

 [[148 182]]

 [[148 181]]

 [[147 180]]

 [[146 179]]

 [[146 178]]

 [[146 177]]

 [[145 177]]]
[[[  0   0]]

 [[131 215]]

 [[132 215]]

 [[133 216]]

 [[133 217]]

 [[133 218]]

 [[133 219]]

 [[132 220]]

 [[131 221]]

 [[130 222]]

 [[129 223]]

 [[128 224]]

 [[127 225]]

 [[126 226]]

 [[125 226]]

 [[124 227]]

 [[123 227]]

 [[123 228]]

 [[122 229]]

 [[121 229]]

 [[120 230]]

 [[119 230]]

 [[118 230]]

 [[117 230]]

 [[116 231]]

 [[115 231]]

 [[114 232]]

 [[113 232]]

 [[112 233]]

 [[111 233]]

 [[110 233]]

 [[109 234]]

 [[108 234]]

 [[107 234]]

 [[106 235]]

 [[105 235]]

 [[104 236]]

 [[103 236]]

 [[102 236]]

 [[101 236]]

 [[100 236]]

 [[ 99 236]]

 [[ 98 236]]

 [[ 97 236]]

 [[ 96 236]]

 [[ 95 236]]

 [[ 94 236]]

 [[ 93 236]]

 [[ 92 236]]

 [[ 91 236]]

 [[ 90 236]]

 [[ 89 235]]

 [[ 88 235]]

 [[ 87 235]]

 [[ 86 235]]

 [[ 85 234]]

 [[ 84 234]]

 [[ 83 234]]

 [[ 82 233]]

 [[ 81 232]]

 [[ 80 231]]

 [[ 81 230]]

 [[ 81 229]]

 [[ 82 228]]

 [[ 83 228]]

 [[ 84 228]]

 [[ 85 227]]

 [[ 86 227]]

 [[ 87 227]]

 [[ 88 226]]

 [[ 89 226]]

 [[ 90 226]]

 [[ 91 225]]

 [[ 92 225]]

 [[ 93 225]]

 [[ 94 225]]

 [[ 95 225]]

 [[ 96 226]]

 [[ 97 227]]

 [[ 98 227]]

 [[ 99 227]]

 [[100 227]]

 [[101 226]]

 [[102 226]]

 [[103 226]]

 [[104 226]]

 [[105 226]]

 [[106 225]]

 [[107 225]]

 [[108 225]]

 [[109 225]]

 [[110 224]]

 [[111 224]]

 [[112 224]]

 [[113 224]]

 [[114 223]]

 [[115 223]]

 [[116 222]]

 [[117 222]]

 [[118 221]]

 [[119 221]]

 [[120 221]]

 [[121 220]]

 [[122 219]]

 [[123 220]]

 [[124 219]]

 [[125 219]]

 [[126 218]]

 [[127 218]]

 [[128 217]]

 [[129 217]]]
[[[  0   0]]

 [[ 18 145]]

 [[ 18 146]]

 [[ 18 147]]

 [[ 18 148]]

 [[ 19 149]]

 [[ 19 150]]

 [[ 19 151]]

 [[ 18 152]]

 [[ 18 153]]

 [[ 17 154]]

 [[ 17 155]]

 [[ 16 156]]

 [[ 16 157]]

 [[ 15 158]]

 [[ 15 159]]

 [[ 14 160]]

 [[ 13 161]]

 [[ 12 162]]

 [[ 11 163]]

 [[ 10 164]]

 [[  9 164]]

 [[  8 165]]

 [[  7 166]]

 [[  6 167]]

 [[  5 167]]

 [[  4 168]]

 [[  3 169]]

 [[  2 169]]

 [[  1 169]]

 [[  1 170]]

 [[  1 171]]

 [[  1 172]]

 [[  1 173]]

 [[  1 174]]

 [[  1 175]]

 [[  1 176]]

 [[  1 177]]

 [[  2 177]]

 [[  3 176]]

 [[  4 176]]

 [[  5 175]]

 [[  6 175]]

 [[  7 174]]

 [[  8 174]]

 [[  9 173]]

 [[ 10 173]]

 [[ 11 172]]

 [[ 12 172]]

 [[ 13 172]]

 [[ 14 173]]

 [[ 15 174]]

 [[ 15 175]]

 [[ 15 176]]

 [[ 15 177]]

 [[ 14 178]]

 [[ 14 179]]

 [[ 14 180]]

 [[ 13 181]]

 [[ 12 182]]

 [[ 11 182]]

 [[ 10 183]]

 [[  9 184]]

 [[  8 185]]

 [[  7 186]]

 [[  6 187]]

 [[  5 187]]

 [[  4 188]]

 [[  3 188]]

 [[  3 189]]

 [[  2 190]]

 [[  1 191]]

 [[  1 192]]

 [[  1 193]]

 [[  1 194]]

 [[  1 195]]

 [[  1 196]]

 [[  1 197]]

 [[  1 198]]

 [[  1 199]]

 [[  1 200]]

 [[  2 200]]

 [[  3 199]]

 [[  4 198]]

 [[  5 197]]

 [[  6 197]]

 [[  7 196]]

 [[  8 195]]

 [[  9 195]]

 [[ 10 194]]

 [[ 11 194]]

 [[ 12 193]]

 [[ 13 192]]

 [[ 14 192]]

 [[ 15 191]]

 [[ 15 190]]

 [[ 16 189]]

 [[ 17 189]]

 [[ 18 188]]

 [[ 19 187]]

 [[ 20 186]]

 [[ 21 185]]

 [[ 22 184]]

 [[ 22 183]]

 [[ 22 182]]

 [[ 23 181]]

 [[ 23 180]]

 [[ 23 179]]

 [[ 24 178]]

 [[ 25 177]]

 [[ 25 176]]

 [[ 25 175]]

 [[ 24 174]]

 [[ 23 173]]

 [[ 22 172]]

 [[ 22 171]]

 [[ 22 170]]

 [[ 21 169]]

 [[ 21 168]]

 [[ 21 167]]

 [[ 21 166]]

 [[ 21 165]]

 [[ 21 164]]

 [[ 21 163]]

 [[ 21 162]]

 [[ 21 161]]

 [[ 20 160]]

 [[ 20 159]]

 [[ 20 158]]

 [[ 21 157]]

 [[ 21 156]]

 [[ 21 155]]

 [[ 21 154]]

 [[ 21 153]]

 [[ 20 152]]

 [[ 20 151]]

 [[ 19 150]]

 [[ 20 149]]

 [[ 21 148]]

 [[ 21 147]]

 [[ 21 146]]

 [[ 20 145]]

 [[ 19 145]]]
[[[  0   0]]

 [[131 137]]

 [[130 138]]

 [[129 139]]

 [[128 140]]

 [[127 141]]

 [[126 142]]

 [[125 143]]

 [[124 144]]

 [[123 145]]

 [[122 146]]

 [[121 146]]

 [[120 147]]

 [[119 147]]

 [[118 148]]

 [[117 148]]

 [[116 149]]

 [[115 149]]

 [[114 150]]

 [[113 150]]

 [[112 151]]

 [[111 151]]

 [[110 152]]

 [[109 152]]

 [[108 152]]

 [[107 153]]

 [[106 153]]

 [[105 153]]

 [[104 154]]

 [[103 154]]

 [[102 154]]

 [[101 155]]

 [[100 155]]

 [[ 99 155]]

 [[ 98 155]]

 [[ 97 156]]

 [[ 96 156]]

 [[ 95 156]]

 [[ 94 156]]

 [[ 93 156]]

 [[ 92 157]]

 [[ 91 157]]

 [[ 90 157]]

 [[ 89 157]]

 [[ 88 157]]

 [[ 87 157]]

 [[ 86 158]]

 [[ 85 158]]

 [[ 84 158]]

 [[ 83 158]]

 [[ 82 158]]

 [[ 81 158]]

 [[ 80 158]]

 [[ 79 158]]

 [[ 78 158]]

 [[ 77 158]]

 [[ 76 158]]

 [[ 75 158]]

 [[ 74 158]]

 [[ 73 158]]

 [[ 72 158]]

 [[ 71 158]]

 [[ 70 158]]

 [[ 69 158]]

 [[ 68 158]]

 [[ 67 158]]

 [[ 66 158]]

 [[ 65 158]]

 [[ 64 158]]

 [[ 63 157]]

 [[ 62 157]]

 [[ 61 156]]

 [[ 60 155]]

 [[ 59 155]]

 [[ 58 154]]

 [[ 57 154]]

 [[ 56 153]]

 [[ 55 154]]

 [[ 55 155]]

 [[ 55 156]]

 [[ 55 157]]

 [[ 55 158]]

 [[ 55 159]]

 [[ 56 160]]

 [[ 56 161]]

 [[ 56 162]]

 [[ 57 163]]

 [[ 57 164]]

 [[ 57 165]]

 [[ 57 166]]

 [[ 58 167]]

 [[ 58 168]]

 [[ 58 169]]

 [[ 59 170]]

 [[ 59 171]]

 [[ 59 172]]

 [[ 59 173]]

 [[ 59 174]]

 [[ 59 175]]

 [[ 58 176]]

 [[ 58 177]]

 [[ 59 178]]

 [[ 59 179]]

 [[ 59 180]]

 [[ 60 181]]

 [[ 61 182]]

 [[ 62 182]]

 [[ 63 183]]

 [[ 64 183]]

 [[ 65 184]]

 [[ 66 185]]

 [[ 67 185]]

 [[ 68 185]]

 [[ 69 185]]

 [[ 70 186]]

 [[ 71 186]]

 [[ 72 186]]

 [[ 73 186]]

 [[ 74 187]]

 [[ 75 187]]

 [[ 76 187]]

 [[ 77 187]]

 [[ 78 187]]

 [[ 79 187]]

 [[ 80 187]]

 [[ 81 187]]

 [[ 82 187]]

 [[ 83 187]]

 [[ 84 187]]

 [[ 85 187]]

 [[ 86 187]]

 [[ 87 187]]

 [[ 88 186]]

 [[ 89 186]]

 [[ 90 186]]

 [[ 91 186]]

 [[ 92 186]]

 [[ 93 186]]

 [[ 94 186]]

 [[ 95 186]]

 [[ 96 185]]

 [[ 97 185]]

 [[ 98 185]]

 [[ 99 185]]

 [[100 184]]

 [[101 184]]

 [[102 184]]

 [[103 183]]

 [[104 183]]

 [[105 183]]

 [[106 183]]

 [[107 182]]

 [[108 182]]

 [[109 182]]

 [[110 181]]

 [[111 181]]

 [[112 180]]

 [[113 180]]

 [[114 180]]

 [[115 179]]

 [[116 179]]

 [[117 178]]

 [[118 178]]

 [[119 177]]

 [[120 176]]

 [[121 176]]

 [[122 175]]

 [[123 175]]

 [[124 174]]

 [[125 173]]

 [[126 173]]

 [[127 172]]

 [[128 172]]

 [[129 171]]

 [[130 170]]

 [[131 169]]

 [[132 168]]

 [[132 167]]

 [[133 166]]

 [[134 165]]

 [[134 164]]

 [[135 163]]

 [[135 162]]

 [[135 161]]

 [[135 160]]

 [[135 159]]

 [[135 158]]

 [[134 157]]

 [[134 156]]

 [[134 155]]

 [[134 154]]

 [[134 153]]

 [[134 152]]

 [[133 151]]

 [[133 150]]

 [[133 149]]

 [[133 148]]

 [[133 147]]

 [[133 146]]

 [[133 145]]

 [[133 144]]

 [[133 143]]

 [[132 142]]

 [[132 141]]

 [[132 140]]

 [[132 139]]

 [[132 138]]

 [[132 137]]]
[[[  0   0]]

 [[123 154]]

 [[124 154]]

 [[125 155]]

 [[126 156]]

 [[126 157]]

 [[126 158]]

 [[126 159]]

 [[126 160]]

 [[126 161]]

 [[125 162]]

 [[124 163]]

 [[123 164]]

 [[122 165]]

 [[121 166]]

 [[120 167]]

 [[119 167]]

 [[118 168]]

 [[117 169]]

 [[116 169]]

 [[115 170]]

 [[114 170]]

 [[113 171]]

 [[112 171]]

 [[111 171]]

 [[110 172]]

 [[109 173]]

 [[108 173]]

 [[107 173]]

 [[106 174]]

 [[105 174]]

 [[104 174]]

 [[103 175]]

 [[102 175]]

 [[101 175]]

 [[100 176]]

 [[ 99 176]]

 [[ 98 177]]

 [[ 97 178]]

 [[ 96 178]]

 [[ 95 177]]

 [[ 94 178]]

 [[ 93 178]]

 [[ 92 178]]

 [[ 91 179]]

 [[ 90 179]]

 [[ 89 179]]

 [[ 88 179]]

 [[ 87 178]]

 [[ 86 178]]

 [[ 85 178]]

 [[ 84 178]]

 [[ 83 178]]

 [[ 82 178]]

 [[ 81 178]]

 [[ 80 178]]

 [[ 79 178]]

 [[ 78 178]]

 [[ 77 178]]

 [[ 76 178]]

 [[ 75 178]]

 [[ 74 178]]

 [[ 73 178]]

 [[ 72 177]]

 [[ 71 177]]

 [[ 70 177]]

 [[ 69 176]]

 [[ 68 175]]

 [[ 67 176]]

 [[ 66 175]]

 [[ 66 174]]

 [[ 66 173]]

 [[ 66 172]]

 [[ 66 171]]

 [[ 67 170]]

 [[ 67 169]]

 [[ 66 168]]

 [[ 67 167]]

 [[ 68 166]]

 [[ 69 165]]

 [[ 70 165]]

 [[ 71 165]]

 [[ 72 166]]

 [[ 73 166]]

 [[ 74 166]]

 [[ 75 166]]

 [[ 76 166]]

 [[ 77 166]]

 [[ 78 166]]

 [[ 79 166]]

 [[ 80 166]]

 [[ 81 166]]

 [[ 82 166]]

 [[ 83 165]]

 [[ 84 165]]

 [[ 85 164]]

 [[ 86 164]]

 [[ 87 164]]

 [[ 88 164]]

 [[ 89 164]]

 [[ 90 164]]

 [[ 91 164]]

 [[ 92 164]]

 [[ 93 163]]

 [[ 94 163]]

 [[ 95 163]]

 [[ 96 163]]

 [[ 97 162]]

 [[ 98 162]]

 [[ 99 162]]

 [[100 162]]

 [[101 162]]

 [[102 162]]

 [[103 162]]

 [[104 162]]

 [[105 162]]

 [[106 161]]

 [[107 161]]

 [[108 161]]

 [[109 160]]

 [[110 160]]

 [[111 159]]

 [[112 159]]

 [[113 159]]

 [[114 158]]

 [[115 158]]

 [[116 157]]

 [[117 157]]

 [[118 157]]

 [[119 156]]

 [[120 156]]

 [[121 155]]]
[[[  0   0]]

 [[482 114]]

 [[481 114]]

 [[481 115]]

 [[481 116]]

 [[482 117]]

 [[482 118]]

 [[482 119]]

 [[482 120]]

 [[482 121]]

 [[481 122]]

 [[481 123]]

 [[481 124]]

 [[481 125]]

 [[481 126]]

 [[480 127]]

 [[480 128]]

 [[480 129]]

 [[480 130]]

 [[480 131]]

 [[480 132]]

 [[480 133]]

 [[480 134]]

 [[481 135]]

 [[482 136]]

 [[483 137]]

 [[484 138]]

 [[485 139]]

 [[486 139]]

 [[487 140]]

 [[488 140]]

 [[489 141]]

 [[490 142]]

 [[491 142]]

 [[492 142]]

 [[493 143]]

 [[494 143]]

 [[495 144]]

 [[496 144]]

 [[497 144]]

 [[498 145]]

 [[499 145]]

 [[500 146]]

 [[501 146]]

 [[502 146]]

 [[503 146]]

 [[504 147]]

 [[505 147]]

 [[506 147]]

 [[507 147]]

 [[508 147]]

 [[509 147]]

 [[510 147]]

 [[511 148]]

 [[512 148]]

 [[513 148]]

 [[514 148]]

 [[515 148]]

 [[516 148]]

 [[517 148]]

 [[518 148]]

 [[519 148]]

 [[520 148]]

 [[521 148]]

 [[522 148]]

 [[523 148]]

 [[524 148]]

 [[525 148]]

 [[526 148]]

 [[527 148]]

 [[528 148]]

 [[529 147]]

 [[530 147]]

 [[531 146]]

 [[532 146]]

 [[533 145]]

 [[533 144]]

 [[533 143]]

 [[533 142]]

 [[533 141]]

 [[534 140]]

 [[534 139]]

 [[534 138]]

 [[534 137]]

 [[534 136]]

 [[535 135]]

 [[535 134]]

 [[536 133]]

 [[536 132]]

 [[537 131]]

 [[537 130]]

 [[538 129]]

 [[539 128]]

 [[540 127]]

 [[541 127]]

 [[542 127]]

 [[542 126]]

 [[543 125]]

 [[542 124]]

 [[542 123]]

 [[542 122]]

 [[541 121]]

 [[540 121]]

 [[540 122]]

 [[540 123]]

 [[539 124]]

 [[539 125]]

 [[538 126]]

 [[537 127]]

 [[537 128]]

 [[536 129]]

 [[535 130]]

 [[534 130]]

 [[533 131]]

 [[532 131]]

 [[531 131]]

 [[530 131]]

 [[529 131]]

 [[528 131]]

 [[527 131]]

 [[526 131]]

 [[525 131]]

 [[524 131]]

 [[523 131]]

 [[522 131]]

 [[521 131]]

 [[520 131]]

 [[519 131]]

 [[518 131]]

 [[517 131]]

 [[516 131]]

 [[515 131]]

 [[514 130]]

 [[513 130]]

 [[512 130]]

 [[511 130]]

 [[510 130]]

 [[509 129]]

 [[508 129]]

 [[507 129]]

 [[506 128]]

 [[505 128]]

 [[504 128]]

 [[503 128]]

 [[502 127]]

 [[501 127]]

 [[500 127]]

 [[499 126]]

 [[498 126]]

 [[497 125]]

 [[496 125]]

 [[495 125]]

 [[494 124]]

 [[493 123]]

 [[492 123]]

 [[491 122]]

 [[490 121]]

 [[489 121]]

 [[488 120]]

 [[487 120]]

 [[486 119]]

 [[485 118]]

 [[484 117]]

 [[484 116]]

 [[484 115]]

 [[483 114]]]
[[[  0   0]]

 [[ 77  97]]

 [[ 76  97]]

 [[ 75  97]]

 [[ 74  97]]

 [[ 73  98]]

 [[ 72  98]]

 [[ 71  98]]

 [[ 70  99]]

 [[ 69 100]]

 [[ 68 100]]

 [[ 67 101]]

 [[ 66 101]]

 [[ 65 102]]

 [[ 64 102]]

 [[ 63 102]]

 [[ 62 103]]

 [[ 61 103]]

 [[ 60 104]]

 [[ 59 104]]

 [[ 58 104]]

 [[ 57 105]]

 [[ 56 105]]

 [[ 55 106]]

 [[ 54 107]]

 [[ 53 108]]

 [[ 52 109]]

 [[ 51 109]]

 [[ 50 110]]

 [[ 50 111]]

 [[ 49 112]]

 [[ 49 113]]

 [[ 48 114]]

 [[ 48 115]]

 [[ 48 116]]

 [[ 48 117]]

 [[ 49 117]]

 [[ 50 118]]

 [[ 51 118]]

 [[ 52 118]]

 [[ 53 118]]

 [[ 54 119]]

 [[ 55 119]]

 [[ 56 119]]

 [[ 57 119]]

 [[ 58 119]]

 [[ 59 119]]

 [[ 60 119]]

 [[ 61 119]]

 [[ 62 119]]

 [[ 63 119]]

 [[ 64 118]]

 [[ 65 118]]

 [[ 66 118]]

 [[ 67 118]]

 [[ 68 118]]

 [[ 69 118]]

 [[ 70 118]]

 [[ 71 118]]

 [[ 72 118]]

 [[ 73 117]]

 [[ 74 117]]

 [[ 75 117]]

 [[ 76 117]]

 [[ 77 117]]

 [[ 78 118]]

 [[ 79 118]]

 [[ 80 117]]

 [[ 81 117]]

 [[ 82 117]]

 [[ 83 117]]

 [[ 84 117]]

 [[ 85 117]]

 [[ 86 116]]

 [[ 86 115]]

 [[ 86 114]]

 [[ 86 113]]

 [[ 85 112]]

 [[ 85 111]]

 [[ 85 110]]

 [[ 85 109]]

 [[ 84 108]]

 [[ 84 107]]

 [[ 84 106]]

 [[ 83 105]]

 [[ 83 104]]

 [[ 83 103]]

 [[ 83 102]]

 [[ 82 101]]

 [[ 82 100]]

 [[ 82  99]]

 [[ 81  98]]

 [[ 81  97]]

 [[ 80  96]]

 [[ 79  96]]]
[[[  0   0]]

 [[ 82  86]]

 [[ 81  87]]

 [[ 82  88]]

 [[ 82  89]]

 [[ 82  90]]

 [[ 83  91]]

 [[ 83  92]]

 [[ 84  93]]

 [[ 84  94]]

 [[ 84  95]]

 [[ 85  96]]

 [[ 85  97]]

 [[ 86  98]]

 [[ 87  98]]

 [[ 88  98]]

 [[ 89  98]]

 [[ 90  98]]

 [[ 91  98]]

 [[ 92  98]]

 [[ 93  98]]

 [[ 94  98]]

 [[ 95  98]]

 [[ 96  98]]

 [[ 97  97]]

 [[ 98  97]]

 [[ 99  97]]

 [[100  97]]

 [[101  97]]

 [[102  97]]

 [[103  97]]

 [[104  96]]

 [[105  96]]

 [[106  96]]

 [[107  96]]

 [[108  96]]

 [[109  96]]

 [[110  96]]

 [[111  96]]

 [[112  96]]

 [[113  96]]

 [[114  96]]

 [[115  96]]

 [[116  97]]

 [[117  97]]

 [[118  97]]

 [[119  98]]

 [[119  99]]

 [[118 100]]

 [[117 101]]

 [[116 101]]

 [[115 102]]

 [[114 102]]

 [[113 103]]

 [[112 103]]

 [[111 103]]

 [[110 103]]

 [[109 104]]

 [[108 104]]

 [[107 104]]

 [[106 104]]

 [[105 104]]

 [[104 104]]

 [[103 105]]

 [[102 105]]

 [[101 105]]

 [[100 105]]

 [[ 99 105]]

 [[ 98 106]]

 [[ 97 106]]

 [[ 96 106]]

 [[ 95 106]]

 [[ 94 107]]

 [[ 93 107]]

 [[ 92 108]]

 [[ 92 109]]

 [[ 92 110]]

 [[ 92 111]]

 [[ 92 112]]

 [[ 92 113]]

 [[ 93 113]]

 [[ 94 114]]

 [[ 95 113]]

 [[ 96 113]]

 [[ 97 113]]

 [[ 98 113]]

 [[ 99 113]]

 [[100 112]]

 [[101 112]]

 [[102 112]]

 [[103 112]]

 [[104 112]]

 [[105 112]]

 [[106 112]]

 [[107 111]]

 [[108 111]]

 [[109 111]]

 [[110 111]]

 [[111 110]]

 [[112 110]]

 [[113 109]]

 [[114 109]]

 [[115 108]]

 [[116 108]]

 [[117 108]]

 [[118 107]]

 [[119 107]]

 [[120 106]]

 [[121 105]]

 [[122 105]]

 [[123 104]]

 [[123 103]]

 [[124 102]]

 [[124 101]]

 [[124 100]]

 [[124  99]]

 [[123  98]]

 [[122  97]]

 [[121  96]]

 [[120  96]]

 [[119  95]]

 [[118  94]]

 [[117  93]]

 [[116  92]]

 [[115  92]]

 [[114  92]]

 [[113  93]]

 [[112  93]]

 [[111  93]]

 [[110  93]]

 [[109  93]]

 [[108  93]]

 [[107  92]]

 [[106  92]]

 [[105  92]]

 [[104  92]]

 [[103  92]]

 [[102  92]]

 [[101  92]]

 [[100  92]]

 [[ 99  92]]

 [[ 98  92]]

 [[ 97  92]]

 [[ 96  93]]

 [[ 95  93]]

 [[ 94  93]]

 [[ 93  93]]

 [[ 92  93]]

 [[ 91  94]]

 [[ 90  94]]

 [[ 89  94]]

 [[ 88  94]]

 [[ 87  93]]

 [[ 87  92]]

 [[ 86  91]]

 [[ 86  90]]

 [[ 86  89]]

 [[ 86  88]]

 [[ 86  87]]

 [[ 85  86]]

 [[ 84  86]]

 [[ 83  85]]]
[[[  0   0]]

 [[495  52]]

 [[495  53]]

 [[495  54]]

 [[495  55]]

 [[496  56]]

 [[497  56]]

 [[498  57]]

 [[499  58]]

 [[500  58]]

 [[501  59]]

 [[502  59]]

 [[503  59]]

 [[504  60]]

 [[505  60]]

 [[506  60]]

 [[507  61]]

 [[508  61]]

 [[509  61]]

 [[510  61]]

 [[511  62]]

 [[512  62]]

 [[513  62]]

 [[514  62]]

 [[515  62]]

 [[516  63]]

 [[517  63]]

 [[518  63]]

 [[519  63]]

 [[520  63]]

 [[521  63]]

 [[522  63]]

 [[523  63]]

 [[524  63]]

 [[525  63]]

 [[526  64]]

 [[527  64]]

 [[528  64]]

 [[529  65]]

 [[530  65]]

 [[531  65]]

 [[532  65]]

 [[533  65]]

 [[534  65]]

 [[535  65]]

 [[536  65]]

 [[537  66]]

 [[538  66]]

 [[539  66]]

 [[540  66]]

 [[541  66]]

 [[542  66]]

 [[543  65]]

 [[544  65]]

 [[545  65]]

 [[546  65]]

 [[547  66]]

 [[548  67]]

 [[548  68]]

 [[548  69]]

 [[548  70]]

 [[548  71]]

 [[548  72]]

 [[548  73]]

 [[547  74]]

 [[547  75]]

 [[547  76]]

 [[547  77]]

 [[547  78]]

 [[547  79]]

 [[546  80]]

 [[546  81]]

 [[546  82]]

 [[545  83]]

 [[545  84]]

 [[545  85]]

 [[545  86]]

 [[545  87]]

 [[545  88]]

 [[544  89]]

 [[543  89]]

 [[542  90]]

 [[541  90]]

 [[540  90]]

 [[539  90]]

 [[538  90]]

 [[537  90]]

 [[536  90]]

 [[535  90]]

 [[534  90]]

 [[533  90]]

 [[532  90]]

 [[531  90]]

 [[530  90]]

 [[529  90]]

 [[528  90]]

 [[527  90]]

 [[526  90]]

 [[525  90]]

 [[524  90]]

 [[523  89]]

 [[522  89]]

 [[521  89]]

 [[520  89]]

 [[519  88]]

 [[518  88]]

 [[517  88]]

 [[516  88]]

 [[515  87]]

 [[514  87]]

 [[513  87]]

 [[512  86]]

 [[511  86]]

 [[510  86]]

 [[509  86]]

 [[508  86]]

 [[507  85]]

 [[506  85]]

 [[505  85]]

 [[504  84]]

 [[503  84]]

 [[502  84]]

 [[501  83]]

 [[500  83]]

 [[499  82]]

 [[498  82]]

 [[497  82]]

 [[496  81]]

 [[495  80]]

 [[494  79]]

 [[493  78]]

 [[492  77]]

 [[491  76]]

 [[490  77]]

 [[490  78]]

 [[490  79]]

 [[489  80]]

 [[489  81]]

 [[489  82]]

 [[489  83]]

 [[489  84]]

 [[489  85]]

 [[490  86]]

 [[490  87]]

 [[489  88]]

 [[489  89]]

 [[489  90]]

 [[489  91]]

 [[488  92]]

 [[488  93]]

 [[488  94]]

 [[488  95]]

 [[488  96]]

 [[489  97]]

 [[490  98]]

 [[491  99]]

 [[492  99]]

 [[493 100]]

 [[494 100]]

 [[495 101]]

 [[496 102]]

 [[497 102]]

 [[498 103]]

 [[499 103]]

 [[500 103]]

 [[501 104]]

 [[502 104]]

 [[503 104]]

 [[504 104]]

 [[505 105]]

 [[506 105]]

 [[507 105]]

 [[508 105]]

 [[509 106]]

 [[510 106]]

 [[511 106]]

 [[512 106]]

 [[513 107]]

 [[514 107]]

 [[515 107]]

 [[516 107]]

 [[517 107]]

 [[518 107]]

 [[519 107]]

 [[520 107]]

 [[521 108]]

 [[522 108]]

 [[523 108]]

 [[524 108]]

 [[525 108]]

 [[526 108]]

 [[527 108]]

 [[528 108]]

 [[529 108]]

 [[530 108]]

 [[531 108]]

 [[532 109]]

 [[533 109]]

 [[534 108]]

 [[535 108]]

 [[536 108]]

 [[537 108]]

 [[538 108]]

 [[539 107]]

 [[540 107]]

 [[541 107]]

 [[541 106]]

 [[541 105]]

 [[541 104]]

 [[541 103]]

 [[541 102]]

 [[541 101]]

 [[541 100]]

 [[542  99]]

 [[542  98]]

 [[542  97]]

 [[542  96]]

 [[543  95]]

 [[543  94]]

 [[543  93]]

 [[543  92]]

 [[544  91]]

 [[544  90]]

 [[544  89]]

 [[545  88]]

 [[546  87]]

 [[547  86]]

 [[547  85]]

 [[548  84]]

 [[549  83]]

 [[550  82]]

 [[551  81]]

 [[551  80]]

 [[551  79]]

 [[551  78]]

 [[551  77]]

 [[550  76]]

 [[550  75]]

 [[550  74]]

 [[550  73]]

 [[550  72]]

 [[550  71]]

 [[550  70]]

 [[550  69]]

 [[550  68]]

 [[550  67]]

 [[550  66]]

 [[550  65]]

 [[549  64]]

 [[549  63]]

 [[548  62]]

 [[548  61]]

 [[547  60]]

 [[546  60]]

 [[545  60]]

 [[544  60]]

 [[543  59]]

 [[542  58]]

 [[541  58]]

 [[540  57]]

 [[539  57]]

 [[538  56]]

 [[537  56]]

 [[536  56]]

 [[536  57]]

 [[537  58]]

 [[538  58]]

 [[539  59]]

 [[540  59]]

 [[541  60]]

 [[541  61]]

 [[540  62]]

 [[539  62]]

 [[538  62]]

 [[537  62]]

 [[536  61]]

 [[535  61]]

 [[534  61]]

 [[533  61]]

 [[532  61]]

 [[531  61]]

 [[530  61]]

 [[529  61]]

 [[528  61]]

 [[527  61]]

 [[526  62]]

 [[525  62]]

 [[524  61]]

 [[524  60]]

 [[523  59]]

 [[523  58]]

 [[522  57]]

 [[521  56]]

 [[520  55]]

 [[520  54]]

 [[519  53]]

 [[518  53]]

 [[517  53]]

 [[516  52]]

 [[515  52]]

 [[514  52]]

 [[513  52]]

 [[512  52]]

 [[511  52]]

 [[510  52]]

 [[509  52]]

 [[508  52]]

 [[507  52]]

 [[506  52]]

 [[505  52]]

 [[504  51]]

 [[503  51]]

 [[502  51]]

 [[501  51]]

 [[500  51]]

 [[499  51]]

 [[498  51]]

 [[497  51]]

 [[496  51]]]
[[[  0   0]]

 [[543  39]]

 [[542  39]]

 [[542  40]]

 [[541  41]]

 [[540  42]]

 [[541  43]]

 [[542  44]]

 [[543  44]]

 [[544  44]]

 [[545  44]]

 [[546  44]]

 [[547  44]]

 [[548  44]]

 [[549  44]]

 [[550  44]]

 [[551  45]]

 [[552  45]]

 [[553  46]]

 [[553  47]]

 [[554  47]]

 [[555  47]]

 [[556  47]]

 [[557  47]]

 [[558  47]]

 [[559  47]]

 [[560  47]]

 [[561  47]]

 [[562  47]]

 [[563  47]]

 [[564  47]]

 [[565  47]]

 [[566  46]]

 [[567  46]]

 [[568  45]]

 [[569  46]]

 [[570  46]]

 [[571  47]]

 [[572  47]]

 [[573  48]]

 [[574  48]]

 [[575  48]]

 [[576  48]]

 [[577  49]]

 [[578  49]]

 [[579  49]]

 [[580  49]]

 [[581  49]]

 [[582  50]]

 [[583  50]]

 [[584  50]]

 [[585  50]]

 [[586  50]]

 [[587  50]]

 [[588  50]]

 [[589  49]]

 [[589  48]]

 [[589  47]]

 [[589  46]]

 [[588  45]]

 [[587  44]]

 [[586  44]]

 [[585  44]]

 [[584  44]]

 [[583  44]]

 [[582  43]]

 [[581  43]]

 [[580  43]]

 [[579  43]]

 [[578  42]]

 [[577  42]]

 [[576  42]]

 [[575  42]]

 [[574  41]]

 [[573  41]]

 [[572  41]]

 [[571  41]]

 [[570  40]]

 [[569  40]]

 [[568  40]]

 [[567  40]]

 [[566  41]]

 [[566  42]]

 [[566  43]]

 [[565  44]]

 [[564  45]]

 [[563  44]]

 [[562  44]]

 [[561  43]]

 [[560  43]]

 [[559  43]]

 [[558  43]]

 [[557  43]]

 [[556  42]]

 [[555  41]]

 [[554  41]]

 [[553  41]]

 [[552  40]]

 [[551  40]]

 [[550  39]]

 [[549  38]]

 [[548  38]]

 [[547  38]]

 [[546  38]]

 [[545  38]]]
[[[  0   0]]

 [[383  19]]

 [[382  20]]

 [[382  21]]

 [[382  22]]

 [[382  23]]

 [[383  24]]

 [[384  25]]

 [[385  25]]

 [[386  25]]

 [[387  25]]

 [[388  25]]

 [[389  26]]

 [[390  26]]

 [[391  26]]

 [[392  26]]

 [[393  27]]

 [[394  27]]

 [[395  27]]

 [[396  27]]

 [[397  27]]

 [[398  27]]

 [[399  27]]

 [[400  27]]

 [[401  27]]

 [[402  27]]

 [[403  27]]

 [[404  27]]

 [[405  27]]

 [[406  27]]

 [[407  27]]

 [[408  27]]

 [[409  27]]

 [[410  26]]

 [[411  26]]

 [[412  26]]

 [[413  26]]

 [[414  25]]

 [[414  24]]

 [[414  23]]

 [[414  22]]

 [[414  21]]

 [[413  21]]

 [[412  21]]

 [[411  21]]

 [[410  21]]

 [[409  21]]

 [[408  21]]

 [[407  21]]

 [[406  21]]

 [[405  21]]

 [[404  21]]

 [[403  20]]

 [[402  20]]

 [[401  20]]

 [[400  20]]

 [[399  20]]

 [[398  20]]

 [[397  20]]

 [[396  20]]

 [[395  20]]

 [[394  20]]

 [[393  19]]

 [[392  19]]

 [[391  19]]

 [[390  19]]

 [[389  18]]

 [[388  18]]

 [[387  18]]

 [[386  18]]

 [[385  18]]

 [[384  18]]]
[[[  0   0]]

 [[465   2]]

 [[464   3]]

 [[463   4]]

 [[463   5]]

 [[463   6]]

 [[463   7]]

 [[462   8]]

 [[462   9]]

 [[462  10]]

 [[462  11]]

 [[463  12]]

 [[462  13]]

 [[461  14]]

 [[460  14]]

 [[459  14]]

 [[458  14]]

 [[457  14]]

 [[456  14]]

 [[455  14]]

 [[454  14]]

 [[453  15]]

 [[452  14]]

 [[451  14]]

 [[450  15]]

 [[449  15]]

 [[448  15]]

 [[447  15]]

 [[446  15]]

 [[445  15]]

 [[444  14]]

 [[443  15]]

 [[442  15]]

 [[441  14]]

 [[440  13]]

 [[440  12]]

 [[440  11]]

 [[439  11]]

 [[438  12]]

 [[437  12]]

 [[436  12]]

 [[435  13]]

 [[435  14]]

 [[435  15]]

 [[436  16]]

 [[437  17]]

 [[437  18]]

 [[438  19]]

 [[439  19]]

 [[440  19]]

 [[441  19]]

 [[442  19]]

 [[443  19]]

 [[444  20]]

 [[445  19]]

 [[446  19]]

 [[447  20]]

 [[448  21]]

 [[449  21]]

 [[450  21]]

 [[451  21]]

 [[452  21]]

 [[453  21]]

 [[454  20]]

 [[455  20]]

 [[456  21]]

 [[457  21]]

 [[458  22]]

 [[459  22]]

 [[460  22]]

 [[461  23]]

 [[462  23]]

 [[463  22]]

 [[464  22]]

 [[465  21]]

 [[466  22]]

 [[467  22]]

 [[468  22]]

 [[469  23]]

 [[470  23]]

 [[471  23]]

 [[472  23]]

 [[473  23]]

 [[474  23]]

 [[475  24]]

 [[476  24]]

 [[477  24]]

 [[478  23]]

 [[479  24]]

 [[480  24]]

 [[481  24]]

 [[482  24]]

 [[483  24]]

 [[484  25]]

 [[485  26]]

 [[485  27]]

 [[485  28]]

 [[484  29]]

 [[484  30]]

 [[485  30]]

 [[486  30]]

 [[487  30]]

 [[488  30]]

 [[489  30]]

 [[490  30]]

 [[491  30]]

 [[492  29]]

 [[492  28]]

 [[492  27]]

 [[492  26]]

 [[493  25]]

 [[492  24]]

 [[492  23]]

 [[492  22]]

 [[492  21]]

 [[492  20]]

 [[492  19]]

 [[492  18]]

 [[492  17]]

 [[492  16]]

 [[492  15]]

 [[492  14]]

 [[491  13]]

 [[492  12]]

 [[492  11]]

 [[493  10]]

 [[492   9]]

 [[492   8]]

 [[492   7]]

 [[492   6]]

 [[492   5]]

 [[491   4]]

 [[492   3]]

 [[492   2]]

 [[493   1]]

 [[492   1]]

 [[491   1]]

 [[490   1]]

 [[489   1]]

 [[488   1]]

 [[489   2]]

 [[490   3]]

 [[489   4]]

 [[489   5]]

 [[489   6]]

 [[489   7]]

 [[489   8]]

 [[489   9]]

 [[488  10]]

 [[487   9]]

 [[486   8]]

 [[485   8]]

 [[484   8]]

 [[483   8]]

 [[482   8]]

 [[481   8]]

 [[480   7]]

 [[479   7]]

 [[478   7]]

 [[477   7]]

 [[476   6]]

 [[475   6]]

 [[474   6]]

 [[473   6]]

 [[472   6]]

 [[471   6]]

 [[470   5]]

 [[469   4]]

 [[468   3]]

 [[467   2]]

 [[467   1]]

 [[466   1]]]
[[[  0   0]]

 [[328   2]]

 [[329   3]]

 [[330   3]]

 [[331   3]]

 [[332   3]]

 [[333   3]]

 [[334   3]]

 [[335   3]]

 [[336   3]]

 [[337   3]]

 [[338   3]]

 [[339   3]]

 [[340   3]]

 [[341   3]]

 [[342   3]]

 [[343   3]]

 [[344   3]]

 [[345   3]]

 [[346   3]]

 [[347   3]]

 [[348   3]]

 [[349   3]]

 [[350   3]]

 [[351   3]]

 [[352   4]]

 [[353   4]]

 [[354   5]]

 [[354   6]]

 [[355   6]]

 [[356   5]]

 [[357   4]]

 [[358   5]]

 [[359   5]]

 [[360   6]]

 [[361   6]]

 [[362   6]]

 [[363   6]]

 [[364   7]]

 [[365   7]]

 [[366   7]]

 [[367   8]]

 [[368   8]]

 [[369   8]]

 [[370   8]]

 [[371   8]]

 [[372   8]]

 [[373   9]]

 [[374   9]]

 [[375   9]]

 [[376   9]]

 [[377   9]]

 [[378  10]]

 [[379  11]]

 [[380  11]]

 [[381  11]]

 [[382  10]]

 [[383   9]]

 [[383   8]]

 [[383   7]]

 [[384   6]]

 [[384   5]]

 [[385   4]]

 [[386   4]]

 [[387   5]]

 [[388   6]]

 [[389   7]]

 [[390   7]]

 [[391   7]]

 [[392   7]]

 [[393   7]]

 [[394   7]]

 [[395   7]]

 [[396   7]]

 [[397   7]]

 [[398   6]]

 [[399   6]]

 [[400   6]]

 [[401   6]]

 [[402   6]]

 [[403   6]]

 [[404   6]]

 [[405   6]]

 [[406   6]]

 [[407   6]]

 [[408   6]]

 [[409   6]]

 [[410   6]]

 [[411   6]]

 [[412   6]]

 [[413   7]]

 [[414   8]]

 [[414   9]]

 [[414  10]]

 [[414  11]]

 [[414  12]]

 [[414  13]]

 [[415  14]]

 [[416  15]]

 [[417  14]]

 [[418  14]]

 [[419  14]]

 [[420  14]]

 [[420  13]]

 [[420  12]]

 [[420  11]]

 [[420  10]]

 [[419   9]]

 [[419   8]]

 [[418   7]]

 [[417   6]]

 [[416   5]]

 [[416   4]]

 [[415   3]]

 [[414   2]]

 [[413   1]]

 [[412   1]]

 [[411   1]]

 [[410   1]]

 [[409   1]]

 [[408   1]]

 [[407   1]]

 [[406   1]]

 [[405   1]]

 [[404   1]]

 [[403   1]]

 [[402   1]]

 [[401   1]]

 [[400   1]]

 [[399   1]]

 [[398   1]]

 [[397   1]]

 [[396   1]]

 [[395   1]]

 [[394   1]]

 [[393   1]]

 [[392   1]]

 [[391   1]]

 [[390   1]]

 [[389   1]]

 [[388   1]]

 [[387   1]]

 [[386   1]]

 [[385   1]]

 [[384   1]]

 [[383   1]]

 [[382   1]]

 [[381   1]]

 [[380   1]]

 [[379   1]]

 [[378   1]]

 [[377   2]]

 [[376   3]]

 [[376   4]]

 [[375   5]]

 [[374   5]]

 [[373   6]]

 [[372   5]]

 [[371   5]]

 [[370   5]]

 [[369   4]]

 [[368   3]]

 [[367   3]]

 [[366   4]]

 [[365   4]]

 [[364   4]]

 [[363   4]]

 [[362   4]]

 [[361   4]]

 [[360   3]]

 [[359   2]]

 [[359   1]]

 [[358   1]]

 [[357   1]]

 [[356   1]]

 [[355   1]]

 [[354   1]]

 [[353   1]]

 [[352   1]]

 [[351   1]]

 [[350   1]]

 [[349   1]]

 [[348   1]]

 [[347   1]]

 [[346   1]]

 [[345   1]]

 [[344   1]]

 [[343   1]]

 [[342   1]]

 [[341   1]]

 [[340   1]]

 [[339   1]]

 [[338   1]]

 [[337   1]]

 [[336   1]]

 [[335   1]]

 [[334   1]]

 [[333   1]]

 [[332   1]]

 [[331   1]]

 [[330   1]]

 [[329   1]]

 [[328   1]]]
[[[  0   0]]

 [[ 94   2]]

 [[ 94   3]]

 [[ 94   4]]

 [[ 95   4]]

 [[ 96   4]]

 [[ 97   4]]

 [[ 98   5]]

 [[ 99   5]]

 [[100   5]]

 [[101   5]]

 [[102   5]]

 [[103   6]]

 [[103   7]]

 [[104   8]]

 [[104   9]]

 [[104  10]]

 [[105  11]]

 [[106  12]]

 [[107  13]]

 [[108  13]]

 [[109  13]]

 [[110  13]]

 [[111  13]]

 [[112  13]]

 [[113  13]]

 [[114  12]]

 [[115  12]]

 [[116  12]]

 [[117  11]]

 [[118  10]]

 [[119   9]]

 [[120   9]]

 [[121   8]]

 [[122   9]]

 [[123  10]]

 [[123  11]]

 [[123  12]]

 [[123  13]]

 [[124  14]]

 [[125  15]]

 [[126  16]]

 [[127  16]]

 [[128  17]]

 [[128  18]]

 [[129  19]]

 [[130  19]]

 [[131  19]]

 [[132  19]]

 [[133  19]]

 [[134  19]]

 [[135  19]]

 [[136  20]]

 [[137  20]]

 [[138  20]]

 [[139  20]]

 [[140  20]]

 [[141  20]]

 [[142  20]]

 [[143  19]]

 [[144  18]]

 [[145  17]]

 [[144  16]]

 [[143  16]]

 [[142  15]]

 [[141  15]]

 [[140  15]]

 [[139  16]]

 [[138  16]]

 [[137  16]]

 [[136  16]]

 [[135  16]]

 [[134  16]]

 [[133  16]]

 [[132  16]]

 [[131  16]]

 [[130  16]]

 [[129  15]]

 [[128  15]]

 [[127  14]]

 [[126  13]]

 [[125  12]]

 [[125  11]]

 [[125  10]]

 [[125   9]]

 [[125   8]]

 [[125   7]]

 [[124   6]]

 [[124   5]]

 [[124   4]]

 [[124   3]]

 [[124   2]]

 [[124   1]]

 [[123   1]]

 [[122   1]]

 [[121   1]]

 [[120   1]]

 [[119   1]]

 [[118   1]]

 [[117   1]]

 [[116   1]]

 [[116   2]]

 [[116   3]]

 [[116   4]]

 [[116   5]]

 [[116   6]]

 [[117   7]]

 [[117   8]]

 [[117   9]]

 [[116  10]]

 [[115  11]]

 [[114  11]]

 [[113  11]]

 [[112  11]]

 [[111  12]]

 [[110  12]]

 [[109  12]]

 [[108  11]]

 [[107  11]]

 [[106  10]]

 [[106   9]]

 [[106   8]]

 [[106   7]]

 [[106   6]]

 [[106   5]]

 [[106   4]]

 [[106   3]]

 [[106   2]]

 [[106   1]]

 [[105   1]]

 [[104   1]]

 [[103   2]]

 [[102   2]]

 [[101   3]]

 [[100   3]]

 [[ 99   3]]

 [[ 98   3]]

 [[ 97   2]]

 [[ 96   1]]

 [[ 95   1]]]
