[[[  0   0]]

 [[318  52]]

 [[318  53]]

 [[318  54]]

 [[318  55]]

 [[318  56]]

 [[318  57]]

 [[318  58]]

 [[318  59]]

 [[318  60]]

 [[318  61]]

 [[317  62]]

 [[318  63]]

 [[319  63]]

 [[320  64]]

 [[321  64]]

 [[322  64]]

 [[323  64]]

 [[324  64]]

 [[325  64]]

 [[326  64]]

 [[327  64]]

 [[328  65]]

 [[329  65]]

 [[330  65]]

 [[331  65]]

 [[332  65]]

 [[333  65]]

 [[334  66]]

 [[335  66]]

 [[336  66]]

 [[337  66]]

 [[338  66]]

 [[339  66]]

 [[340  66]]

 [[341  66]]

 [[342  66]]

 [[343  66]]

 [[344  66]]

 [[345  66]]

 [[346  66]]

 [[347  66]]

 [[348  65]]

 [[349  65]]

 [[350  65]]

 [[351  65]]

 [[352  65]]

 [[353  64]]

 [[354  63]]

 [[354  62]]

 [[354  61]]

 [[354  60]]

 [[354  59]]

 [[354  58]]

 [[355  57]]

 [[355  56]]

 [[355  55]]

 [[356  54]]

 [[356  53]]

 [[356  52]]

 [[356  51]]

 [[355  52]]

 [[354  52]]

 [[353  53]]

 [[352  53]]

 [[351  54]]

 [[350  54]]

 [[349  54]]

 [[348  55]]

 [[347  55]]

 [[346  55]]

 [[345  55]]

 [[344  55]]

 [[343  55]]

 [[342  55]]

 [[341  55]]

 [[340  55]]

 [[339  55]]

 [[338  55]]

 [[337  55]]

 [[336  55]]

 [[335  55]]

 [[334  54]]

 [[333  54]]

 [[332  54]]

 [[331  54]]

 [[330  53]]

 [[329  53]]

 [[328  53]]

 [[327  53]]

 [[326  53]]

 [[325  53]]

 [[324  53]]

 [[323  53]]

 [[322  52]]

 [[321  52]]

 [[320  52]]

 [[319  51]]]
[[[ 0  0]]

 [[51 50]]

 [[50 50]]

 [[49 50]]

 [[48 50]]

 [[47 51]]

 [[46 51]]

 [[45 51]]

 [[44 51]]

 [[43 51]]

 [[42 51]]

 [[41 51]]

 [[40 52]]

 [[39 52]]

 [[38 52]]

 [[37 52]]

 [[36 52]]

 [[35 53]]

 [[34 53]]

 [[33 53]]

 [[32 53]]

 [[31 53]]

 [[30 53]]

 [[29 53]]

 [[28 53]]

 [[27 53]]

 [[26 53]]

 [[25 53]]

 [[24 53]]

 [[23 53]]

 [[22 52]]

 [[21 53]]

 [[20 54]]

 [[20 55]]

 [[21 56]]

 [[21 57]]

 [[21 58]]

 [[21 59]]

 [[22 60]]

 [[22 61]]

 [[22 62]]

 [[22 63]]

 [[23 63]]

 [[23 62]]

 [[23 61]]

 [[24 60]]

 [[25 60]]

 [[26 60]]

 [[27 60]]

 [[28 60]]

 [[29 60]]

 [[30 60]]

 [[31 60]]

 [[32 59]]

 [[33 59]]

 [[34 59]]

 [[35 59]]

 [[36 59]]

 [[37 58]]

 [[38 58]]

 [[39 58]]

 [[40 58]]

 [[41 58]]

 [[42 58]]

 [[43 58]]

 [[44 57]]

 [[45 57]]

 [[46 57]]

 [[47 57]]

 [[48 56]]

 [[49 56]]

 [[49 55]]

 [[49 54]]

 [[50 53]]

 [[51 52]]

 [[52 52]]

 [[53 52]]

 [[54 52]]

 [[55 52]]

 [[56 52]]

 [[57 52]]

 [[58 51]]

 [[59 50]]

 [[59 49]]

 [[58 49]]

 [[57 49]]

 [[56 49]]

 [[55 49]]

 [[54 49]]

 [[53 50]]]
[[[  0   0]]

 [[324   5]]

 [[324   6]]

 [[323   7]]

 [[322   8]]

 [[322   9]]

 [[322  10]]

 [[322  11]]

 [[321  12]]

 [[320  12]]

 [[319  12]]

 [[318  12]]

 [[317  12]]

 [[316  12]]

 [[315  12]]

 [[314  12]]

 [[313  12]]

 [[312  12]]

 [[311  12]]

 [[310  12]]

 [[309  12]]

 [[308  12]]

 [[307  12]]

 [[306  12]]

 [[305  12]]

 [[304  12]]

 [[303  12]]

 [[302  12]]

 [[301  12]]

 [[300  11]]

 [[299  10]]

 [[299   9]]

 [[299   8]]

 [[299   7]]

 [[298   7]]

 [[298   8]]

 [[297   9]]

 [[297  10]]

 [[297  11]]

 [[297  12]]

 [[296  13]]

 [[295  14]]

 [[294  14]]

 [[293  13]]

 [[292  14]]

 [[291  15]]

 [[290  15]]

 [[289  15]]

 [[288  15]]

 [[287  15]]

 [[286  15]]

 [[285  14]]

 [[284  14]]

 [[283  14]]

 [[282  14]]

 [[281  14]]

 [[280  14]]

 [[279  14]]

 [[278  15]]

 [[277  16]]

 [[276  16]]

 [[277  16]]

 [[278  17]]

 [[279  17]]

 [[280  18]]

 [[281  18]]

 [[282  18]]

 [[283  18]]

 [[284  18]]

 [[285  18]]

 [[286  18]]

 [[287  18]]

 [[288  17]]

 [[289  17]]

 [[290  17]]

 [[291  17]]

 [[292  17]]

 [[293  18]]

 [[294  18]]

 [[295  18]]

 [[296  18]]

 [[297  18]]

 [[298  18]]

 [[299  18]]

 [[300  17]]

 [[301  16]]

 [[302  16]]

 [[303  16]]

 [[304  16]]

 [[305  17]]

 [[306  17]]

 [[307  17]]

 [[308  17]]

 [[309  17]]

 [[310  17]]

 [[311  17]]

 [[312  16]]

 [[313  16]]

 [[314  16]]

 [[315  16]]

 [[316  16]]

 [[317  16]]

 [[318  17]]

 [[318  18]]

 [[318  19]]

 [[319  20]]

 [[319  21]]

 [[319  22]]

 [[319  23]]

 [[318  24]]

 [[317  25]]

 [[317  26]]

 [[318  26]]

 [[319  27]]

 [[320  28]]

 [[320  29]]

 [[320  30]]

 [[320  31]]

 [[320  32]]

 [[320  33]]

 [[320  34]]

 [[320  35]]

 [[319  36]]

 [[319  37]]

 [[319  38]]

 [[319  39]]

 [[320  39]]

 [[321  39]]

 [[322  40]]

 [[323  40]]

 [[324  40]]

 [[325  40]]

 [[326  40]]

 [[327  40]]

 [[328  40]]

 [[329  40]]

 [[330  40]]

 [[331  41]]

 [[332  41]]

 [[333  41]]

 [[334  41]]

 [[335  41]]

 [[336  41]]

 [[337  41]]

 [[338  41]]

 [[339  41]]

 [[340  41]]

 [[341  42]]

 [[342  42]]

 [[343  42]]

 [[344  42]]

 [[345  42]]

 [[346  41]]

 [[347  41]]

 [[348  41]]

 [[349  41]]

 [[350  40]]

 [[351  40]]

 [[352  40]]

 [[353  40]]

 [[354  40]]

 [[355  39]]

 [[355  38]]

 [[355  37]]

 [[354  36]]

 [[355  35]]

 [[355  34]]

 [[355  33]]

 [[355  32]]

 [[356  31]]

 [[357  30]]

 [[358  30]]

 [[359  29]]

 [[360  29]]

 [[361  28]]

 [[362  28]]

 [[363  29]]

 [[364  29]]

 [[365  29]]

 [[366  29]]

 [[367  28]]

 [[368  28]]

 [[369  29]]

 [[370  29]]

 [[371  29]]

 [[372  29]]

 [[373  29]]

 [[374  29]]

 [[375  30]]

 [[376  30]]

 [[377  30]]

 [[378  30]]

 [[379  30]]

 [[380  31]]

 [[381  31]]

 [[382  32]]

 [[383  32]]

 [[384  32]]

 [[385  31]]

 [[386  30]]

 [[387  31]]

 [[388  32]]

 [[389  32]]

 [[390  32]]

 [[391  32]]

 [[392  32]]

 [[393  32]]

 [[394  32]]

 [[395  33]]

 [[396  33]]

 [[397  33]]

 [[398  33]]

 [[399  33]]

 [[400  33]]

 [[401  34]]

 [[402  34]]

 [[403  34]]

 [[404  34]]

 [[405  34]]

 [[406  34]]

 [[407  34]]

 [[408  35]]

 [[409  35]]

 [[410  35]]

 [[411  34]]

 [[412  34]]

 [[413  35]]

 [[414  35]]

 [[414  34]]

 [[414  33]]

 [[414  32]]

 [[415  31]]

 [[415  30]]

 [[416  29]]

 [[416  28]]

 [[416  27]]

 [[416  26]]

 [[416  25]]

 [[417  24]]

 [[417  23]]

 [[417  22]]

 [[416  21]]

 [[416  20]]

 [[416  19]]

 [[415  18]]

 [[414  18]]

 [[413  19]]

 [[413  20]]

 [[413  21]]

 [[412  22]]

 [[411  22]]

 [[411  23]]

 [[411  24]]

 [[411  25]]

 [[410  26]]

 [[409  27]]

 [[408  28]]

 [[407  29]]

 [[406  29]]

 [[405  29]]

 [[404  28]]

 [[403  28]]

 [[402  28]]

 [[401  29]]

 [[400  29]]

 [[399  28]]

 [[398  28]]

 [[397  27]]

 [[396  27]]

 [[395  28]]

 [[394  28]]

 [[393  28]]

 [[392  27]]

 [[391  26]]

 [[390  26]]

 [[389  26]]

 [[388  26]]

 [[387  26]]

 [[386  25]]

 [[385  25]]

 [[384  25]]

 [[383  25]]

 [[382  25]]

 [[381  26]]

 [[380  26]]

 [[379  26]]

 [[378  26]]

 [[377  26]]

 [[376  26]]

 [[375  26]]

 [[374  25]]

 [[373  24]]

 [[372  24]]

 [[371  24]]

 [[370  24]]

 [[369  25]]

 [[368  25]]

 [[367  24]]

 [[366  24]]

 [[365  24]]

 [[364  24]]

 [[363  23]]

 [[363  22]]

 [[363  21]]

 [[363  20]]

 [[363  19]]

 [[362  18]]

 [[362  17]]

 [[362  16]]

 [[362  15]]

 [[361  14]]

 [[361  13]]

 [[361  12]]

 [[361  11]]

 [[360  10]]

 [[359   9]]

 [[359   8]]

 [[358   7]]

 [[357   7]]

 [[356   7]]

 [[355   7]]

 [[354   7]]

 [[353   7]]

 [[352   7]]

 [[351   8]]

 [[351   9]]

 [[350  10]]

 [[349  10]]

 [[348  10]]

 [[347  10]]

 [[346  10]]

 [[345  10]]

 [[344  10]]

 [[343  11]]

 [[342  11]]

 [[341  12]]

 [[340  12]]

 [[339  12]]

 [[338  12]]

 [[337  13]]

 [[336  13]]

 [[335  13]]

 [[334  13]]

 [[333  13]]

 [[332  13]]

 [[331  14]]

 [[331  15]]

 [[331  16]]

 [[332  16]]

 [[333  16]]

 [[334  16]]

 [[335  16]]

 [[336  16]]

 [[337  16]]

 [[338  15]]

 [[339  15]]

 [[340  15]]

 [[341  15]]

 [[342  15]]

 [[343  15]]

 [[344  15]]

 [[345  14]]

 [[346  14]]

 [[347  14]]

 [[348  14]]

 [[349  13]]

 [[350  13]]

 [[351  12]]

 [[352  12]]

 [[353  12]]

 [[354  12]]

 [[355  12]]

 [[356  12]]

 [[357  13]]

 [[357  14]]

 [[357  15]]

 [[357  16]]

 [[356  17]]

 [[356  18]]

 [[356  19]]

 [[356  20]]

 [[356  21]]

 [[356  22]]

 [[356  23]]

 [[356  24]]

 [[356  25]]

 [[356  26]]

 [[355  27]]

 [[355  28]]

 [[354  29]]

 [[353  30]]

 [[352  30]]

 [[351  31]]

 [[350  31]]

 [[349  31]]

 [[348  31]]

 [[347  31]]

 [[346  31]]

 [[345  31]]

 [[344  31]]

 [[343  31]]

 [[342  31]]

 [[341  31]]

 [[340  30]]

 [[339  30]]

 [[338  30]]

 [[337  30]]

 [[336  30]]

 [[335  30]]

 [[334  29]]

 [[333  29]]

 [[332  29]]

 [[331  29]]

 [[330  29]]

 [[329  29]]

 [[328  29]]

 [[327  29]]

 [[326  29]]

 [[325  29]]

 [[324  28]]

 [[323  28]]

 [[322  28]]

 [[321  27]]

 [[320  27]]

 [[319  26]]

 [[319  25]]

 [[320  24]]

 [[321  23]]

 [[321  22]]

 [[321  21]]

 [[321  20]]

 [[321  19]]

 [[321  18]]

 [[321  17]]

 [[321  16]]

 [[322  15]]

 [[322  14]]

 [[323  13]]

 [[324  12]]

 [[325  12]]

 [[326  13]]

 [[327  13]]

 [[328  13]]

 [[329  12]]

 [[330  11]]

 [[330  10]]

 [[330   9]]

 [[329   8]]

 [[328   7]]

 [[328   6]]

 [[328   5]]

 [[327   4]]

 [[326   4]]

 [[325   4]]]
