[[[  0   0]]

 [[297  77]]

 [[296  77]]

 [[295  77]]

 [[294  78]]

 [[293  79]]

 [[292  79]]

 [[291  79]]

 [[290  79]]

 [[289  79]]

 [[288  79]]

 [[287  79]]

 [[286  79]]

 [[285  79]]

 [[284  80]]

 [[283  80]]

 [[282  79]]

 [[281  79]]

 [[280  79]]

 [[279  80]]

 [[278  80]]

 [[277  81]]

 [[276  82]]

 [[276  83]]

 [[276  84]]

 [[276  85]]

 [[276  86]]

 [[276  87]]

 [[275  88]]

 [[275  89]]

 [[275  90]]

 [[276  91]]

 [[276  92]]

 [[276  93]]

 [[276  94]]

 [[276  95]]

 [[276  96]]

 [[275  97]]

 [[276  98]]

 [[276  99]]

 [[276 100]]

 [[276 101]]

 [[277 102]]

 [[277 103]]

 [[277 104]]

 [[277 105]]

 [[277 106]]

 [[277 107]]

 [[277 108]]

 [[277 109]]

 [[277 110]]

 [[277 111]]

 [[277 112]]

 [[276 113]]

 [[276 114]]

 [[276 115]]

 [[275 116]]

 [[275 117]]

 [[275 118]]

 [[275 119]]

 [[275 120]]

 [[275 121]]

 [[275 122]]

 [[275 123]]

 [[275 124]]

 [[275 125]]

 [[275 126]]

 [[275 127]]

 [[275 128]]

 [[276 129]]

 [[276 130]]

 [[275 131]]

 [[274 132]]

 [[274 133]]

 [[274 134]]

 [[275 135]]

 [[276 136]]

 [[276 137]]

 [[276 138]]

 [[276 139]]

 [[276 140]]

 [[276 141]]

 [[276 142]]

 [[276 143]]

 [[275 144]]

 [[275 145]]

 [[274 146]]

 [[274 147]]

 [[273 148]]

 [[273 149]]

 [[273 150]]

 [[274 151]]

 [[274 152]]

 [[274 153]]

 [[274 154]]

 [[273 155]]

 [[273 156]]

 [[273 157]]

 [[273 158]]

 [[273 159]]

 [[273 160]]

 [[273 161]]

 [[273 162]]

 [[272 163]]

 [[271 163]]

 [[271 164]]

 [[270 165]]

 [[270 166]]

 [[270 167]]

 [[270 168]]

 [[270 169]]

 [[270 170]]

 [[270 171]]

 [[271 172]]

 [[271 173]]

 [[271 174]]

 [[271 175]]

 [[270 176]]

 [[270 177]]

 [[270 178]]

 [[271 179]]

 [[271 180]]

 [[271 181]]

 [[271 182]]

 [[272 182]]

 [[273 182]]

 [[273 181]]

 [[273 180]]

 [[274 179]]

 [[275 179]]

 [[276 179]]

 [[277 178]]

 [[276 177]]

 [[276 176]]

 [[277 175]]

 [[277 174]]

 [[277 173]]

 [[276 172]]

 [[276 171]]

 [[275 170]]

 [[275 169]]

 [[275 168]]

 [[275 167]]

 [[275 166]]

 [[276 165]]

 [[276 164]]

 [[277 163]]

 [[278 163]]

 [[279 163]]

 [[280 164]]

 [[281 164]]

 [[282 165]]

 [[283 165]]

 [[284 165]]

 [[285 165]]

 [[286 166]]

 [[287 166]]

 [[288 166]]

 [[289 166]]

 [[290 167]]

 [[291 167]]

 [[292 167]]

 [[293 167]]

 [[294 167]]

 [[295 168]]

 [[296 168]]

 [[297 168]]

 [[298 168]]

 [[299 168]]

 [[300 168]]

 [[301 168]]

 [[302 168]]

 [[303 168]]

 [[304 168]]

 [[305 168]]

 [[306 168]]

 [[307 168]]

 [[308 168]]

 [[309 168]]

 [[310 168]]

 [[311 168]]

 [[312 168]]

 [[313 168]]

 [[314 168]]

 [[315 168]]

 [[316 168]]

 [[317 168]]

 [[318 167]]

 [[319 167]]

 [[320 166]]

 [[321 166]]

 [[322 166]]

 [[323 166]]

 [[324 166]]

 [[325 166]]

 [[326 166]]

 [[327 165]]

 [[328 165]]

 [[329 165]]

 [[330 164]]

 [[331 164]]

 [[332 163]]

 [[333 163]]

 [[334 163]]

 [[335 163]]

 [[336 162]]

 [[337 161]]

 [[337 160]]

 [[338 159]]

 [[339 158]]

 [[340 157]]

 [[339 156]]

 [[338 157]]

 [[337 157]]

 [[336 158]]

 [[335 159]]

 [[334 160]]

 [[333 160]]

 [[332 161]]

 [[331 162]]

 [[330 162]]

 [[329 162]]

 [[328 163]]

 [[327 164]]

 [[326 164]]

 [[325 164]]

 [[324 164]]

 [[323 164]]

 [[322 165]]

 [[321 165]]

 [[320 165]]

 [[319 165]]

 [[318 165]]

 [[317 165]]

 [[316 165]]

 [[315 165]]

 [[314 165]]

 [[313 166]]

 [[312 166]]

 [[311 166]]

 [[310 166]]

 [[309 166]]

 [[308 166]]

 [[307 165]]

 [[306 165]]

 [[305 165]]

 [[304 165]]

 [[303 165]]

 [[302 165]]

 [[301 165]]

 [[300 165]]

 [[299 165]]

 [[298 165]]

 [[297 165]]

 [[296 165]]

 [[295 165]]

 [[294 164]]

 [[293 164]]

 [[292 164]]

 [[291 164]]

 [[290 164]]

 [[289 163]]

 [[288 163]]

 [[287 163]]

 [[286 163]]

 [[285 162]]

 [[284 162]]

 [[283 161]]

 [[282 161]]

 [[281 161]]

 [[280 160]]

 [[279 160]]

 [[278 159]]

 [[277 158]]

 [[276 157]]

 [[276 156]]

 [[277 155]]

 [[277 154]]

 [[278 153]]

 [[278 152]]

 [[278 151]]

 [[279 150]]

 [[278 149]]

 [[278 148]]

 [[278 147]]

 [[279 146]]

 [[279 145]]

 [[280 144]]

 [[280 143]]

 [[280 142]]

 [[280 141]]

 [[280 140]]

 [[279 139]]

 [[280 138]]

 [[281 137]]

 [[282 137]]

 [[283 136]]

 [[284 135]]

 [[285 135]]

 [[284 134]]

 [[283 133]]

 [[282 132]]

 [[282 131]]

 [[281 130]]

 [[281 129]]

 [[281 128]]

 [[281 127]]

 [[281 126]]

 [[281 125]]

 [[282 124]]

 [[283 123]]

 [[284 124]]

 [[285 124]]

 [[286 124]]

 [[286 123]]

 [[287 122]]

 [[288 122]]

 [[289 122]]

 [[290 123]]

 [[290 124]]

 [[290 125]]

 [[290 126]]

 [[291 126]]

 [[292 126]]

 [[292 125]]

 [[293 124]]

 [[293 123]]

 [[293 122]]

 [[292 121]]

 [[292 120]]

 [[291 119]]

 [[290 119]]

 [[289 120]]

 [[288 119]]

 [[287 120]]

 [[286 119]]

 [[285 118]]

 [[285 117]]

 [[284 117]]

 [[283 116]]

 [[283 117]]

 [[283 118]]

 [[282 119]]

 [[281 118]]

 [[281 117]]

 [[281 116]]

 [[281 115]]

 [[282 114]]

 [[281 113]]

 [[280 112]]

 [[280 111]]

 [[281 110]]

 [[282 109]]

 [[281 108]]

 [[281 107]]

 [[281 106]]

 [[281 105]]

 [[281 104]]

 [[280 103]]

 [[280 102]]

 [[280 101]]

 [[279 100]]

 [[279  99]]

 [[278  98]]

 [[278  97]]

 [[277  96]]

 [[277  95]]

 [[278  94]]

 [[279  93]]

 [[280  92]]

 [[281  92]]

 [[282  92]]

 [[283  93]]

 [[284  93]]

 [[285  93]]

 [[286  92]]

 [[287  93]]

 [[288  93]]

 [[289  93]]

 [[290  93]]

 [[291  93]]

 [[292  93]]

 [[293  93]]

 [[294  93]]

 [[295  94]]

 [[296  94]]

 [[297  94]]

 [[298  94]]

 [[299  94]]

 [[300  94]]

 [[301  94]]

 [[302  94]]

 [[303  94]]

 [[304  94]]

 [[305  94]]

 [[306  94]]

 [[307  94]]

 [[308  94]]

 [[309  94]]

 [[310  93]]

 [[311  93]]

 [[312  93]]

 [[313  93]]

 [[314  93]]

 [[315  93]]

 [[316  93]]

 [[317  92]]

 [[318  91]]

 [[319  90]]

 [[320  90]]

 [[321  91]]

 [[322  90]]

 [[323  90]]

 [[324  90]]

 [[325  89]]

 [[326  89]]

 [[327  88]]

 [[328  88]]

 [[329  88]]

 [[330  88]]

 [[331  89]]

 [[331  90]]

 [[331  91]]

 [[331  92]]

 [[332  92]]

 [[333  92]]

 [[334  92]]

 [[335  93]]

 [[335  92]]

 [[336  91]]

 [[336  90]]

 [[336  89]]

 [[336  88]]

 [[335  87]]

 [[335  86]]

 [[335  85]]

 [[336  84]]

 [[336  83]]

 [[336  82]]

 [[335  81]]

 [[334  81]]

 [[333  81]]

 [[332  80]]

 [[331  79]]

 [[331  78]]

 [[330  78]]

 [[329  79]]

 [[328  79]]

 [[327  79]]

 [[326  78]]

 [[325  78]]

 [[324  78]]

 [[323  78]]

 [[324  78]]

 [[325  79]]

 [[326  80]]

 [[327  80]]

 [[328  81]]

 [[329  82]]

 [[329  83]]

 [[328  84]]

 [[327  85]]

 [[326  86]]

 [[325  86]]

 [[324  85]]

 [[323  84]]

 [[323  83]]

 [[324  82]]

 [[323  82]]

 [[322  81]]

 [[323  80]]

 [[322  80]]

 [[321  80]]

 [[320  80]]

 [[319  79]]

 [[318  78]]

 [[319  77]]

 [[319  76]]

 [[318  77]]

 [[317  78]]

 [[316  79]]

 [[315  79]]

 [[314  79]]

 [[313  78]]

 [[313  77]]

 [[312  77]]

 [[311  77]]

 [[310  77]]

 [[309  76]]

 [[308  76]]

 [[307  76]]

 [[306  76]]

 [[305  76]]

 [[304  76]]

 [[303  76]]

 [[302  76]]

 [[301  77]]

 [[300  77]]

 [[299  76]]]
[[[  0   0]]

 [[459  35]]

 [[459  36]]

 [[459  37]]

 [[459  38]]

 [[459  39]]

 [[460  40]]

 [[460  41]]

 [[461  41]]

 [[462  41]]

 [[463  42]]

 [[464  42]]

 [[465  42]]

 [[466  42]]

 [[467  43]]

 [[468  43]]

 [[469  43]]

 [[470  43]]

 [[471  43]]

 [[472  43]]

 [[473  43]]

 [[474  44]]

 [[475  45]]

 [[476  46]]

 [[477  47]]

 [[478  47]]

 [[479  48]]

 [[480  48]]

 [[481  48]]

 [[482  48]]

 [[483  49]]

 [[484  49]]

 [[485  49]]

 [[486  49]]

 [[487  49]]

 [[488  49]]

 [[489  50]]

 [[490  50]]

 [[491  50]]

 [[492  50]]

 [[493  50]]

 [[494  50]]

 [[495  50]]

 [[496  50]]

 [[497  50]]

 [[498  50]]

 [[499  51]]

 [[500  51]]

 [[501  51]]

 [[502  50]]

 [[503  50]]

 [[502  49]]

 [[502  48]]

 [[501  47]]

 [[501  46]]

 [[500  45]]

 [[500  44]]

 [[499  44]]

 [[498  44]]

 [[497  44]]

 [[496  43]]

 [[495  43]]

 [[494  43]]

 [[493  43]]

 [[492  43]]

 [[491  43]]

 [[490  43]]

 [[489  42]]

 [[488  42]]

 [[487  42]]

 [[486  42]]

 [[485  42]]

 [[484  41]]

 [[483  41]]

 [[482  41]]

 [[481  41]]

 [[480  40]]

 [[479  40]]

 [[478  39]]

 [[477  39]]

 [[476  38]]

 [[475  38]]

 [[474  37]]

 [[473  37]]

 [[472  37]]

 [[471  36]]

 [[470  36]]

 [[469  36]]

 [[468  35]]

 [[467  35]]

 [[466  35]]

 [[465  35]]

 [[464  35]]

 [[463  34]]

 [[462  34]]

 [[461  34]]]
[[[  0   0]]

 [[462  20]]

 [[461  21]]

 [[461  22]]

 [[461  23]]

 [[461  24]]

 [[462  25]]

 [[463  25]]

 [[464  26]]

 [[465  26]]

 [[466  26]]

 [[467  26]]

 [[468  26]]

 [[469  27]]

 [[470  27]]

 [[471  27]]

 [[472  27]]

 [[473  27]]

 [[474  27]]

 [[475  27]]

 [[476  27]]

 [[477  27]]

 [[478  28]]

 [[479  29]]

 [[480  30]]

 [[481  30]]

 [[482  31]]

 [[483  31]]

 [[484  31]]

 [[485  32]]

 [[486  32]]

 [[487  32]]

 [[488  32]]

 [[489  32]]

 [[490  32]]

 [[491  33]]

 [[492  33]]

 [[493  33]]

 [[494  33]]

 [[495  33]]

 [[496  33]]

 [[497  33]]

 [[498  33]]

 [[499  33]]

 [[500  33]]

 [[501  33]]

 [[501  32]]

 [[502  31]]

 [[502  30]]

 [[502  29]]

 [[502  28]]

 [[502  27]]

 [[501  27]]

 [[500  27]]

 [[499  27]]

 [[498  27]]

 [[497  26]]

 [[496  26]]

 [[495  26]]

 [[494  26]]

 [[493  26]]

 [[492  26]]

 [[491  25]]

 [[490  25]]

 [[489  25]]

 [[488  25]]

 [[487  25]]

 [[486  24]]

 [[485  24]]

 [[484  24]]

 [[483  24]]

 [[482  23]]

 [[481  23]]

 [[480  23]]

 [[479  22]]

 [[478  22]]

 [[477  21]]

 [[476  21]]

 [[475  21]]

 [[474  20]]

 [[473  20]]

 [[472  20]]

 [[471  19]]

 [[470  19]]

 [[469  19]]

 [[468  19]]

 [[467  19]]

 [[466  19]]

 [[465  19]]

 [[464  19]]

 [[463  19]]]
