[[[  0   0]]

 [[364 174]]

 [[363 175]]

 [[362 176]]

 [[363 177]]

 [[363 178]]

 [[364 179]]

 [[364 180]]

 [[364 181]]

 [[364 182]]

 [[365 183]]

 [[365 184]]

 [[366 185]]

 [[367 186]]

 [[368 186]]

 [[369 186]]

 [[370 186]]

 [[371 186]]

 [[372 186]]

 [[373 186]]

 [[374 187]]

 [[375 187]]

 [[376 187]]

 [[377 188]]

 [[378 188]]

 [[379 189]]

 [[379 190]]

 [[380 190]]

 [[381 189]]

 [[382 189]]

 [[383 190]]

 [[384 191]]

 [[385 191]]

 [[386 191]]

 [[387 191]]

 [[388 192]]

 [[389 193]]

 [[390 193]]

 [[391 194]]

 [[392 195]]

 [[393 196]]

 [[394 195]]

 [[395 195]]

 [[396 194]]

 [[397 194]]

 [[398 194]]

 [[399 194]]

 [[400 194]]

 [[401 194]]

 [[402 194]]

 [[403 194]]

 [[404 194]]

 [[405 195]]

 [[406 195]]

 [[407 195]]

 [[408 195]]

 [[409 196]]

 [[409 197]]

 [[409 198]]

 [[410 198]]

 [[410 197]]

 [[410 196]]

 [[411 195]]

 [[412 194]]

 [[413 193]]

 [[414 193]]

 [[415 193]]

 [[416 193]]

 [[417 193]]

 [[418 193]]

 [[419 192]]

 [[420 192]]

 [[420 191]]

 [[421 190]]

 [[422 190]]

 [[423 190]]

 [[424 191]]

 [[424 192]]

 [[424 193]]

 [[424 194]]

 [[425 194]]

 [[426 195]]

 [[427 195]]

 [[428 195]]

 [[428 194]]

 [[428 193]]

 [[427 192]]

 [[426 191]]

 [[425 190]]

 [[426 189]]

 [[425 188]]

 [[424 187]]

 [[423 187]]

 [[422 188]]

 [[421 188]]

 [[420 187]]

 [[419 187]]

 [[418 186]]

 [[417 186]]

 [[416 186]]

 [[415 185]]

 [[414 185]]

 [[413 185]]

 [[412 185]]

 [[411 185]]

 [[410 185]]

 [[409 186]]

 [[408 187]]

 [[407 188]]

 [[406 189]]

 [[405 190]]

 [[404 191]]

 [[403 191]]

 [[402 191]]

 [[401 191]]

 [[400 190]]

 [[399 190]]

 [[398 190]]

 [[397 189]]

 [[396 189]]

 [[395 189]]

 [[394 189]]

 [[393 189]]

 [[392 188]]

 [[391 187]]

 [[390 186]]

 [[389 186]]

 [[388 186]]

 [[387 186]]

 [[386 185]]

 [[385 185]]

 [[384 185]]

 [[383 184]]

 [[382 183]]

 [[381 183]]

 [[380 183]]

 [[379 183]]

 [[378 183]]

 [[377 182]]

 [[376 182]]

 [[375 181]]

 [[374 181]]

 [[373 180]]

 [[372 180]]

 [[371 179]]

 [[370 178]]

 [[369 177]]

 [[368 176]]

 [[367 175]]

 [[366 174]]

 [[365 173]]]
[[[  0   0]]

 [[368 145]]

 [[368 146]]

 [[368 147]]

 [[368 148]]

 [[368 149]]

 [[368 150]]

 [[368 151]]

 [[368 152]]

 [[368 153]]

 [[368 154]]

 [[368 155]]

 [[368 156]]

 [[368 157]]

 [[368 158]]

 [[367 159]]

 [[367 160]]

 [[366 161]]

 [[366 162]]

 [[366 163]]

 [[367 164]]

 [[367 165]]

 [[368 165]]

 [[369 165]]

 [[370 166]]

 [[371 166]]

 [[372 166]]

 [[373 166]]

 [[374 166]]

 [[375 167]]

 [[376 167]]

 [[377 168]]

 [[378 168]]

 [[379 168]]

 [[380 169]]

 [[381 169]]

 [[382 170]]

 [[383 170]]

 [[384 170]]

 [[385 170]]

 [[386 170]]

 [[387 170]]

 [[388 171]]

 [[389 171]]

 [[390 172]]

 [[391 172]]

 [[392 172]]

 [[393 173]]

 [[394 173]]

 [[395 173]]

 [[396 173]]

 [[397 174]]

 [[398 174]]

 [[399 174]]

 [[400 175]]

 [[401 176]]

 [[402 176]]

 [[403 176]]

 [[404 176]]

 [[405 176]]

 [[406 176]]

 [[407 176]]

 [[408 176]]

 [[409 176]]

 [[410 176]]

 [[411 175]]

 [[412 175]]

 [[413 175]]

 [[414 175]]

 [[415 174]]

 [[416 174]]

 [[417 174]]

 [[418 174]]

 [[419 174]]

 [[420 173]]

 [[421 173]]

 [[422 173]]

 [[423 172]]

 [[424 172]]

 [[425 171]]

 [[426 171]]

 [[427 171]]

 [[428 171]]

 [[429 170]]

 [[430 169]]

 [[431 168]]

 [[431 167]]

 [[431 166]]

 [[431 165]]

 [[431 164]]

 [[431 163]]

 [[431 162]]

 [[431 161]]

 [[431 160]]

 [[432 159]]

 [[432 158]]

 [[432 157]]

 [[432 156]]

 [[433 155]]

 [[433 154]]

 [[433 153]]

 [[433 152]]

 [[433 151]]

 [[432 150]]

 [[431 150]]

 [[430 151]]

 [[429 152]]

 [[428 152]]

 [[427 153]]

 [[426 153]]

 [[425 154]]

 [[424 154]]

 [[423 154]]

 [[422 155]]

 [[421 155]]

 [[420 156]]

 [[419 156]]

 [[418 156]]

 [[417 156]]

 [[416 157]]

 [[415 157]]

 [[414 157]]

 [[413 157]]

 [[412 157]]

 [[411 157]]

 [[410 157]]

 [[409 157]]

 [[408 157]]

 [[407 156]]

 [[406 156]]

 [[405 156]]

 [[404 155]]

 [[403 155]]

 [[402 155]]

 [[401 155]]

 [[400 154]]

 [[399 154]]

 [[398 153]]

 [[397 153]]

 [[396 152]]

 [[395 152]]

 [[394 152]]

 [[393 152]]

 [[392 152]]

 [[391 151]]

 [[390 151]]

 [[389 151]]

 [[388 151]]

 [[387 150]]

 [[386 150]]

 [[385 150]]

 [[384 149]]

 [[383 149]]

 [[382 148]]

 [[381 148]]

 [[380 148]]

 [[379 148]]

 [[378 148]]

 [[377 147]]

 [[376 147]]

 [[375 146]]

 [[374 146]]

 [[373 146]]

 [[372 145]]

 [[371 145]]

 [[370 144]]]
[[[  0   0]]

 [[372 104]]

 [[372 105]]

 [[373 106]]

 [[373 107]]

 [[373 108]]

 [[373 109]]

 [[373 110]]

 [[373 111]]

 [[373 112]]

 [[373 113]]

 [[373 114]]

 [[373 115]]

 [[373 116]]

 [[373 117]]

 [[373 118]]

 [[373 119]]

 [[372 120]]

 [[372 121]]

 [[372 122]]

 [[372 123]]

 [[372 124]]

 [[373 125]]

 [[374 125]]

 [[375 125]]

 [[376 125]]

 [[377 126]]

 [[378 126]]

 [[379 126]]

 [[380 126]]

 [[381 126]]

 [[382 126]]

 [[383 127]]

 [[384 127]]

 [[385 128]]

 [[386 128]]

 [[387 128]]

 [[388 128]]

 [[389 129]]

 [[390 129]]

 [[391 129]]

 [[392 129]]

 [[393 130]]

 [[394 131]]

 [[395 131]]

 [[396 131]]

 [[397 131]]

 [[398 131]]

 [[399 131]]

 [[400 132]]

 [[401 132]]

 [[402 132]]

 [[403 132]]

 [[404 133]]

 [[405 133]]

 [[406 133]]

 [[407 133]]

 [[408 134]]

 [[409 134]]

 [[410 134]]

 [[411 134]]

 [[412 134]]

 [[413 134]]

 [[414 134]]

 [[415 134]]

 [[416 133]]

 [[417 133]]

 [[418 133]]

 [[419 133]]

 [[420 133]]

 [[421 133]]

 [[422 133]]

 [[423 133]]

 [[424 132]]

 [[425 132]]

 [[426 132]]

 [[427 131]]

 [[428 131]]

 [[429 131]]

 [[430 130]]

 [[431 130]]

 [[432 130]]

 [[433 129]]

 [[434 128]]

 [[435 127]]

 [[435 126]]

 [[435 125]]

 [[435 124]]

 [[434 123]]

 [[434 122]]

 [[434 121]]

 [[434 120]]

 [[435 119]]

 [[435 118]]

 [[435 117]]

 [[435 116]]

 [[435 115]]

 [[436 114]]

 [[436 113]]

 [[436 112]]

 [[436 111]]

 [[437 110]]

 [[436 110]]

 [[435 110]]

 [[434 111]]

 [[433 111]]

 [[432 111]]

 [[431 111]]

 [[430 111]]

 [[429 112]]

 [[428 112]]

 [[427 112]]

 [[426 113]]

 [[425 113]]

 [[424 114]]

 [[423 114]]

 [[422 114]]

 [[421 114]]

 [[420 114]]

 [[419 114]]

 [[418 114]]

 [[417 114]]

 [[416 114]]

 [[415 114]]

 [[414 114]]

 [[413 114]]

 [[412 114]]

 [[411 114]]

 [[410 113]]

 [[409 113]]

 [[408 113]]

 [[407 112]]

 [[406 112]]

 [[405 112]]

 [[404 112]]

 [[403 112]]

 [[402 112]]

 [[401 111]]

 [[400 111]]

 [[399 111]]

 [[398 110]]

 [[397 110]]

 [[396 110]]

 [[395 109]]

 [[394 109]]

 [[393 109]]

 [[392 109]]

 [[391 109]]

 [[390 108]]

 [[389 108]]

 [[388 108]]

 [[387 108]]

 [[386 108]]

 [[385 108]]

 [[384 107]]

 [[383 107]]

 [[382 106]]

 [[381 106]]

 [[380 106]]

 [[379 106]]

 [[378 105]]

 [[377 105]]

 [[376 105]]

 [[375 104]]

 [[374 103]]]
[[[  0   0]]

 [[529  82]]

 [[528  82]]

 [[527  82]]

 [[527  83]]

 [[527  84]]

 [[528  85]]

 [[528  86]]

 [[529  87]]

 [[530  87]]

 [[531  88]]

 [[532  88]]

 [[533  89]]

 [[534  89]]

 [[535  89]]

 [[536  89]]

 [[537  90]]

 [[538  90]]

 [[539  90]]

 [[540  90]]

 [[541  90]]

 [[542  91]]

 [[543  91]]

 [[544  91]]

 [[545  91]]

 [[546  91]]

 [[547  92]]

 [[548  92]]

 [[549  92]]

 [[550  92]]

 [[551  92]]

 [[552  93]]

 [[553  93]]

 [[554  93]]

 [[555  93]]

 [[556  93]]

 [[557  93]]

 [[558  93]]

 [[559  93]]

 [[559  92]]

 [[559  91]]

 [[559  90]]

 [[559  89]]

 [[559  88]]

 [[559  87]]

 [[558  87]]

 [[557  87]]

 [[556  87]]

 [[555  87]]

 [[554  86]]

 [[553  86]]

 [[552  86]]

 [[551  86]]

 [[550  86]]

 [[549  86]]

 [[548  85]]

 [[547  85]]

 [[546  85]]

 [[545  85]]

 [[544  84]]

 [[543  84]]

 [[542  84]]

 [[541  84]]

 [[540  84]]

 [[539  83]]

 [[538  83]]

 [[537  83]]

 [[536  82]]

 [[535  82]]

 [[534  82]]

 [[533  81]]

 [[532  81]]

 [[531  81]]]
[[[  0   0]]

 [[432  73]]

 [[432  74]]

 [[432  75]]

 [[432  76]]

 [[432  77]]

 [[432  78]]

 [[432  79]]

 [[431  80]]

 [[430  81]]

 [[429  81]]

 [[428  81]]

 [[427  81]]

 [[426  81]]

 [[425  80]]

 [[424  80]]

 [[423  80]]

 [[422  80]]

 [[421  80]]

 [[420  80]]

 [[419  80]]

 [[418  80]]

 [[417  80]]

 [[416  80]]

 [[415  79]]

 [[414  79]]

 [[413  79]]

 [[412  79]]

 [[411  79]]

 [[410  79]]

 [[409  79]]

 [[408  79]]

 [[407  79]]

 [[406  79]]

 [[405  79]]

 [[404  80]]

 [[403  80]]

 [[402  81]]

 [[401  81]]

 [[400  81]]

 [[399  81]]

 [[398  82]]

 [[397  83]]

 [[396  83]]

 [[395  83]]

 [[394  83]]

 [[393  83]]

 [[392  83]]

 [[391  84]]

 [[390  84]]

 [[390  85]]

 [[390  86]]

 [[391  87]]

 [[392  87]]

 [[393  87]]

 [[394  87]]

 [[395  88]]

 [[396  88]]

 [[397  88]]

 [[398  88]]

 [[399  88]]

 [[400  88]]

 [[401  88]]

 [[402  88]]

 [[403  88]]

 [[404  87]]

 [[405  86]]

 [[406  85]]

 [[407  85]]

 [[408  86]]

 [[409  86]]

 [[410  86]]

 [[411  86]]

 [[412  86]]

 [[413  86]]

 [[414  86]]

 [[415  86]]

 [[416  86]]

 [[417  85]]

 [[418  85]]

 [[419  86]]

 [[420  86]]

 [[421  85]]

 [[422  85]]

 [[423  85]]

 [[424  85]]

 [[425  85]]

 [[426  85]]

 [[427  84]]

 [[428  84]]

 [[429  83]]

 [[430  83]]

 [[431  83]]

 [[432  83]]

 [[433  82]]

 [[434  82]]

 [[435  82]]

 [[436  81]]

 [[437  82]]

 [[438  82]]

 [[439  82]]

 [[440  83]]

 [[441  82]]

 [[442  83]]

 [[443  83]]

 [[444  83]]

 [[445  84]]

 [[446  84]]

 [[447  84]]

 [[447  83]]

 [[447  82]]

 [[448  81]]

 [[449  80]]

 [[450  80]]

 [[451  81]]

 [[451  82]]

 [[452  83]]

 [[453  84]]

 [[454  84]]

 [[455  83]]

 [[456  82]]

 [[457  82]]

 [[458  82]]

 [[459  83]]

 [[459  84]]

 [[459  85]]

 [[460  85]]

 [[461  85]]

 [[462  85]]

 [[463  85]]

 [[464  85]]

 [[465  85]]

 [[466  85]]

 [[467  86]]

 [[468  87]]

 [[469  87]]

 [[470  87]]

 [[471  87]]

 [[472  87]]

 [[473  86]]

 [[474  85]]

 [[475  86]]

 [[475  87]]

 [[475  88]]

 [[475  89]]

 [[476  89]]

 [[477  89]]

 [[478  89]]

 [[479  90]]

 [[480  90]]

 [[481  90]]

 [[481  89]]

 [[482  88]]

 [[483  88]]

 [[484  89]]

 [[484  90]]

 [[485  91]]

 [[486  91]]

 [[487  92]]

 [[488  92]]

 [[489  92]]

 [[489  91]]

 [[490  90]]

 [[491  89]]

 [[492  90]]

 [[493  91]]

 [[492  92]]

 [[493  93]]

 [[494  93]]

 [[495  93]]

 [[496  93]]

 [[497  93]]

 [[498  93]]

 [[498  92]]

 [[499  91]]

 [[500  91]]

 [[501  92]]

 [[501  93]]

 [[502  94]]

 [[503  95]]

 [[504  95]]

 [[505  96]]

 [[506  96]]

 [[506  95]]

 [[507  94]]

 [[508  93]]

 [[509  93]]

 [[510  93]]

 [[511  94]]

 [[511  95]]

 [[510  96]]

 [[510  97]]

 [[511  97]]

 [[512  97]]

 [[513  97]]

 [[514  98]]

 [[515  98]]

 [[516  99]]

 [[517  99]]

 [[518  99]]

 [[519  99]]

 [[520  99]]

 [[521  99]]

 [[522  99]]

 [[522  98]]

 [[522  97]]

 [[522  96]]

 [[522  95]]

 [[521  94]]

 [[522  93]]

 [[522  92]]

 [[523  91]]

 [[523  90]]

 [[523  89]]

 [[523  88]]

 [[523  87]]

 [[523  86]]

 [[522  85]]

 [[522  84]]

 [[523  83]]

 [[522  82]]

 [[521  82]]

 [[520  82]]

 [[519  82]]

 [[519  83]]

 [[519  84]]

 [[518  85]]

 [[518  86]]

 [[517  87]]

 [[516  86]]

 [[515  86]]

 [[514  85]]

 [[513  84]]

 [[514  83]]

 [[514  82]]

 [[514  81]]

 [[514  80]]

 [[513  80]]

 [[512  81]]

 [[511  81]]

 [[511  82]]

 [[511  83]]

 [[512  84]]

 [[513  85]]

 [[513  86]]

 [[513  87]]

 [[514  88]]

 [[515  88]]

 [[516  89]]

 [[516  90]]

 [[516  91]]

 [[516  92]]

 [[515  93]]

 [[514  93]]

 [[513  93]]

 [[512  92]]

 [[512  91]]

 [[512  90]]

 [[512  89]]

 [[511  88]]

 [[510  88]]

 [[509  88]]

 [[508  87]]

 [[508  86]]

 [[508  87]]

 [[508  88]]

 [[508  89]]

 [[507  90]]

 [[506  91]]

 [[505  91]]

 [[504  91]]

 [[503  90]]

 [[502  89]]

 [[502  88]]

 [[501  88]]

 [[500  88]]

 [[499  89]]

 [[498  89]]

 [[497  89]]

 [[496  89]]

 [[495  89]]

 [[494  88]]

 [[494  87]]

 [[493  86]]

 [[492  86]]

 [[491  85]]

 [[490  84]]

 [[490  83]]

 [[490  82]]

 [[490  83]]

 [[490  84]]

 [[490  85]]

 [[490  86]]

 [[489  87]]

 [[488  88]]

 [[487  88]]

 [[486  88]]

 [[485  87]]

 [[485  86]]

 [[485  85]]

 [[484  84]]

 [[484  83]]

 [[483  82]]

 [[482  81]]

 [[481  81]]

 [[481  82]]

 [[481  83]]

 [[480  84]]

 [[479  85]]

 [[478  85]]

 [[477  84]]

 [[476  83]]

 [[475  83]]

 [[474  83]]

 [[473  83]]

 [[472  84]]

 [[471  84]]

 [[470  84]]

 [[469  83]]

 [[468  82]]

 [[468  81]]

 [[467  80]]

 [[466  80]]

 [[465  79]]

 [[464  80]]

 [[463  81]]

 [[462  82]]

 [[461  82]]

 [[460  81]]

 [[460  80]]

 [[459  79]]

 [[458  78]]

 [[457  77]]

 [[456  76]]

 [[455  75]]

 [[454  75]]

 [[453  76]]

 [[452  77]]

 [[451  77]]

 [[450  76]]

 [[449  75]]

 [[448  75]]

 [[447  74]]

 [[446  74]]

 [[445  74]]

 [[444  75]]

 [[443  75]]

 [[442  75]]

 [[441  74]]

 [[440  73]]

 [[439  72]]

 [[439  73]]

 [[439  74]]

 [[439  75]]

 [[439  76]]

 [[438  77]]

 [[437  77]]

 [[436  76]]

 [[436  75]]

 [[435  74]]

 [[435  73]]

 [[434  73]]

 [[433  72]]]
[[[  0   0]]

 [[532  63]]

 [[531  63]]

 [[530  63]]

 [[529  64]]

 [[529  65]]

 [[529  66]]

 [[529  67]]

 [[530  68]]

 [[531  69]]

 [[532  69]]

 [[533  69]]

 [[534  69]]

 [[535  70]]

 [[536  70]]

 [[537  70]]

 [[538  70]]

 [[539  71]]

 [[540  71]]

 [[541  71]]

 [[542  71]]

 [[543  72]]

 [[544  72]]

 [[545  72]]

 [[546  72]]

 [[547  73]]

 [[548  73]]

 [[549  73]]

 [[550  73]]

 [[551  73]]

 [[552  73]]

 [[553  73]]

 [[554  73]]

 [[555  74]]

 [[556  74]]

 [[557  74]]

 [[558  74]]

 [[559  73]]

 [[560  73]]

 [[561  73]]

 [[562  72]]

 [[562  71]]

 [[562  70]]

 [[562  69]]

 [[562  68]]

 [[563  67]]

 [[563  66]]

 [[562  66]]

 [[561  66]]

 [[560  66]]

 [[559  67]]

 [[558  67]]

 [[557  66]]

 [[556  66]]

 [[555  66]]

 [[554  66]]

 [[553  66]]

 [[552  66]]

 [[551  66]]

 [[550  66]]

 [[549  66]]

 [[548  65]]

 [[547  65]]

 [[546  65]]

 [[545  65]]

 [[544  64]]

 [[543  64]]

 [[542  64]]

 [[541  63]]

 [[540  63]]

 [[539  63]]

 [[538  63]]

 [[537  63]]

 [[536  62]]

 [[535  62]]

 [[534  62]]]
[[[  0   0]]

 [[364  50]]

 [[364  51]]

 [[365  52]]

 [[365  53]]

 [[365  54]]

 [[364  55]]

 [[363  56]]

 [[362  57]]

 [[363  58]]

 [[364  58]]

 [[365  59]]

 [[366  58]]

 [[367  59]]

 [[367  58]]

 [[368  57]]

 [[369  57]]

 [[370  57]]

 [[371  57]]

 [[372  57]]

 [[373  58]]

 [[374  58]]

 [[375  58]]

 [[376  58]]

 [[377  59]]

 [[378  59]]

 [[379  59]]

 [[380  59]]

 [[381  59]]

 [[382  60]]

 [[383  60]]

 [[384  60]]

 [[385  60]]

 [[386  60]]

 [[387  60]]

 [[388  60]]

 [[389  60]]

 [[390  60]]

 [[391  60]]

 [[392  61]]

 [[393  62]]

 [[394  62]]

 [[395  62]]

 [[396  62]]

 [[397  62]]

 [[398  62]]

 [[398  61]]

 [[398  60]]

 [[398  59]]

 [[399  58]]

 [[399  57]]

 [[400  56]]

 [[400  55]]

 [[400  54]]

 [[399  53]]

 [[399  52]]

 [[400  51]]

 [[399  51]]

 [[398  50]]

 [[397  50]]

 [[397  51]]

 [[397  52]]

 [[396  53]]

 [[395  54]]

 [[394  55]]

 [[393  55]]

 [[392  55]]

 [[391  55]]

 [[390  55]]

 [[389  55]]

 [[388  55]]

 [[387  55]]

 [[386  54]]

 [[385  54]]

 [[384  54]]

 [[383  54]]

 [[382  54]]

 [[381  54]]

 [[380  53]]

 [[379  53]]

 [[378  53]]

 [[377  53]]

 [[376  53]]

 [[375  53]]

 [[374  53]]

 [[373  53]]

 [[372  52]]

 [[371  52]]

 [[370  51]]

 [[369  52]]

 [[368  51]]

 [[367  50]]

 [[367  49]]

 [[366  49]]]
[[[  0   0]]

 [[588  26]]

 [[587  27]]

 [[588  28]]

 [[589  28]]

 [[590  28]]

 [[591  28]]

 [[592  28]]

 [[593  28]]

 [[594  29]]

 [[594  30]]

 [[595  30]]

 [[596  31]]

 [[597  31]]

 [[598  31]]

 [[599  31]]

 [[600  31]]

 [[601  31]]

 [[602  31]]

 [[603  31]]

 [[604  31]]

 [[605  31]]

 [[606  31]]

 [[607  32]]

 [[608  33]]

 [[609  34]]

 [[610  34]]

 [[611  34]]

 [[612  34]]

 [[613  34]]

 [[614  34]]

 [[615  34]]

 [[616  34]]

 [[617  34]]

 [[618  35]]

 [[619  35]]

 [[620  35]]

 [[621  35]]

 [[622  36]]

 [[623  36]]

 [[624  36]]

 [[625  36]]

 [[626  36]]

 [[627  35]]

 [[628  35]]

 [[629  35]]

 [[630  35]]

 [[631  35]]

 [[632  35]]

 [[633  36]]

 [[634  36]]

 [[635  36]]

 [[636  35]]

 [[637  35]]

 [[638  35]]

 [[638  34]]

 [[638  33]]

 [[638  32]]

 [[638  31]]

 [[637  31]]

 [[636  31]]

 [[635  31]]

 [[634  30]]

 [[633  30]]

 [[632  30]]

 [[631  30]]

 [[630  30]]

 [[629  30]]

 [[628  30]]

 [[627  30]]

 [[626  30]]

 [[625  30]]

 [[624  29]]

 [[623  28]]

 [[622  27]]

 [[621  27]]

 [[620  27]]

 [[619  27]]

 [[618  28]]

 [[617  28]]

 [[616  28]]

 [[615  28]]

 [[614  27]]

 [[613  27]]

 [[612  26]]

 [[611  25]]

 [[610  25]]

 [[609  25]]

 [[608  25]]

 [[607  25]]

 [[606  25]]

 [[605  25]]

 [[604  25]]

 [[603  25]]

 [[602  25]]

 [[601  25]]

 [[600  25]]

 [[599  26]]

 [[598  26]]

 [[597  26]]

 [[596  26]]

 [[595  25]]

 [[594  25]]

 [[593  25]]

 [[592  25]]

 [[591  25]]

 [[590  25]]

 [[589  25]]]
[[[  0   0]]

 [[401  13]]

 [[401  14]]

 [[401  15]]

 [[401  16]]

 [[401  17]]

 [[402  18]]

 [[402  19]]

 [[402  20]]

 [[401  21]]

 [[400  21]]

 [[399  21]]

 [[398  22]]

 [[397  22]]

 [[396  23]]

 [[395  23]]

 [[394  24]]

 [[393  24]]

 [[392  24]]

 [[393  25]]

 [[394  25]]

 [[395  25]]

 [[396  25]]

 [[397  25]]

 [[398  26]]

 [[399  27]]

 [[400  28]]

 [[399  29]]

 [[399  30]]

 [[399  31]]

 [[400  32]]

 [[400  33]]

 [[400  34]]

 [[400  35]]

 [[400  36]]

 [[399  37]]

 [[398  37]]

 [[397  37]]

 [[396  37]]

 [[395  37]]

 [[394  37]]

 [[393  37]]

 [[392  37]]

 [[391  37]]

 [[390  36]]

 [[389  36]]

 [[388  36]]

 [[387  36]]

 [[386  36]]

 [[385  36]]

 [[384  36]]

 [[383  36]]

 [[382  36]]

 [[381  35]]

 [[380  35]]

 [[379  35]]

 [[378  35]]

 [[377  35]]

 [[376  35]]

 [[375  35]]

 [[374  35]]

 [[373  35]]

 [[372  35]]

 [[371  35]]

 [[370  36]]

 [[370  37]]

 [[371  38]]

 [[371  39]]

 [[371  40]]

 [[372  41]]

 [[373  41]]

 [[374  41]]

 [[375  41]]

 [[376  41]]

 [[377  42]]

 [[378  42]]

 [[379  42]]

 [[380  42]]

 [[381  42]]

 [[382  42]]

 [[383  42]]

 [[384  42]]

 [[385  42]]

 [[386  42]]

 [[387  42]]

 [[388  42]]

 [[389  42]]

 [[390  42]]

 [[391  42]]

 [[392  42]]

 [[393  41]]

 [[394  41]]

 [[395  41]]

 [[396  42]]

 [[397  43]]

 [[397  44]]

 [[397  45]]

 [[398  45]]

 [[399  45]]

 [[400  45]]

 [[400  44]]

 [[400  43]]

 [[401  42]]

 [[401  41]]

 [[402  40]]

 [[403  40]]

 [[404  39]]

 [[404  38]]

 [[403  38]]

 [[402  37]]

 [[402  36]]

 [[402  35]]

 [[403  34]]

 [[404  33]]

 [[405  32]]

 [[405  31]]

 [[406  30]]

 [[405  29]]

 [[405  28]]

 [[405  27]]

 [[406  26]]

 [[405  25]]

 [[404  25]]

 [[403  24]]

 [[402  23]]

 [[402  22]]

 [[403  21]]

 [[404  20]]

 [[405  20]]

 [[406  19]]

 [[407  18]]

 [[408  18]]

 [[409  19]]

 [[410  18]]

 [[410  17]]

 [[410  16]]

 [[409  16]]

 [[408  15]]

 [[407  15]]

 [[406  14]]

 [[406  13]]

 [[405  12]]

 [[404  12]]

 [[403  12]]

 [[402  12]]]
