[[[  0   0]]

 [[553  46]]

 [[553  47]]

 [[553  48]]

 [[553  49]]

 [[553  50]]

 [[553  51]]

 [[552  52]]

 [[552  53]]

 [[551  54]]

 [[551  55]]

 [[551  56]]

 [[550  57]]

 [[550  58]]

 [[550  59]]

 [[549  60]]

 [[549  61]]

 [[549  62]]

 [[549  63]]

 [[549  64]]

 [[549  65]]

 [[549  66]]

 [[548  67]]

 [[548  68]]

 [[548  69]]

 [[547  70]]

 [[547  71]]

 [[547  72]]

 [[546  73]]

 [[546  74]]

 [[546  75]]

 [[545  76]]

 [[545  77]]

 [[544  78]]

 [[543  79]]

 [[542  80]]

 [[542  81]]

 [[542  82]]

 [[542  83]]

 [[542  84]]

 [[542  85]]

 [[542  86]]

 [[543  87]]

 [[543  88]]

 [[544  89]]

 [[544  90]]

 [[544  91]]

 [[544  92]]

 [[545  93]]

 [[546  93]]

 [[547  94]]

 [[548  94]]

 [[549  93]]

 [[550  93]]

 [[551  93]]

 [[552  94]]

 [[553  94]]

 [[554  94]]

 [[555  95]]

 [[556  95]]

 [[557  95]]

 [[558  95]]

 [[559  96]]

 [[560  96]]

 [[561  96]]

 [[562  95]]

 [[563  94]]

 [[564  94]]

 [[565  94]]

 [[566  95]]

 [[567  95]]

 [[568  95]]

 [[569  96]]

 [[570  95]]

 [[571  95]]

 [[572  94]]

 [[572  93]]

 [[572  92]]

 [[572  91]]

 [[572  90]]

 [[572  89]]

 [[572  88]]

 [[572  87]]

 [[572  86]]

 [[572  85]]

 [[572  84]]

 [[572  83]]

 [[572  82]]

 [[573  81]]

 [[574  80]]

 [[575  79]]

 [[575  78]]

 [[575  77]]

 [[575  76]]

 [[575  75]]

 [[575  74]]

 [[575  73]]

 [[576  72]]

 [[576  71]]

 [[576  70]]

 [[576  69]]

 [[577  68]]

 [[577  67]]

 [[577  66]]

 [[578  65]]

 [[577  64]]

 [[578  63]]

 [[578  62]]

 [[578  61]]

 [[579  60]]

 [[579  59]]

 [[579  58]]

 [[579  57]]

 [[579  56]]

 [[579  55]]

 [[578  54]]

 [[578  53]]

 [[578  52]]

 [[577  52]]

 [[576  52]]

 [[575  51]]

 [[574  51]]

 [[573  51]]

 [[572  50]]

 [[571  50]]

 [[570  49]]

 [[569  48]]

 [[568  48]]

 [[567  49]]

 [[566  49]]

 [[565  49]]

 [[564  48]]

 [[563  48]]

 [[562  48]]

 [[561  47]]

 [[560  46]]

 [[559  46]]

 [[558  47]]

 [[557  47]]

 [[556  47]]

 [[555  46]]

 [[554  45]]]
[[[  0   0]]

 [[558  51]]

 [[559  51]]

 [[560  51]]

 [[561  51]]

 [[562  51]]

 [[563  51]]

 [[564  52]]

 [[565  52]]

 [[566  53]]

 [[567  53]]

 [[568  54]]

 [[569  55]]

 [[569  56]]

 [[569  57]]

 [[570  58]]

 [[571  58]]

 [[572  59]]

 [[572  60]]

 [[572  61]]

 [[573  61]]

 [[574  62]]

 [[574  63]]

 [[574  64]]

 [[573  65]]

 [[572  66]]

 [[572  67]]

 [[572  68]]

 [[572  69]]

 [[571  70]]

 [[570  71]]

 [[569  71]]

 [[568  70]]

 [[568  69]]

 [[568  68]]

 [[568  67]]

 [[569  66]]

 [[570  65]]

 [[570  64]]

 [[570  63]]

 [[569  62]]

 [[568  61]]

 [[568  62]]

 [[568  63]]

 [[568  64]]

 [[568  65]]

 [[568  66]]

 [[567  67]]

 [[568  68]]

 [[567  69]]

 [[567  70]]

 [[567  71]]

 [[566  72]]

 [[565  72]]

 [[565  73]]

 [[565  74]]

 [[565  75]]

 [[566  75]]

 [[566  74]]

 [[567  73]]

 [[568  73]]

 [[569  74]]

 [[569  75]]

 [[568  76]]

 [[569  77]]

 [[569  78]]

 [[570  79]]

 [[569  80]]

 [[570  81]]

 [[570  82]]

 [[569  83]]

 [[568  84]]

 [[567  84]]

 [[566  84]]

 [[565  83]]

 [[564  83]]

 [[563  82]]

 [[562  83]]

 [[563  84]]

 [[562  85]]

 [[563  86]]

 [[564  87]]

 [[564  88]]

 [[563  89]]

 [[562  90]]

 [[561  89]]

 [[560  90]]

 [[559  90]]

 [[558  90]]

 [[557  90]]

 [[556  90]]

 [[555  90]]

 [[554  90]]

 [[553  89]]

 [[552  89]]

 [[551  88]]

 [[550  87]]

 [[549  86]]

 [[550  85]]

 [[551  85]]

 [[552  85]]

 [[551  84]]

 [[550  83]]

 [[550  82]]

 [[550  81]]

 [[550  80]]

 [[550  79]]

 [[550  78]]

 [[551  77]]

 [[551  76]]

 [[551  75]]

 [[552  74]]

 [[552  73]]

 [[553  72]]

 [[554  71]]

 [[555  70]]

 [[555  69]]

 [[555  68]]

 [[555  67]]

 [[555  66]]

 [[555  65]]

 [[555  64]]

 [[555  63]]

 [[555  62]]

 [[555  61]]

 [[555  60]]

 [[555  59]]

 [[555  58]]

 [[556  57]]

 [[557  56]]

 [[557  55]]

 [[558  54]]

 [[557  53]]]
