[[[  0   0]]

 [[279   2]]

 [[280   2]]

 [[281   2]]

 [[282   2]]

 [[283   2]]

 [[284   3]]

 [[285   4]]

 [[286   4]]

 [[287   4]]

 [[288   4]]

 [[289   4]]

 [[290   4]]

 [[291   4]]

 [[292   4]]

 [[293   4]]

 [[294   4]]

 [[295   5]]

 [[296   5]]

 [[297   6]]

 [[298   6]]

 [[299   7]]

 [[300   7]]

 [[301   7]]

 [[302   7]]

 [[303   7]]

 [[304   7]]

 [[305   7]]

 [[306   7]]

 [[307   7]]

 [[308   7]]

 [[309   7]]

 [[310   7]]

 [[311   7]]

 [[312   7]]

 [[313   7]]

 [[314   7]]

 [[315   8]]

 [[316   8]]

 [[317   9]]

 [[318   9]]

 [[319   9]]

 [[320   9]]

 [[321   9]]

 [[322   9]]

 [[323   9]]

 [[324   9]]

 [[325   9]]

 [[326   9]]

 [[327   9]]

 [[328   9]]

 [[329   9]]

 [[330   9]]

 [[331   9]]

 [[332   9]]

 [[333  10]]

 [[334  10]]

 [[335  10]]

 [[336   9]]

 [[336   8]]

 [[336   7]]

 [[337   6]]

 [[337   5]]

 [[337   4]]

 [[337   3]]

 [[338   2]]

 [[339   2]]

 [[340   2]]

 [[341   2]]

 [[342   2]]

 [[342   1]]

 [[341   1]]

 [[340   1]]

 [[339   1]]

 [[338   1]]

 [[337   1]]

 [[336   2]]

 [[335   3]]

 [[334   3]]

 [[333   3]]

 [[332   3]]

 [[331   3]]

 [[330   4]]

 [[329   4]]

 [[328   4]]

 [[327   4]]

 [[326   4]]

 [[325   4]]

 [[324   4]]

 [[323   3]]

 [[322   3]]

 [[321   3]]

 [[320   3]]

 [[319   3]]

 [[318   3]]

 [[317   3]]

 [[316   3]]

 [[315   3]]

 [[314   2]]

 [[313   2]]

 [[312   2]]

 [[311   2]]

 [[310   2]]

 [[309   2]]

 [[308   2]]

 [[307   2]]

 [[306   2]]

 [[305   2]]

 [[304   2]]

 [[303   2]]

 [[302   2]]

 [[301   2]]

 [[300   2]]

 [[299   2]]

 [[298   1]]

 [[297   1]]

 [[296   1]]

 [[295   1]]

 [[294   1]]

 [[293   1]]

 [[292   1]]

 [[291   1]]

 [[290   1]]

 [[289   1]]

 [[288   1]]

 [[287   1]]

 [[286   1]]

 [[285   1]]

 [[284   1]]

 [[283   1]]

 [[282   1]]

 [[281   1]]

 [[280   1]]]
[[[  0   0]]

 [[262   2]]

 [[262   3]]

 [[262   4]]

 [[262   5]]

 [[262   6]]

 [[263   7]]

 [[264   7]]

 [[265   7]]

 [[266   7]]

 [[267   7]]

 [[268   7]]

 [[269   7]]

 [[270   8]]

 [[271   7]]

 [[272   7]]

 [[273   7]]

 [[274   7]]

 [[275   8]]

 [[276   9]]

 [[276  10]]

 [[276  11]]

 [[276  12]]

 [[276  13]]

 [[277  14]]

 [[278  15]]

 [[279  15]]

 [[280  14]]

 [[281  14]]

 [[282  14]]

 [[283  14]]

 [[284  15]]

 [[285  16]]

 [[286  16]]

 [[287  17]]

 [[288  17]]

 [[289  17]]

 [[290  17]]

 [[291  17]]

 [[292  17]]

 [[293  18]]

 [[294  18]]

 [[295  18]]

 [[296  19]]

 [[297  20]]

 [[298  21]]

 [[299  21]]

 [[300  21]]

 [[301  21]]

 [[302  21]]

 [[303  21]]

 [[304  21]]

 [[305  21]]

 [[306  21]]

 [[307  21]]

 [[308  21]]

 [[309  21]]

 [[310  21]]

 [[311  21]]

 [[312  21]]

 [[313  21]]

 [[314  22]]

 [[315  22]]

 [[316  23]]

 [[317  23]]

 [[318  23]]

 [[319  23]]

 [[320  23]]

 [[321  23]]

 [[322  23]]

 [[323  23]]

 [[324  23]]

 [[325  23]]

 [[326  23]]

 [[327  23]]

 [[328  24]]

 [[329  24]]

 [[330  24]]

 [[331  24]]

 [[332  24]]

 [[333  24]]

 [[334  24]]

 [[335  24]]

 [[336  24]]

 [[337  23]]

 [[337  22]]

 [[337  21]]

 [[337  20]]

 [[337  19]]

 [[336  18]]

 [[336  17]]

 [[335  17]]

 [[334  17]]

 [[333  17]]

 [[332  17]]

 [[331  17]]

 [[330  17]]

 [[329  17]]

 [[328  17]]

 [[327  18]]

 [[326  18]]

 [[325  18]]

 [[324  18]]

 [[323  17]]

 [[322  17]]

 [[321  17]]

 [[320  17]]

 [[319  17]]

 [[318  18]]

 [[317  17]]

 [[316  17]]

 [[315  17]]

 [[314  16]]

 [[313  15]]

 [[312  15]]

 [[311  15]]

 [[310  15]]

 [[309  16]]

 [[308  16]]

 [[307  16]]

 [[306  16]]

 [[305  16]]

 [[304  16]]

 [[303  15]]

 [[302  15]]

 [[301  15]]

 [[300  15]]

 [[299  15]]

 [[298  15]]

 [[297  14]]

 [[296  13]]

 [[295  12]]

 [[294  12]]

 [[293  12]]

 [[292  12]]

 [[291  12]]

 [[290  12]]

 [[289  12]]

 [[288  12]]

 [[287  11]]

 [[286  11]]

 [[285  11]]

 [[284  10]]

 [[283  10]]

 [[282   9]]

 [[281   9]]

 [[280   9]]

 [[279   9]]

 [[278   9]]

 [[277   8]]

 [[276   7]]

 [[275   7]]

 [[274   7]]

 [[273   6]]

 [[272   6]]

 [[271   6]]

 [[270   6]]

 [[269   6]]

 [[268   5]]

 [[267   5]]

 [[266   5]]

 [[265   4]]

 [[264   3]]

 [[265   2]]

 [[265   1]]

 [[264   1]]

 [[263   1]]]
