[[[  0   0]]

 [[339  43]]

 [[340  44]]

 ..., 
 [[342  43]]

 [[341  43]]

 [[340  43]]]
[[[  0   0]]

 [[184  40]]

 [[183  40]]

 [[182  41]]

 [[182  42]]

 [[182  43]]

 [[182  44]]

 [[182  45]]

 [[181  46]]

 [[180  47]]

 [[179  48]]

 [[178  48]]

 [[177  49]]

 [[178  50]]

 [[178  51]]

 [[178  52]]

 [[177  53]]

 [[177  54]]

 [[177  55]]

 [[176  56]]

 [[176  57]]

 [[175  58]]

 [[174  59]]

 [[173  60]]

 [[173  61]]

 [[173  62]]

 [[174  63]]

 [[174  64]]

 [[174  65]]

 [[174  66]]

 [[173  67]]

 [[172  68]]

 [[171  68]]

 [[170  69]]

 [[170  70]]

 [[169  71]]

 [[168  72]]

 [[168  73]]

 [[168  74]]

 [[167  75]]

 [[167  76]]

 [[167  77]]

 [[166  78]]

 [[166  79]]

 [[165  80]]

 [[165  81]]

 [[165  82]]

 [[164  83]]

 [[163  84]]

 [[163  85]]

 [[162  86]]

 [[162  87]]

 [[162  88]]

 [[161  89]]

 [[161  90]]

 [[161  91]]

 [[160  92]]

 [[160  93]]

 [[159  94]]

 [[158  95]]

 [[157  96]]

 [[157  97]]

 [[157  98]]

 [[156  99]]

 [[155 100]]

 [[154 101]]

 [[153 102]]

 [[153 103]]

 [[152 104]]

 [[152 105]]

 [[153 106]]

 [[152 107]]

 [[152 108]]

 [[152 109]]

 [[152 110]]

 [[151 111]]

 [[150 112]]

 [[149 113]]

 [[149 114]]

 [[149 115]]

 [[148 116]]

 [[148 117]]

 [[147 118]]

 [[147 119]]

 [[146 120]]

 [[146 121]]

 [[145 122]]

 [[144 123]]

 [[144 124]]

 [[144 125]]

 [[144 126]]

 [[144 127]]

 [[144 128]]

 [[144 129]]

 [[143 130]]

 [[143 131]]

 [[142 132]]

 [[141 133]]

 [[141 134]]

 [[140 135]]

 [[140 136]]

 [[139 137]]

 [[139 138]]

 [[138 139]]

 [[138 140]]

 [[138 141]]

 [[138 142]]

 [[138 143]]

 [[138 144]]

 [[137 145]]

 [[137 146]]

 [[136 147]]

 [[136 148]]

 [[135 149]]

 [[134 150]]

 [[134 151]]

 [[133 152]]

 [[133 153]]

 [[132 154]]

 [[131 154]]

 [[131 155]]

 [[130 156]]

 [[130 157]]

 [[129 158]]

 [[129 159]]

 [[128 160]]

 [[128 161]]

 [[128 162]]

 [[128 163]]

 [[128 164]]

 [[128 165]]

 [[128 166]]

 [[128 167]]

 [[127 168]]

 [[127 169]]

 [[127 170]]

 [[127 171]]

 [[126 172]]

 [[125 173]]

 [[125 174]]

 [[125 175]]

 [[124 176]]

 [[123 177]]

 [[122 178]]

 [[122 179]]

 [[122 180]]

 [[121 181]]

 [[121 182]]

 [[120 183]]

 [[120 184]]

 [[119 185]]

 [[119 186]]

 [[119 187]]

 [[119 188]]

 [[120 189]]

 [[121 190]]

 [[120 191]]

 [[119 192]]

 [[118 192]]

 [[117 192]]

 [[116 193]]

 [[115 194]]

 [[114 194]]

 [[113 194]]

 [[112 194]]

 [[111 194]]

 [[110 194]]

 [[110 195]]

 [[109 196]]

 [[108 197]]

 [[107 197]]

 [[106 198]]

 [[107 199]]

 [[108 199]]

 [[109 199]]

 [[110 200]]

 [[111 200]]

 [[112 201]]

 [[112 202]]

 [[112 203]]

 [[112 204]]

 [[112 205]]

 [[112 206]]

 [[111 207]]

 [[110 208]]

 [[109 209]]

 [[108 210]]

 [[108 211]]

 [[107 212]]

 [[107 213]]

 [[106 214]]

 [[106 215]]

 [[106 216]]

 [[106 217]]

 [[105 218]]

 [[104 219]]

 [[104 220]]

 [[103 221]]

 [[102 222]]

 [[102 223]]

 [[103 224]]

 [[103 225]]

 [[104 226]]

 [[103 227]]

 [[102 228]]

 [[101 229]]

 [[101 230]]

 [[101 231]]

 [[100 232]]

 [[ 99 233]]

 [[ 99 234]]

 [[ 99 235]]

 [[ 99 236]]

 [[ 98 237]]

 [[ 98 238]]

 [[ 98 239]]

 [[ 98 240]]

 [[ 98 241]]

 [[ 98 242]]

 [[ 99 243]]

 [[ 99 244]]

 [[ 99 245]]

 [[ 98 246]]

 [[ 97 246]]

 [[ 96 246]]

 [[ 96 247]]

 [[ 96 248]]

 [[ 95 249]]

 [[ 95 250]]

 [[ 95 251]]

 [[ 95 252]]

 [[ 95 253]]

 [[ 95 254]]

 [[ 95 255]]

 [[ 94 256]]

 [[ 94 257]]

 [[ 93 258]]

 [[ 94 258]]

 [[ 95 258]]

 [[ 96 258]]

 [[ 97 258]]

 [[ 98 258]]

 [[ 99 258]]

 [[100 258]]

 [[101 258]]

 [[102 258]]

 [[103 257]]

 [[103 256]]

 [[103 255]]

 [[104 254]]

 [[104 253]]

 [[104 252]]

 [[104 251]]

 [[104 250]]

 [[105 249]]

 [[106 248]]

 [[106 247]]

 [[106 246]]

 [[106 245]]

 [[107 244]]

 [[108 244]]

 [[109 244]]

 [[110 243]]

 [[111 243]]

 [[111 242]]

 [[110 242]]

 [[109 241]]

 [[108 242]]

 [[107 242]]

 [[106 242]]

 [[105 241]]

 [[105 240]]

 [[105 239]]

 [[106 238]]

 [[107 239]]

 [[108 239]]

 [[109 239]]

 [[110 238]]

 [[110 237]]

 [[110 236]]

 [[110 235]]

 [[109 234]]

 [[109 233]]

 [[109 232]]

 [[109 231]]

 [[109 230]]

 [[109 229]]

 [[110 228]]

 [[111 227]]

 [[112 226]]

 [[113 226]]

 [[114 225]]

 [[115 225]]

 [[115 224]]

 [[115 223]]

 [[116 222]]

 [[116 221]]

 [[116 220]]

 [[116 219]]

 [[116 218]]

 [[116 217]]

 [[116 216]]

 [[116 215]]

 [[116 214]]

 [[116 213]]

 [[116 212]]

 [[116 211]]

 [[117 210]]

 [[117 209]]

 [[118 208]]

 [[118 207]]

 [[118 206]]

 [[119 205]]

 [[120 204]]

 [[120 203]]

 [[121 202]]

 [[121 201]]

 [[121 200]]

 [[122 199]]

 [[123 198]]

 [[123 197]]

 [[124 196]]

 [[125 195]]

 [[125 194]]

 [[125 193]]

 [[125 192]]

 [[125 191]]

 [[125 190]]

 [[125 189]]

 [[126 188]]

 [[126 187]]

 [[127 186]]

 [[127 185]]

 [[128 184]]

 [[129 183]]

 [[129 182]]

 [[130 181]]

 [[131 180]]

 [[131 179]]

 [[131 178]]

 [[131 177]]

 [[131 176]]

 [[132 175]]

 [[132 174]]

 [[133 173]]

 [[133 172]]

 [[134 171]]

 [[135 170]]

 [[135 169]]

 [[136 168]]

 [[136 167]]

 [[136 166]]

 [[136 165]]

 [[136 164]]

 [[136 163]]

 [[137 162]]

 [[137 161]]

 [[137 160]]

 [[138 159]]

 [[138 158]]

 [[139 157]]

 [[140 156]]

 [[140 155]]

 [[141 154]]

 [[141 153]]

 [[142 152]]

 [[142 151]]

 [[142 150]]

 [[142 149]]

 [[142 148]]

 [[143 147]]

 [[143 146]]

 [[143 145]]

 [[144 144]]

 [[145 143]]

 [[145 142]]

 [[145 141]]

 [[146 140]]

 [[146 139]]

 [[146 138]]

 [[146 137]]

 [[146 136]]

 [[147 135]]

 [[147 134]]

 [[148 133]]

 [[148 132]]

 [[148 131]]

 [[149 130]]

 [[149 129]]

 [[150 128]]

 [[150 127]]

 [[150 126]]

 [[151 125]]

 [[151 124]]

 [[152 123]]

 [[153 122]]

 [[153 121]]

 [[154 120]]

 [[154 119]]

 [[154 118]]

 [[155 117]]

 [[155 116]]

 [[155 115]]

 [[155 114]]

 [[156 113]]

 [[156 112]]

 [[157 111]]

 [[157 110]]

 [[158 109]]

 [[158 108]]

 [[158 107]]

 [[159 106]]

 [[159 105]]

 [[159 104]]

 [[159 103]]

 [[159 102]]

 [[160 101]]

 [[160 100]]

 [[160  99]]

 [[161  98]]

 [[162  97]]

 [[163  96]]

 [[164  96]]

 [[165  95]]

 [[165  94]]

 [[166  93]]

 [[166  92]]

 [[167  91]]

 [[167  90]]

 [[167  89]]

 [[168  88]]

 [[169  87]]

 [[169  86]]

 [[170  85]]

 [[171  84]]

 [[172  83]]

 [[173  82]]

 [[173  81]]

 [[173  80]]

 [[173  79]]

 [[172  78]]

 [[172  77]]

 [[172  76]]

 [[172  75]]

 [[172  74]]

 [[173  73]]

 [[173  72]]

 [[174  71]]

 [[175  70]]

 [[176  69]]

 [[177  68]]

 [[178  68]]

 [[178  67]]

 [[179  66]]

 [[179  65]]

 [[180  64]]

 [[181  63]]

 [[181  62]]

 [[180  61]]

 [[180  60]]

 [[180  59]]

 [[180  58]]

 [[181  57]]

 [[181  56]]

 [[182  55]]

 [[182  54]]

 [[183  53]]

 [[183  52]]

 [[184  51]]

 [[184  50]]

 [[185  49]]

 [[185  48]]

 [[186  47]]

 [[187  46]]

 [[188  46]]

 [[189  45]]

 [[190  44]]

 [[190  43]]

 [[190  42]]

 [[191  41]]

 [[191  40]]

 [[190  39]]

 [[189  39]]

 [[188  39]]

 [[187  39]]

 [[186  39]]]
