[[[  0   0]]

 [[152 128]]

 [[151 128]]

 [[150 129]]

 [[149 130]]

 [[148 131]]

 [[147 132]]

 [[146 132]]

 [[145 132]]

 [[144 133]]

 [[143 133]]

 [[142 133]]

 [[141 133]]

 [[140 134]]

 [[139 134]]

 [[138 134]]

 [[138 135]]

 [[137 136]]

 [[136 137]]

 [[135 137]]

 [[134 137]]

 [[133 136]]

 [[132 136]]

 [[131 136]]

 [[130 136]]

 [[129 136]]

 [[128 136]]

 [[128 137]]

 [[128 138]]

 [[128 139]]

 [[128 140]]

 [[127 141]]

 [[126 142]]

 [[125 142]]

 [[124 142]]

 [[123 143]]

 [[123 144]]

 [[123 145]]

 [[123 146]]

 [[123 147]]

 [[122 148]]

 [[122 149]]

 [[122 150]]

 [[121 151]]

 [[121 152]]

 [[121 153]]

 [[120 154]]

 [[120 155]]

 [[119 156]]

 [[119 157]]

 [[119 158]]

 [[119 159]]

 [[120 160]]

 [[120 161]]

 [[120 162]]

 [[120 163]]

 [[119 164]]

 [[118 165]]

 [[117 165]]

 [[116 165]]

 [[115 165]]

 [[114 166]]

 [[114 167]]

 [[114 168]]

 [[114 169]]

 [[113 170]]

 [[113 171]]

 [[113 172]]

 [[114 173]]

 [[113 174]]

 [[112 175]]

 [[112 176]]

 [[111 177]]

 [[110 178]]

 [[109 179]]

 [[109 180]]

 [[109 181]]

 [[110 182]]

 [[111 183]]

 [[112 184]]

 [[113 184]]

 [[114 184]]

 [[115 183]]

 [[115 182]]

 [[115 181]]

 [[116 180]]

 [[116 179]]

 [[116 178]]

 [[117 177]]

 [[118 176]]

 [[119 176]]

 [[120 177]]

 [[121 178]]

 [[122 179]]

 [[122 180]]

 [[122 181]]

 [[122 182]]

 [[121 183]]

 [[121 184]]

 [[121 185]]

 [[120 186]]

 [[119 185]]

 [[120 186]]

 [[119 187]]

 [[119 188]]

 [[118 189]]

 [[117 190]]

 [[116 191]]

 [[115 192]]

 [[114 192]]

 [[113 191]]

 [[112 192]]

 [[112 193]]

 [[112 194]]

 [[112 195]]

 [[111 196]]

 [[111 197]]

 [[110 198]]

 [[111 199]]

 [[111 200]]

 [[110 201]]

 [[109 202]]

 [[108 201]]

 [[107 202]]

 [[107 203]]

 [[107 204]]

 [[108 205]]

 [[108 206]]

 [[108 207]]

 [[108 208]]

 [[108 209]]

 [[107 210]]

 [[107 211]]

 [[108 212]]

 [[108 213]]

 [[108 214]]

 [[108 215]]

 [[108 216]]

 [[108 217]]

 [[109 218]]

 [[110 219]]

 [[110 220]]

 [[110 221]]

 [[109 222]]

 [[109 223]]

 [[109 224]]

 [[108 225]]

 [[107 226]]

 [[107 227]]

 [[106 228]]

 [[106 229]]

 [[106 230]]

 [[106 231]]

 [[106 232]]

 [[106 233]]

 [[106 234]]

 [[106 235]]

 [[106 236]]

 [[106 237]]

 [[106 238]]

 [[106 239]]

 [[106 240]]

 [[106 241]]

 [[106 242]]

 [[107 243]]

 [[107 244]]

 [[107 245]]

 [[108 246]]

 [[108 247]]

 [[108 248]]

 [[109 249]]

 [[110 249]]

 [[111 248]]

 [[112 248]]

 [[113 247]]

 [[114 247]]

 [[115 246]]

 [[116 246]]

 [[117 247]]

 [[117 248]]

 [[117 249]]

 [[118 250]]

 [[118 251]]

 [[119 252]]

 [[119 253]]

 [[119 254]]

 [[119 255]]

 [[119 256]]

 [[120 257]]

 [[120 258]]

 [[121 258]]

 [[122 258]]

 [[123 258]]

 [[124 257]]

 [[124 256]]

 [[124 255]]

 [[124 254]]

 [[124 253]]

 [[124 252]]

 [[125 251]]

 [[124 250]]

 [[124 249]]

 [[124 248]]

 [[123 247]]

 [[123 246]]

 [[122 245]]

 [[123 244]]

 [[123 243]]

 [[124 242]]

 [[124 241]]

 [[124 240]]

 [[124 239]]

 [[125 238]]

 [[125 237]]

 [[125 236]]

 [[124 235]]

 [[123 234]]

 [[122 234]]

 [[121 233]]

 [[121 234]]

 [[121 235]]

 [[120 236]]

 [[119 236]]

 [[119 237]]

 [[119 238]]

 [[119 239]]

 [[120 240]]

 [[120 241]]

 [[120 242]]

 [[120 243]]

 [[120 244]]

 [[119 245]]

 [[118 245]]

 [[117 246]]

 [[116 245]]

 [[116 244]]

 [[115 243]]

 [[115 242]]

 [[115 241]]

 [[115 240]]

 [[115 239]]

 [[114 238]]

 [[113 237]]

 [[113 236]]

 [[113 235]]

 [[113 234]]

 [[113 233]]

 [[113 232]]

 [[113 231]]

 [[113 230]]

 [[113 229]]

 [[113 228]]

 [[113 227]]

 [[113 226]]

 [[113 225]]

 [[114 224]]

 [[115 224]]

 [[116 223]]

 [[117 223]]

 [[118 224]]

 [[118 225]]

 [[119 226]]

 [[119 227]]

 [[119 228]]

 [[119 229]]

 [[120 230]]

 [[121 231]]

 [[120 230]]

 [[121 229]]

 [[121 228]]

 [[121 227]]

 [[121 226]]

 [[122 225]]

 [[122 224]]

 [[123 223]]

 [[123 222]]

 [[123 221]]

 [[124 220]]

 [[124 219]]

 [[124 218]]

 [[124 217]]

 [[124 216]]

 [[123 215]]

 [[123 214]]

 [[123 213]]

 [[123 212]]

 [[122 211]]

 [[121 210]]

 [[121 209]]

 [[121 208]]

 [[121 207]]

 [[121 206]]

 [[121 205]]

 [[120 204]]

 [[120 203]]

 [[120 202]]

 [[121 201]]

 [[121 200]]

 [[121 199]]

 [[121 198]]

 [[121 197]]

 [[121 196]]

 [[121 195]]

 [[122 194]]

 [[123 194]]

 [[124 193]]

 [[125 193]]

 [[126 193]]

 [[127 193]]

 [[128 193]]

 [[128 192]]

 [[128 191]]

 [[128 190]]

 [[129 189]]

 [[128 188]]

 [[127 187]]

 [[127 186]]

 [[127 185]]

 [[127 184]]

 [[127 183]]

 [[128 182]]

 [[128 181]]

 [[128 180]]

 [[129 179]]

 [[130 179]]

 [[131 179]]

 [[131 178]]

 [[131 177]]

 [[131 176]]

 [[131 175]]

 [[130 175]]

 [[129 175]]

 [[128 176]]

 [[127 175]]

 [[126 175]]

 [[125 174]]

 [[124 173]]

 [[124 172]]

 [[124 171]]

 [[125 170]]

 [[126 170]]

 [[127 169]]

 [[128 168]]

 [[128 167]]

 [[129 166]]

 [[129 165]]

 [[130 164]]

 [[131 163]]

 [[131 162]]

 [[131 161]]

 [[131 160]]

 [[131 159]]

 [[131 158]]

 [[131 157]]

 [[130 156]]

 [[130 155]]

 [[130 154]]

 [[130 153]]

 [[130 152]]

 [[131 151]]

 [[131 150]]

 [[132 149]]

 [[133 148]]

 [[134 147]]

 [[135 146]]

 [[136 145]]

 [[137 144]]

 [[137 143]]

 [[138 142]]

 [[139 141]]

 [[140 140]]

 [[141 140]]

 [[142 139]]

 [[143 139]]

 [[143 138]]

 [[144 137]]

 [[145 136]]

 [[146 135]]

 [[147 134]]

 [[148 133]]

 [[149 133]]

 [[150 132]]

 [[151 132]]

 [[152 132]]

 [[153 132]]

 [[154 131]]

 [[155 131]]

 [[156 131]]

 [[156 130]]

 [[156 129]]

 [[155 128]]

 [[155 127]]

 [[154 127]]]
