[[[  0   0]]

 [[581 170]]

 [[581 171]]

 [[581 172]]

 [[580 173]]

 [[580 174]]

 [[580 175]]

 [[579 176]]

 [[579 177]]

 [[579 178]]

 [[579 179]]

 [[579 180]]

 [[579 181]]

 [[578 182]]

 [[578 183]]

 [[578 184]]

 [[578 185]]

 [[578 186]]

 [[578 187]]

 [[578 188]]

 [[578 189]]

 [[577 190]]

 [[576 191]]

 [[576 192]]

 [[575 193]]

 [[574 194]]

 [[574 195]]

 [[574 196]]

 [[575 197]]

 [[575 198]]

 [[576 199]]

 [[576 200]]

 [[577 201]]

 [[578 202]]

 [[579 203]]

 [[580 204]]

 [[581 205]]

 [[582 206]]

 [[583 207]]

 [[584 208]]

 [[585 208]]

 [[586 209]]

 [[587 209]]

 [[588 210]]

 [[589 210]]

 [[590 211]]

 [[591 211]]

 [[592 211]]

 [[593 212]]

 [[594 213]]

 [[595 213]]

 [[596 214]]

 [[597 214]]

 [[598 214]]

 [[599 215]]

 [[600 215]]

 [[601 216]]

 [[602 216]]

 [[603 216]]

 [[604 217]]

 [[605 217]]

 [[606 217]]

 [[607 218]]

 [[608 218]]

 [[609 218]]

 [[610 219]]

 [[611 219]]

 [[612 219]]

 [[613 219]]

 [[614 220]]

 [[615 220]]

 [[616 220]]

 [[617 221]]

 [[618 221]]

 [[619 221]]

 [[620 221]]

 [[621 221]]

 [[622 221]]

 [[623 221]]

 [[624 222]]

 [[625 222]]

 [[626 222]]

 [[627 222]]

 [[628 222]]

 [[629 222]]

 [[630 222]]

 [[631 222]]

 [[632 221]]

 [[633 221]]

 [[634 221]]

 [[635 221]]

 [[636 221]]

 [[637 221]]

 [[638 221]]

 [[638 220]]

 [[638 219]]

 [[638 218]]

 [[638 217]]

 [[638 216]]

 [[638 215]]

 [[637 215]]

 [[636 215]]

 [[635 215]]

 [[634 215]]

 [[633 215]]

 [[632 215]]

 [[631 215]]

 [[630 215]]

 [[629 215]]

 [[628 215]]

 [[627 215]]

 [[626 215]]

 [[625 215]]

 [[624 215]]

 [[623 214]]

 [[622 213]]

 [[621 213]]

 [[620 213]]

 [[619 213]]

 [[618 213]]

 [[617 213]]

 [[616 212]]

 [[615 212]]

 [[614 211]]

 [[613 211]]

 [[612 210]]

 [[611 210]]

 [[610 210]]

 [[609 210]]

 [[608 210]]

 [[607 210]]

 [[606 210]]

 [[605 209]]

 [[604 209]]

 [[603 208]]

 [[602 208]]

 [[601 208]]

 [[600 207]]

 [[599 207]]

 [[598 206]]

 [[597 205]]

 [[596 204]]

 [[595 203]]

 [[594 202]]

 [[593 202]]

 [[592 201]]

 [[591 201]]

 [[590 200]]

 [[589 200]]

 [[588 200]]

 [[587 199]]

 [[586 199]]

 [[585 198]]

 [[584 197]]

 [[583 196]]

 [[583 195]]

 [[583 194]]

 [[584 193]]

 [[585 192]]

 [[586 192]]

 [[587 192]]

 [[588 192]]

 [[589 192]]

 [[590 191]]

 [[591 191]]

 [[592 190]]

 [[593 191]]

 [[594 191]]

 [[595 192]]

 [[596 192]]

 [[597 192]]

 [[598 193]]

 [[599 194]]

 [[600 194]]

 [[601 195]]

 [[602 195]]

 [[603 196]]

 [[604 196]]

 [[605 196]]

 [[606 196]]

 [[607 197]]

 [[608 198]]

 [[609 198]]

 [[610 198]]

 [[611 199]]

 [[612 199]]

 [[613 199]]

 [[614 199]]

 [[615 200]]

 [[616 200]]

 [[617 200]]

 [[618 201]]

 [[619 201]]

 [[620 201]]

 [[621 201]]

 [[622 202]]

 [[623 202]]

 [[624 202]]

 [[625 202]]

 [[626 202]]

 [[627 203]]

 [[628 202]]

 [[629 202]]

 [[630 203]]

 [[631 203]]

 [[632 203]]

 [[633 203]]

 [[634 203]]

 [[635 203]]

 [[636 203]]

 [[637 203]]

 [[638 203]]

 [[638 202]]

 [[638 201]]

 [[638 200]]

 [[638 199]]

 [[638 198]]

 [[638 197]]

 [[638 196]]

 [[637 196]]

 [[636 196]]

 [[635 196]]

 [[634 196]]

 [[633 196]]

 [[632 196]]

 [[631 196]]

 [[630 195]]

 [[629 195]]

 [[628 195]]

 [[627 195]]

 [[626 195]]

 [[625 195]]

 [[624 194]]

 [[623 194]]

 [[622 194]]

 [[621 193]]

 [[620 193]]

 [[619 193]]

 [[618 193]]

 [[617 192]]

 [[616 192]]

 [[615 192]]

 [[614 191]]

 [[613 191]]

 [[612 190]]

 [[611 190]]

 [[610 190]]

 [[609 190]]

 [[608 189]]

 [[607 189]]

 [[606 189]]

 [[605 189]]

 [[604 188]]

 [[603 188]]

 [[602 187]]

 [[601 187]]

 [[600 187]]

 [[599 186]]

 [[598 185]]

 [[597 185]]

 [[596 185]]

 [[595 184]]

 [[594 183]]

 [[593 183]]

 [[592 182]]

 [[591 181]]

 [[590 181]]

 [[589 180]]

 [[588 180]]

 [[587 179]]

 [[586 178]]

 [[586 177]]

 [[585 176]]

 [[584 175]]

 [[583 174]]

 [[583 173]]

 [[582 172]]

 [[582 171]]

 [[581 170]]]
[[[  0   0]]

 [[591 147]]

 [[590 148]]

 [[590 149]]

 [[591 150]]

 [[592 151]]

 [[593 152]]

 [[594 153]]

 [[595 154]]

 [[596 154]]

 [[597 154]]

 [[598 154]]

 [[599 154]]

 [[600 153]]

 [[601 153]]

 [[602 153]]

 [[603 152]]

 [[604 152]]

 [[605 152]]

 [[606 152]]

 [[607 152]]

 [[608 152]]

 [[609 152]]

 [[610 152]]

 [[611 153]]

 [[612 153]]

 [[613 154]]

 [[614 155]]

 [[615 155]]

 [[616 156]]

 [[617 156]]

 [[618 157]]

 [[619 157]]

 [[620 157]]

 [[621 157]]

 [[622 157]]

 [[623 157]]

 [[624 158]]

 [[625 158]]

 [[626 159]]

 [[627 158]]

 [[628 158]]

 [[629 158]]

 [[630 159]]

 [[631 160]]

 [[632 160]]

 [[633 161]]

 [[634 161]]

 [[635 161]]

 [[636 160]]

 [[637 160]]

 [[638 160]]

 [[638 159]]

 [[638 158]]

 [[638 157]]

 [[638 156]]

 [[638 155]]

 [[637 155]]

 [[636 155]]

 [[635 155]]

 [[634 155]]

 [[633 155]]

 [[632 154]]

 [[631 154]]

 [[630 153]]

 [[629 153]]

 [[628 152]]

 [[627 152]]

 [[626 151]]

 [[626 150]]

 [[625 150]]

 [[624 149]]

 [[623 149]]

 [[622 149]]

 [[621 149]]

 [[620 149]]

 [[619 149]]

 [[618 149]]

 [[617 149]]

 [[616 149]]

 [[615 148]]

 [[614 148]]

 [[613 148]]

 [[612 148]]

 [[611 148]]

 [[610 148]]

 [[609 148]]

 [[608 148]]

 [[607 147]]

 [[606 147]]

 [[605 147]]

 [[604 147]]

 [[603 147]]

 [[602 147]]

 [[601 147]]

 [[600 147]]

 [[599 147]]

 [[598 147]]

 [[597 147]]

 [[596 147]]

 [[595 147]]

 [[594 146]]

 [[593 146]]]
[[[  0   0]]

 [[273  57]]

 [[274  58]]

 ..., 
 [[270  60]]

 [[270  59]]

 [[271  58]]]
[[[  0   0]]

 [[509   4]]

 [[509   5]]

 [[509   6]]

 [[510   7]]

 [[510   8]]

 [[510   9]]

 [[510  10]]

 [[511  10]]

 [[512  10]]

 [[513  10]]

 [[514   9]]

 [[515   8]]

 [[516   8]]

 [[517   8]]

 [[518   8]]

 [[519   8]]

 [[520   9]]

 [[520  10]]

 [[521  11]]

 [[522  11]]

 [[523  11]]

 [[524  11]]

 [[525  11]]

 [[526  11]]

 [[527  11]]

 [[528  11]]

 [[529  10]]

 [[530  10]]

 [[531  10]]

 [[532  10]]

 [[533  10]]

 [[534  10]]

 [[535  11]]

 [[536  11]]

 [[537  11]]

 [[538  12]]

 [[539  13]]

 [[540  14]]

 [[541  15]]

 [[542  15]]

 [[543  15]]

 [[544  15]]

 [[545  15]]

 [[546  15]]

 [[547  15]]

 [[548  15]]

 [[549  15]]

 [[550  15]]

 [[551  15]]

 [[552  16]]

 [[552  17]]

 [[552  18]]

 [[553  19]]

 [[553  20]]

 [[554  20]]

 [[555  20]]

 [[556  21]]

 [[557  21]]

 [[558  21]]

 [[559  20]]

 [[560  20]]

 [[561  20]]

 [[562  21]]

 [[563  21]]

 [[564  21]]

 [[565  21]]

 [[566  21]]

 [[567  20]]

 [[568  20]]

 [[569  19]]

 [[570  19]]

 [[571  20]]

 [[572  20]]

 [[573  20]]

 [[574  21]]

 [[575  21]]

 [[576  21]]

 [[577  21]]

 [[578  21]]

 [[579  21]]

 [[580  20]]

 [[581  20]]

 [[582  20]]

 [[583  20]]

 [[584  20]]

 [[583  20]]

 [[582  19]]

 [[581  19]]

 [[580  19]]

 [[579  19]]

 [[578  19]]

 [[577  19]]

 [[576  19]]

 [[575  19]]

 [[574  19]]

 [[573  19]]

 [[572  18]]

 [[571  19]]

 [[570  18]]

 [[569  17]]

 [[568  16]]

 [[569  15]]

 [[570  15]]

 [[571  15]]

 [[570  14]]

 [[569  13]]

 [[568  12]]

 [[567  11]]

 [[566  12]]

 [[565  13]]

 [[564  13]]

 [[563  12]]

 [[562  12]]

 [[561  11]]

 [[560  12]]

 [[560  13]]

 [[559  14]]

 [[559  15]]

 [[560  16]]

 [[560  17]]

 [[559  18]]

 [[558  19]]

 [[557  18]]

 [[556  18]]

 [[555  17]]

 [[555  16]]

 [[554  15]]

 [[554  14]]

 [[553  14]]

 [[552  14]]

 [[551  14]]

 [[550  14]]

 [[549  14]]

 [[548  13]]

 [[547  12]]

 [[546  11]]

 [[545  10]]

 [[544   9]]

 [[543   9]]

 [[542   8]]

 [[541   8]]

 [[540   8]]

 [[539   8]]

 [[538   8]]

 [[537   8]]

 [[536   8]]

 [[535   9]]

 [[534   9]]

 [[533   9]]

 [[532   9]]

 [[531   9]]

 [[530   9]]

 [[529   9]]

 [[528   8]]

 [[527   8]]

 [[526   7]]

 [[525   7]]

 [[524   7]]

 [[523   6]]

 [[522   6]]

 [[521   6]]

 [[520   6]]

 [[519   7]]

 [[518   7]]

 [[517   7]]

 [[516   7]]

 [[515   7]]

 [[514   7]]

 [[513   7]]

 [[512   6]]

 [[511   5]]

 [[510   4]]

 [[510   3]]]
