[[[  0   0]]

 [[115 138]]

 [[114 139]]

 [[113 139]]

 [[112 139]]

 [[111 139]]

 [[110 139]]

 [[109 140]]

 [[108 141]]

 [[107 142]]

 [[107 143]]

 [[107 144]]

 [[108 145]]

 [[107 146]]

 [[106 146]]

 [[105 146]]

 [[104 146]]

 [[103 146]]

 [[102 146]]

 [[101 146]]

 [[100 147]]

 [[ 99 147]]

 [[ 98 148]]

 [[ 97 148]]

 [[ 96 149]]

 [[ 95 150]]

 [[ 94 150]]

 [[ 93 150]]

 [[ 92 151]]

 [[ 91 152]]

 [[ 90 153]]

 [[ 89 154]]

 [[ 88 155]]

 [[ 87 156]]

 [[ 86 157]]

 [[ 85 157]]

 [[ 84 157]]

 [[ 83 157]]

 [[ 82 157]]

 [[ 81 158]]

 [[ 80 158]]

 [[ 79 158]]

 [[ 78 159]]

 [[ 77 160]]

 [[ 76 160]]

 [[ 75 161]]

 [[ 74 162]]

 [[ 73 163]]

 [[ 72 164]]

 [[ 71 164]]

 [[ 70 165]]

 [[ 69 165]]

 [[ 69 166]]

 [[ 69 167]]

 [[ 68 168]]

 [[ 67 169]]

 [[ 66 170]]

 [[ 65 170]]

 [[ 64 170]]

 [[ 63 170]]

 [[ 62 171]]

 [[ 61 172]]

 [[ 61 173]]

 [[ 61 174]]

 [[ 60 175]]

 [[ 60 176]]

 [[ 60 177]]

 [[ 59 178]]

 [[ 58 178]]

 [[ 57 177]]

 [[ 56 177]]

 [[ 55 178]]

 [[ 54 178]]

 [[ 53 179]]

 [[ 52 179]]

 [[ 51 180]]

 [[ 50 181]]

 [[ 49 182]]

 [[ 48 182]]

 [[ 47 182]]

 [[ 46 183]]

 [[ 45 184]]

 [[ 44 184]]

 [[ 43 184]]

 [[ 43 185]]

 [[ 42 186]]

 [[ 42 187]]

 [[ 41 188]]

 [[ 40 188]]

 [[ 39 189]]

 [[ 38 190]]

 [[ 39 191]]

 [[ 39 192]]

 [[ 38 193]]

 [[ 37 194]]

 [[ 36 194]]

 [[ 35 194]]

 [[ 34 195]]

 [[ 33 196]]

 [[ 32 196]]

 [[ 31 197]]

 [[ 30 198]]

 [[ 30 199]]

 [[ 29 200]]

 [[ 28 200]]

 [[ 27 201]]

 [[ 27 202]]

 [[ 26 203]]

 [[ 25 203]]

 [[ 24 204]]

 [[ 23 204]]

 [[ 22 204]]

 [[ 21 204]]

 [[ 20 204]]

 [[ 19 204]]

 [[ 18 204]]

 [[ 17 205]]

 [[ 16 206]]

 [[ 15 207]]

 [[ 15 208]]

 [[ 14 209]]

 [[ 13 210]]

 [[ 12 210]]

 [[ 11 211]]

 [[ 10 212]]

 [[  9 213]]

 [[  8 213]]

 [[  7 214]]

 [[  6 213]]

 [[  5 214]]

 [[  4 214]]

 [[  4 215]]

 [[  4 216]]

 [[  4 217]]

 [[  3 218]]

 [[  3 219]]

 [[  3 220]]

 [[  3 221]]

 [[  2 222]]

 [[  1 223]]

 [[  1 224]]

 [[  1 225]]

 [[  1 226]]

 [[  1 227]]

 [[  1 228]]

 [[  1 229]]

 [[  1 230]]

 [[  1 231]]

 [[  1 232]]

 [[  1 233]]

 [[  1 232]]

 [[  2 231]]

 [[  3 230]]

 [[  4 230]]

 [[  5 230]]

 [[  6 229]]

 [[  6 228]]

 [[  6 227]]

 [[  6 226]]

 [[  7 225]]

 [[  7 224]]

 [[  7 223]]

 [[  7 222]]

 [[  7 221]]

 [[  8 220]]

 [[  9 220]]

 [[ 10 220]]

 [[ 11 220]]

 [[ 12 220]]

 [[ 13 220]]

 [[ 14 220]]

 [[ 15 219]]

 [[ 15 218]]

 [[ 14 217]]

 [[ 13 216]]

 [[ 14 215]]

 [[ 15 214]]

 [[ 16 214]]

 [[ 17 214]]

 [[ 18 214]]

 [[ 19 214]]

 [[ 20 214]]

 [[ 21 213]]

 [[ 22 213]]

 [[ 23 212]]

 [[ 24 211]]

 [[ 25 211]]

 [[ 24 211]]

 [[ 23 210]]

 [[ 23 209]]

 [[ 24 208]]

 [[ 25 208]]

 [[ 26 208]]

 [[ 27 207]]

 [[ 28 207]]

 [[ 29 206]]

 [[ 30 206]]

 [[ 31 205]]

 [[ 32 204]]

 [[ 33 203]]

 [[ 34 202]]

 [[ 35 201]]

 [[ 36 200]]

 [[ 37 200]]

 [[ 38 199]]

 [[ 38 198]]

 [[ 39 197]]

 [[ 40 196]]

 [[ 40 195]]

 [[ 41 194]]

 [[ 42 193]]

 [[ 43 193]]

 [[ 44 193]]

 [[ 45 192]]

 [[ 46 192]]

 [[ 47 191]]

 [[ 48 190]]

 [[ 48 189]]

 [[ 49 188]]

 [[ 50 187]]

 [[ 51 186]]

 [[ 52 185]]

 [[ 53 184]]

 [[ 54 184]]

 [[ 55 184]]

 [[ 56 184]]

 [[ 57 183]]

 [[ 58 182]]

 [[ 59 181]]

 [[ 59 180]]

 [[ 60 179]]

 [[ 61 179]]

 [[ 62 179]]

 [[ 63 179]]

 [[ 64 179]]

 [[ 65 178]]

 [[ 65 177]]

 [[ 65 176]]

 [[ 65 175]]

 [[ 66 174]]

 [[ 66 173]]

 [[ 67 172]]

 [[ 68 172]]

 [[ 69 171]]

 [[ 70 171]]

 [[ 71 170]]

 [[ 72 169]]

 [[ 73 168]]

 [[ 74 167]]

 [[ 75 167]]

 [[ 76 167]]

 [[ 77 167]]

 [[ 78 167]]

 [[ 79 167]]

 [[ 80 167]]

 [[ 81 167]]

 [[ 82 166]]

 [[ 82 165]]

 [[ 82 164]]

 [[ 83 163]]

 [[ 84 162]]

 [[ 85 162]]

 [[ 86 162]]

 [[ 87 162]]

 [[ 88 161]]

 [[ 89 160]]

 [[ 90 160]]

 [[ 90 159]]

 [[ 91 158]]

 [[ 92 158]]

 [[ 93 158]]

 [[ 94 158]]

 [[ 95 157]]

 [[ 96 156]]

 [[ 97 156]]

 [[ 98 156]]

 [[ 99 155]]

 [[ 99 154]]

 [[100 153]]

 [[101 152]]

 [[102 151]]

 [[103 151]]

 [[104 150]]

 [[105 150]]

 [[106 150]]

 [[107 149]]

 [[108 149]]

 [[109 148]]

 [[110 148]]

 [[111 147]]

 [[112 147]]

 [[113 146]]

 [[113 145]]

 [[112 144]]

 [[112 143]]

 [[113 142]]

 [[113 141]]

 [[113 140]]

 [[114 139]]

 [[115 139]]

 [[116 139]]

 [[116 138]]]
