[[[  0   0]]

 [[577 109]]

 [[576 110]]

 [[575 110]]

 [[574 111]]

 [[574 112]]

 [[574 113]]

 [[574 114]]

 [[574 115]]

 [[574 116]]

 [[574 117]]

 [[574 118]]

 [[574 119]]

 [[574 120]]

 [[574 121]]

 [[574 122]]

 [[574 123]]

 [[574 124]]

 [[574 125]]

 [[574 126]]

 [[575 127]]

 [[576 128]]

 [[576 129]]

 [[577 130]]

 [[578 131]]

 [[579 132]]

 [[580 132]]

 [[581 133]]

 [[582 133]]

 [[583 134]]

 [[584 134]]

 [[585 134]]

 [[586 135]]

 [[587 135]]

 [[588 135]]

 [[589 135]]

 [[590 135]]

 [[591 135]]

 [[592 136]]

 [[593 136]]

 [[594 136]]

 [[595 137]]

 [[596 137]]

 [[597 137]]

 [[598 138]]

 [[599 138]]

 [[600 138]]

 [[601 138]]

 [[602 139]]

 [[603 139]]

 [[604 139]]

 [[605 139]]

 [[606 140]]

 [[607 140]]

 [[608 141]]

 [[609 141]]

 [[610 141]]

 [[611 141]]

 [[612 141]]

 [[613 141]]

 [[614 141]]

 [[615 142]]

 [[615 143]]

 [[615 144]]

 [[614 145]]

 [[613 145]]

 [[612 145]]

 [[611 146]]

 [[612 147]]

 [[613 146]]

 [[614 146]]

 [[615 145]]

 [[615 144]]

 [[615 143]]

 [[615 142]]

 [[615 141]]

 [[615 140]]

 [[616 139]]

 [[616 138]]

 [[616 137]]

 [[617 136]]

 [[617 135]]

 [[617 134]]

 [[618 133]]

 [[618 132]]

 [[619 131]]

 [[619 130]]

 [[618 130]]

 [[617 130]]

 [[616 130]]

 [[615 131]]

 [[614 132]]

 [[613 132]]

 [[612 132]]

 [[611 132]]

 [[610 132]]

 [[609 132]]

 [[608 131]]

 [[607 130]]

 [[606 130]]

 [[605 130]]

 [[604 130]]

 [[603 130]]

 [[602 129]]

 [[601 129]]

 [[600 129]]

 [[599 129]]

 [[598 129]]

 [[597 128]]

 [[596 128]]

 [[595 128]]

 [[594 128]]

 [[593 128]]

 [[592 127]]

 [[591 127]]

 [[590 126]]

 [[589 126]]

 [[588 126]]

 [[587 126]]

 [[586 126]]

 [[585 125]]

 [[584 125]]

 [[583 124]]

 [[582 124]]

 [[581 123]]

 [[580 122]]

 [[579 121]]

 [[579 120]]

 [[578 119]]

 [[578 118]]

 [[577 117]]

 [[577 116]]

 [[576 115]]

 [[576 114]]

 [[576 113]]

 [[576 112]]

 [[576 111]]

 [[577 110]]

 [[577 109]]]
[[[  0   0]]

 [[512 105]]

 [[512 106]]

 [[512 107]]

 [[511 108]]

 [[511 109]]

 [[510 110]]

 [[510 111]]

 [[510 112]]

 [[510 113]]

 [[511 114]]

 [[512 114]]

 [[513 115]]

 [[514 116]]

 [[515 117]]

 [[516 118]]

 [[517 118]]

 [[518 119]]

 [[519 119]]

 [[520 120]]

 [[521 120]]

 [[522 120]]

 [[523 121]]

 [[524 121]]

 [[525 122]]

 [[526 122]]

 [[527 123]]

 [[528 123]]

 [[529 123]]

 [[530 123]]

 [[531 123]]

 [[532 124]]

 [[533 124]]

 [[534 124]]

 [[535 124]]

 [[536 124]]

 [[537 125]]

 [[538 125]]

 [[539 125]]

 [[540 125]]

 [[541 125]]

 [[542 126]]

 [[543 126]]

 [[544 126]]

 [[545 126]]

 [[546 126]]

 [[547 126]]

 [[548 126]]

 [[549 125]]

 [[550 125]]

 [[551 125]]

 [[552 125]]

 [[553 125]]

 [[554 126]]

 [[555 127]]

 [[555 128]]

 [[554 129]]

 [[554 130]]

 [[555 130]]

 [[556 129]]

 [[555 128]]

 [[555 127]]

 [[556 126]]

 [[556 125]]

 [[556 124]]

 [[557 123]]

 [[557 122]]

 [[557 121]]

 [[557 120]]

 [[557 119]]

 [[557 118]]

 [[557 117]]

 [[557 116]]

 [[557 115]]

 [[556 115]]

 [[555 115]]

 [[554 116]]

 [[553 116]]

 [[552 117]]

 [[551 117]]

 [[550 117]]

 [[549 117]]

 [[548 117]]

 [[547 117]]

 [[546 117]]

 [[545 117]]

 [[544 117]]

 [[543 117]]

 [[542 117]]

 [[541 117]]

 [[540 117]]

 [[539 116]]

 [[538 116]]

 [[537 116]]

 [[536 115]]

 [[535 115]]

 [[534 115]]

 [[533 115]]

 [[532 115]]

 [[531 115]]

 [[530 115]]

 [[529 115]]

 [[528 114]]

 [[527 113]]

 [[526 112]]

 [[525 112]]

 [[524 112]]

 [[523 112]]

 [[522 112]]

 [[521 112]]

 [[520 111]]

 [[519 111]]

 [[518 110]]

 [[517 109]]

 [[516 109]]

 [[515 108]]

 [[514 107]]

 [[514 106]]

 [[513 105]]]
[[[  0   0]]

 [[458 102]]

 [[457 103]]

 [[457 104]]

 [[458 105]]

 [[458 106]]

 [[459 107]]

 [[459 108]]

 [[459 109]]

 [[460 110]]

 [[460 111]]

 [[460 112]]

 [[461 113]]

 [[462 114]]

 [[463 114]]

 [[464 114]]

 [[465 114]]

 [[466 114]]

 [[467 114]]

 [[468 114]]

 [[469 115]]

 [[470 115]]

 [[471 115]]

 [[472 116]]

 [[473 116]]

 [[474 116]]

 [[475 116]]

 [[476 116]]

 [[477 116]]

 [[478 117]]

 [[479 117]]

 [[480 117]]

 [[481 117]]

 [[482 118]]

 [[483 118]]

 [[484 118]]

 [[485 118]]

 [[486 118]]

 [[487 118]]

 [[488 118]]

 [[489 118]]

 [[490 118]]

 [[491 118]]

 [[492 118]]

 [[493 118]]

 [[494 118]]

 [[495 118]]

 [[496 118]]

 [[497 118]]

 [[498 117]]

 [[499 117]]

 [[500 116]]

 [[501 116]]

 [[502 115]]

 [[502 114]]

 [[503 113]]

 [[503 112]]

 [[503 111]]

 [[503 110]]

 [[502 110]]

 [[501 110]]

 [[500 110]]

 [[499 110]]

 [[498 109]]

 [[497 109]]

 [[496 109]]

 [[495 109]]

 [[494 110]]

 [[493 110]]

 [[492 110]]

 [[491 110]]

 [[490 110]]

 [[489 110]]

 [[488 110]]

 [[487 110]]

 [[486 110]]

 [[485 110]]

 [[484 109]]

 [[483 109]]

 [[482 109]]

 [[481 109]]

 [[480 108]]

 [[479 108]]

 [[478 108]]

 [[477 108]]

 [[476 108]]

 [[475 108]]

 [[474 108]]

 [[473 108]]

 [[472 107]]

 [[471 107]]

 [[470 107]]

 [[469 106]]

 [[468 106]]

 [[467 106]]

 [[466 106]]

 [[465 105]]

 [[464 105]]

 [[463 105]]

 [[462 104]]

 [[461 103]]

 [[461 102]]

 [[460 101]]

 [[459 101]]]
[[[  0   0]]

 [[404  97]]

 [[403  98]]

 [[403  99]]

 [[402 100]]

 [[402 101]]

 [[402 102]]

 [[403 102]]

 [[404 103]]

 [[405 104]]

 [[406 104]]

 [[407 105]]

 [[408 106]]

 [[409 106]]

 [[410 107]]

 [[411 107]]

 [[412 107]]

 [[413 107]]

 [[414 107]]

 [[415 108]]

 [[416 108]]

 [[417 109]]

 [[418 109]]

 [[419 109]]

 [[420 109]]

 [[421 109]]

 [[422 109]]

 [[423 109]]

 [[424 109]]

 [[425 109]]

 [[426 110]]

 [[427 110]]

 [[428 110]]

 [[429 110]]

 [[430 110]]

 [[431 110]]

 [[432 110]]

 [[433 110]]

 [[434 110]]

 [[435 110]]

 [[436 110]]

 [[437 110]]

 [[438 110]]

 [[439 110]]

 [[440 110]]

 [[441 110]]

 [[442 110]]

 [[443 110]]

 [[444 110]]

 [[445 111]]

 [[446 111]]

 [[447 110]]

 [[448 110]]

 [[449 109]]

 [[450 109]]

 [[451 109]]

 [[452 108]]

 [[452 107]]

 [[452 106]]

 [[452 105]]

 [[453 104]]

 [[453 103]]

 [[453 102]]

 [[452 102]]

 [[451 102]]

 [[450 102]]

 [[449 101]]

 [[448 102]]

 [[447 102]]

 [[446 102]]

 [[445 102]]

 [[444 102]]

 [[443 102]]

 [[442 102]]

 [[441 102]]

 [[440 102]]

 [[439 102]]

 [[438 101]]

 [[437 101]]

 [[436 101]]

 [[435 101]]

 [[434 101]]

 [[433 101]]

 [[432 101]]

 [[431 101]]

 [[430 101]]

 [[429 101]]

 [[428 101]]

 [[427 101]]

 [[426 100]]

 [[425 100]]

 [[424 100]]

 [[423 100]]

 [[422 100]]

 [[421 100]]

 [[420 100]]

 [[419  99]]

 [[418  99]]

 [[417  99]]

 [[416  99]]

 [[415  99]]

 [[414  98]]

 [[413  98]]

 [[412  98]]

 [[411  97]]

 [[410  97]]

 [[409  97]]

 [[408  97]]

 [[407  96]]

 [[406  96]]

 [[405  96]]]
[[[  0   0]]

 [[627  85]]

 [[627  86]]

 [[627  87]]

 [[626  88]]

 [[626  89]]

 [[626  90]]

 [[626  91]]

 [[625  92]]

 [[625  93]]

 [[625  94]]

 [[625  95]]

 [[625  96]]

 [[624  97]]

 [[624  98]]

 [[623  99]]

 [[622 100]]

 [[621 101]]

 [[620 101]]

 [[619 101]]

 [[618 101]]

 [[617 101]]

 [[616 101]]

 [[615 101]]

 [[614 100]]

 [[613 100]]

 [[612 100]]

 [[611 100]]

 [[610 100]]

 [[609 100]]

 [[608 100]]

 [[607  99]]

 [[606  99]]

 [[605  99]]

 [[604  99]]

 [[603  98]]

 [[602  98]]

 [[601  98]]

 [[600  98]]

 [[599  97]]

 [[598  97]]

 [[597  97]]

 [[596  97]]

 [[595  97]]

 [[594  96]]

 [[593  96]]

 [[592  96]]

 [[591  96]]

 [[590  95]]

 [[589  95]]

 [[588  94]]

 [[587  94]]

 [[586  93]]

 [[585  92]]

 [[585  91]]

 [[584  90]]

 [[583  90]]

 [[582  90]]

 [[581  90]]

 [[581  91]]

 [[581  92]]

 [[580  93]]

 [[580  94]]

 [[580  95]]

 [[581  96]]

 [[581  97]]

 [[582  98]]

 [[583  99]]

 [[583 100]]

 [[584 101]]

 [[585 102]]

 [[586 102]]

 [[587 103]]

 [[588 103]]

 [[589 104]]

 [[590 104]]

 [[591 105]]

 [[592 105]]

 [[593 105]]

 [[594 105]]

 [[595 106]]

 [[596 106]]

 [[597 106]]

 [[598 107]]

 [[599 107]]

 [[600 107]]

 [[601 107]]

 [[602 108]]

 [[603 108]]

 [[604 108]]

 [[605 108]]

 [[606 108]]

 [[607 108]]

 [[608 108]]

 [[609 108]]

 [[610 109]]

 [[611 109]]

 [[612 110]]

 [[613 110]]

 [[614 110]]

 [[615 110]]

 [[616 110]]

 [[617 110]]

 [[618 110]]

 [[619 110]]

 [[620 110]]

 [[621 110]]

 [[622 110]]

 [[622 109]]

 [[622 108]]

 [[622 107]]

 [[622 106]]

 [[622 105]]

 [[623 104]]

 [[624 104]]

 [[624 103]]

 [[625 102]]

 [[625 101]]

 [[626 100]]

 [[627  99]]

 [[628  98]]

 [[629  97]]

 [[629  96]]

 [[630  95]]

 [[630  94]]

 [[629  93]]

 [[628  92]]

 [[627  91]]

 [[627  90]]

 [[628  89]]

 [[628  88]]

 [[628  87]]

 [[628  86]]

 [[628  85]]]
[[[  0   0]]

 [[393  85]]

 [[393  86]]

 [[392  87]]

 [[392  88]]

 [[392  89]]

 [[391  90]]

 [[390  90]]

 [[389  91]]

 [[388  91]]

 [[387  92]]

 [[386  92]]

 [[385  92]]

 [[384  92]]

 [[383  93]]

 [[382  93]]

 [[381  93]]

 [[380  93]]

 [[379  93]]

 [[378  93]]

 [[377  93]]

 [[376  93]]

 [[375  93]]

 [[374  93]]

 [[373  93]]

 [[372  93]]

 [[371  93]]

 [[370  93]]

 [[369  93]]

 [[368  93]]

 [[367  93]]

 [[366  93]]

 [[365  93]]

 [[364  93]]

 [[363  93]]

 [[362  92]]

 [[361  92]]

 [[360  92]]

 [[359  92]]

 [[358  92]]

 [[357  92]]

 [[356  91]]

 [[355  91]]

 [[354  91]]

 [[353  90]]

 [[352  90]]

 [[351  90]]

 [[350  90]]

 [[349  89]]

 [[348  89]]

 [[347  89]]

 [[346  89]]

 [[345  88]]

 [[344  88]]

 [[343  88]]

 [[343  89]]

 [[343  90]]

 [[343  91]]

 [[343  92]]

 [[343  93]]

 [[343  94]]

 [[343  95]]

 [[343  96]]

 [[344  97]]

 [[345  97]]

 [[346  98]]

 [[347  98]]

 [[348  98]]

 [[349  98]]

 [[350  98]]

 [[351  99]]

 [[352  99]]

 [[353  99]]

 [[354 100]]

 [[355 100]]

 [[356 100]]

 [[357 101]]

 [[358 101]]

 [[359 101]]

 [[360 101]]

 [[361 101]]

 [[362 101]]

 [[363 102]]

 [[364 102]]

 [[365 102]]

 [[366 102]]

 [[367 102]]

 [[368 102]]

 [[369 102]]

 [[370 102]]

 [[371 102]]

 [[372 102]]

 [[373 102]]

 [[374 102]]

 [[375 102]]

 [[376 102]]

 [[377 102]]

 [[378 102]]

 [[379 102]]

 [[380 102]]

 [[381 102]]

 [[382 101]]

 [[383 101]]

 [[384 101]]

 [[385 101]]

 [[386 101]]

 [[387 101]]

 [[388 101]]

 [[389 101]]

 [[390 101]]

 [[390 100]]

 [[390  99]]

 [[390  98]]

 [[390  97]]

 [[390  96]]

 [[390  95]]

 [[391  94]]

 [[391  93]]

 [[391  92]]

 [[391  91]]

 [[391  90]]

 [[392  89]]

 [[393  88]]

 [[394  87]]

 [[394  86]]

 [[394  85]]

 [[394  84]]]
[[[  0   0]]

 [[517  79]]

 [[517  80]]

 [[517  81]]

 [[517  82]]

 [[517  83]]

 [[517  84]]

 [[517  85]]

 [[517  86]]

 [[517  87]]

 [[518  87]]

 [[519  88]]

 [[520  89]]

 [[521  90]]

 [[522  91]]

 [[523  91]]

 [[524  92]]

 [[525  92]]

 [[526  92]]

 [[527  92]]

 [[528  93]]

 [[529  93]]

 [[530  93]]

 [[531  94]]

 [[532  94]]

 [[533  94]]

 [[534  94]]

 [[535  95]]

 [[536  95]]

 [[537  95]]

 [[538  96]]

 [[539  96]]

 [[540  96]]

 [[541  96]]

 [[542  96]]

 [[543  96]]

 [[544  96]]

 [[545  97]]

 [[546  97]]

 [[547  97]]

 [[548  97]]

 [[549  97]]

 [[550  97]]

 [[551  97]]

 [[552  97]]

 [[553  97]]

 [[554  97]]

 [[555  97]]

 [[556  97]]

 [[557  97]]

 [[558  97]]

 [[559  97]]

 [[560  97]]

 [[561  96]]

 [[561  95]]

 [[561  94]]

 [[561  93]]

 [[562  92]]

 [[562  91]]

 [[562  90]]

 [[562  89]]

 [[562  88]]

 [[561  88]]

 [[560  88]]

 [[559  88]]

 [[558  88]]

 [[557  88]]

 [[556  88]]

 [[555  88]]

 [[554  88]]

 [[553  88]]

 [[552  88]]

 [[551  88]]

 [[550  88]]

 [[549  88]]

 [[548  88]]

 [[547  88]]

 [[546  88]]

 [[545  88]]

 [[544  88]]

 [[543  88]]

 [[542  88]]

 [[541  87]]

 [[540  87]]

 [[539  87]]

 [[538  87]]

 [[537  86]]

 [[536  86]]

 [[535  86]]

 [[534  86]]

 [[533  85]]

 [[532  85]]

 [[531  85]]

 [[530  85]]

 [[529  84]]

 [[528  84]]

 [[527  83]]

 [[526  83]]

 [[525  83]]

 [[524  82]]

 [[523  82]]

 [[522  82]]

 [[521  81]]

 [[520  80]]

 [[519  80]]

 [[518  79]]

 [[518  78]]]
[[[  0   0]]

 [[286  79]]

 [[286  80]]

 [[286  81]]

 [[286  82]]

 [[286  83]]

 [[286  84]]

 [[286  85]]

 [[286  86]]

 [[286  87]]

 [[286  88]]

 [[287  89]]

 [[287  90]]

 [[288  90]]

 [[289  91]]

 [[290  91]]

 [[291  92]]

 [[292  92]]

 [[293  92]]

 [[294  93]]

 [[295  93]]

 [[296  93]]

 [[297  94]]

 [[298  94]]

 [[299  94]]

 [[300  94]]

 [[301  94]]

 [[302  94]]

 [[303  94]]

 [[304  94]]

 [[305  95]]

 [[306  95]]

 [[307  95]]

 [[308  95]]

 [[309  95]]

 [[310  95]]

 [[311  95]]

 [[312  95]]

 [[313  95]]

 [[314  95]]

 [[315  95]]

 [[316  95]]

 [[317  95]]

 [[318  95]]

 [[319  95]]

 [[320  94]]

 [[321  94]]

 [[322  94]]

 [[323  93]]

 [[324  93]]

 [[325  93]]

 [[326  93]]

 [[327  92]]

 [[328  92]]

 [[329  91]]

 [[330  91]]

 [[331  90]]

 [[331  89]]

 [[331  88]]

 [[330  87]]

 [[330  86]]

 [[330  85]]

 [[330  84]]

 [[330  83]]

 [[330  82]]

 [[331  81]]

 [[331  80]]

 [[331  79]]

 [[330  78]]

 [[329  78]]

 [[328  78]]

 [[327  79]]

 [[326  79]]

 [[325  79]]

 [[324  80]]

 [[323  80]]

 [[322  81]]

 [[321  81]]

 [[320  81]]

 [[319  81]]

 [[318  81]]

 [[317  82]]

 [[316  82]]

 [[315  82]]

 [[314  82]]

 [[313  82]]

 [[312  82]]

 [[311  82]]

 [[310  82]]

 [[309  82]]

 [[308  82]]

 [[307  82]]

 [[306  82]]

 [[305  82]]

 [[304  82]]

 [[303  82]]

 [[302  82]]

 [[301  82]]

 [[300  82]]

 [[299  81]]

 [[298  81]]

 [[297  81]]

 [[296  81]]

 [[295  80]]

 [[294  80]]

 [[293  80]]

 [[292  80]]

 [[291  79]]

 [[290  79]]

 [[289  79]]

 [[288  78]]

 [[287  78]]]
[[[  0   0]]

 [[273  74]]

 [[273  75]]

 [[273  76]]

 [[272  77]]

 [[272  78]]

 [[272  79]]

 [[271  80]]

 [[271  81]]

 [[270  82]]

 [[269  82]]

 [[268  83]]

 [[267  83]]

 [[266  83]]

 [[265  83]]

 [[264  83]]

 [[263  83]]

 [[262  83]]

 [[261  83]]

 [[260  83]]

 [[259  83]]

 [[258  83]]

 [[257  83]]

 [[256  83]]

 [[255  83]]

 [[254  83]]

 [[253  83]]

 [[252  83]]

 [[251  83]]

 [[250  83]]

 [[249  83]]

 [[248  83]]

 [[247  83]]

 [[246  83]]

 [[245  83]]

 [[244  83]]

 [[243  82]]

 [[242  82]]

 [[241  82]]

 [[240  82]]

 [[239  82]]

 [[238  81]]

 [[237  81]]

 [[236  81]]

 [[235  81]]

 [[234  81]]

 [[233  81]]

 [[232  81]]

 [[232  82]]

 [[231  83]]

 [[231  84]]

 [[231  85]]

 [[232  86]]

 [[232  87]]

 [[233  88]]

 [[234  88]]

 [[235  89]]

 [[236  89]]

 [[237  90]]

 [[238  90]]

 [[239  90]]

 [[240  91]]

 [[241  91]]

 [[242  91]]

 [[243  91]]

 [[244  91]]

 [[245  91]]

 [[246  91]]

 [[247  91]]

 [[248  91]]

 [[249  91]]

 [[250  91]]

 [[251  91]]

 [[252  91]]

 [[253  91]]

 [[254  91]]

 [[255  91]]

 [[256  91]]

 [[257  91]]

 [[258  91]]

 [[259  91]]

 [[260  91]]

 [[261  91]]

 [[262  91]]

 [[263  91]]

 [[264  91]]

 [[265  91]]

 [[266  91]]

 [[267  91]]

 [[268  90]]

 [[269  90]]

 [[270  90]]

 [[271  91]]

 [[272  91]]

 [[273  91]]

 [[274  90]]

 [[275  89]]

 [[275  88]]

 [[275  87]]

 [[275  86]]

 [[275  85]]

 [[275  84]]

 [[275  83]]

 [[275  82]]

 [[275  81]]

 [[275  80]]

 [[275  79]]

 [[275  78]]

 [[275  77]]

 [[275  76]]

 [[275  75]]

 [[275  74]]

 [[275  73]]

 [[274  73]]]
[[[  0   0]]

 [[587  65]]

 [[586  66]]

 [[586  67]]

 [[587  68]]

 [[588  69]]

 [[589  70]]

 [[590  71]]

 [[591  72]]

 [[592  72]]

 [[593  73]]

 [[594  73]]

 [[595  73]]

 [[596  73]]

 [[597  74]]

 [[598  74]]

 [[599  74]]

 [[600  74]]

 [[601  74]]

 [[602  75]]

 [[602  76]]

 [[602  77]]

 [[603  78]]

 [[603  79]]

 [[604  80]]

 [[605  80]]

 [[606  80]]

 [[607  80]]

 [[608  80]]

 [[609  80]]

 [[610  81]]

 [[611  81]]

 [[612  81]]

 [[613  80]]

 [[613  79]]

 [[614  78]]

 [[615  78]]

 [[616  78]]

 [[617  79]]

 [[618  79]]

 [[619  79]]

 [[620  79]]

 [[621  79]]

 [[622  79]]

 [[623  79]]

 [[624  79]]

 [[625  80]]

 [[626  80]]

 [[627  80]]

 [[627  79]]

 [[627  78]]

 [[627  77]]

 [[627  76]]

 [[627  75]]

 [[626  74]]

 [[625  73]]

 [[624  73]]

 [[623  74]]

 [[622  74]]

 [[621  74]]

 [[620  74]]

 [[619  74]]

 [[618  74]]

 [[617  74]]

 [[616  74]]

 [[615  74]]

 [[614  74]]

 [[613  74]]

 [[613  75]]

 [[612  76]]

 [[611  75]]

 [[611  74]]

 [[611  73]]

 [[610  72]]

 [[609  72]]

 [[608  72]]

 [[607  71]]

 [[606  71]]

 [[605  71]]

 [[604  70]]

 [[603  70]]

 [[602  70]]

 [[601  70]]

 [[600  70]]

 [[599  69]]

 [[598  69]]

 [[597  69]]

 [[596  69]]

 [[595  69]]

 [[594  69]]

 [[593  68]]

 [[592  68]]

 [[591  67]]

 [[591  66]]

 [[590  65]]

 [[590  64]]

 [[589  64]]]
[[[  0   0]]

 [[347  61]]

 [[347  62]]

 [[346  63]]

 [[346  64]]

 [[346  65]]

 [[346  66]]

 [[346  67]]

 [[347  68]]

 [[348  68]]

 [[349  69]]

 [[350  69]]

 [[351  69]]

 [[352  69]]

 [[353  70]]

 [[354  70]]

 [[355  70]]

 [[356  70]]

 [[357  71]]

 [[358  71]]

 [[359  71]]

 [[360  71]]

 [[361  71]]

 [[362  71]]

 [[363  71]]

 [[364  71]]

 [[365  71]]

 [[366  72]]

 [[367  72]]

 [[368  72]]

 [[369  73]]

 [[370  73]]

 [[371  73]]

 [[372  73]]

 [[373  73]]

 [[374  73]]

 [[375  73]]

 [[376  73]]

 [[377  73]]

 [[378  73]]

 [[379  73]]

 [[380  73]]

 [[381  73]]

 [[382  73]]

 [[383  73]]

 [[384  73]]

 [[385  73]]

 [[386  73]]

 [[387  72]]

 [[388  72]]

 [[389  72]]

 [[390  72]]

 [[391  72]]

 [[392  72]]

 [[392  71]]

 [[392  70]]

 [[392  69]]

 [[393  68]]

 [[393  67]]

 [[393  66]]

 [[393  65]]

 [[393  64]]

 [[393  63]]

 [[392  63]]

 [[391  63]]

 [[390  63]]

 [[389  63]]

 [[388  63]]

 [[387  63]]

 [[386  63]]

 [[385  63]]

 [[384  63]]

 [[383  63]]

 [[382  64]]

 [[381  64]]

 [[380  64]]

 [[379  64]]

 [[378  64]]

 [[377  64]]

 [[376  64]]

 [[375  64]]

 [[374  64]]

 [[373  64]]

 [[372  64]]

 [[371  64]]

 [[370  64]]

 [[369  63]]

 [[368  63]]

 [[367  63]]

 [[366  63]]

 [[365  63]]

 [[364  62]]

 [[363  62]]

 [[362  62]]

 [[361  62]]

 [[360  62]]

 [[359  62]]

 [[358  62]]

 [[357  62]]

 [[356  61]]

 [[355  61]]

 [[354  61]]

 [[353  61]]

 [[352  60]]

 [[351  60]]

 [[350  60]]

 [[349  60]]

 [[348  60]]]
[[[  0   0]]

 [[456  55]]

 [[456  56]]

 [[456  57]]

 [[456  58]]

 [[455  59]]

 [[455  60]]

 [[456  61]]

 [[456  62]]

 [[456  63]]

 [[456  64]]

 [[455  65]]

 [[455  66]]

 [[455  67]]

 [[454  68]]

 [[454  69]]

 [[454  70]]

 [[453  71]]

 [[452  71]]

 [[451  71]]

 [[450  71]]

 [[449  71]]

 [[448  71]]

 [[447  71]]

 [[446  71]]

 [[445  71]]

 [[444  71]]

 [[443  71]]

 [[442  71]]

 [[441  71]]

 [[440  71]]

 [[439  71]]

 [[438  71]]

 [[437  71]]

 [[436  71]]

 [[435  71]]

 [[434  71]]

 [[433  71]]

 [[432  71]]

 [[431  71]]

 [[430  71]]

 [[429  71]]

 [[428  71]]

 [[427  71]]

 [[426  70]]

 [[425  70]]

 [[424  70]]

 [[423  70]]

 [[422  69]]

 [[421  69]]

 [[420  69]]

 [[419  69]]

 [[418  69]]

 [[417  69]]

 [[416  69]]

 [[415  69]]

 [[414  68]]

 [[413  68]]

 [[412  68]]

 [[411  67]]

 [[410  67]]

 [[409  67]]

 [[408  66]]

 [[407  65]]

 [[406  65]]

 [[406  66]]

 [[406  67]]

 [[406  68]]

 [[406  69]]

 [[406  70]]

 [[406  71]]

 [[406  72]]

 [[406  73]]

 [[406  74]]

 [[407  75]]

 [[408  75]]

 [[409  75]]

 [[410  76]]

 [[411  76]]

 [[412  77]]

 [[413  77]]

 [[414  78]]

 [[415  78]]

 [[416  78]]

 [[417  78]]

 [[418  78]]

 [[419  79]]

 [[420  79]]

 [[421  79]]

 [[422  79]]

 [[423  79]]

 [[424  79]]

 [[425  79]]

 [[426  80]]

 [[427  80]]

 [[428  80]]

 [[429  80]]

 [[430  80]]

 [[431  81]]

 [[432  81]]

 [[433  81]]

 [[434  81]]

 [[435  81]]

 [[436  81]]

 [[437  81]]

 [[438  81]]

 [[439  81]]

 [[440  81]]

 [[441  81]]

 [[442  81]]

 [[443  81]]

 [[444  81]]

 [[445  81]]

 [[446  81]]

 [[447  81]]

 [[448  81]]

 [[449  81]]

 [[450  81]]

 [[451  81]]

 [[452  81]]

 [[453  80]]

 [[453  79]]

 [[453  78]]

 [[453  77]]

 [[453  76]]

 [[453  75]]

 [[453  74]]

 [[454  73]]

 [[455  72]]

 [[456  72]]

 [[457  73]]

 [[458  73]]

 [[459  74]]

 [[460  75]]

 [[460  76]]

 [[461  77]]

 [[461  78]]

 [[461  79]]

 [[462  80]]

 [[462  81]]

 [[463  82]]

 [[464  83]]

 [[465  83]]

 [[466  84]]

 [[467  85]]

 [[468  85]]

 [[469  85]]

 [[470  86]]

 [[471  86]]

 [[472  86]]

 [[473  86]]

 [[474  87]]

 [[475  87]]

 [[476  87]]

 [[477  87]]

 [[478  88]]

 [[479  88]]

 [[480  88]]

 [[481  88]]

 [[482  88]]

 [[483  89]]

 [[484  89]]

 [[485  89]]

 [[486  89]]

 [[487  89]]

 [[488  89]]

 [[489  89]]

 [[490  89]]

 [[491  89]]

 [[492  89]]

 [[493  89]]

 [[494  89]]

 [[495  89]]

 [[496  89]]

 [[497  89]]

 [[498  89]]

 [[499  89]]

 [[500  89]]

 [[501  89]]

 [[502  89]]

 [[503  89]]

 [[504  89]]

 [[505  89]]

 [[506  88]]

 [[506  87]]

 [[506  86]]

 [[506  85]]

 [[507  84]]

 [[507  83]]

 [[507  82]]

 [[507  81]]

 [[507  80]]

 [[506  80]]

 [[505  80]]

 [[504  80]]

 [[503  80]]

 [[502  80]]

 [[501  80]]

 [[500  80]]

 [[499  80]]

 [[498  80]]

 [[497  80]]

 [[496  80]]

 [[495  80]]

 [[494  80]]

 [[493  80]]

 [[492  80]]

 [[491  80]]

 [[490  80]]

 [[489  80]]

 [[488  80]]

 [[487  80]]

 [[486  80]]

 [[485  79]]

 [[484  79]]

 [[483  79]]

 [[482  79]]

 [[481  79]]

 [[480  79]]

 [[479  79]]

 [[478  79]]

 [[477  79]]

 [[476  79]]

 [[475  79]]

 [[474  78]]

 [[473  78]]

 [[472  77]]

 [[471  77]]

 [[470  77]]

 [[469  76]]

 [[468  76]]

 [[467  76]]

 [[466  75]]

 [[465  74]]

 [[464  73]]

 [[463  72]]

 [[462  71]]

 [[462  70]]

 [[461  69]]

 [[461  68]]

 [[461  67]]

 [[461  66]]

 [[461  65]]

 [[461  64]]

 [[461  63]]

 [[461  62]]

 [[461  61]]

 [[461  60]]

 [[461  59]]

 [[461  58]]

 [[461  57]]

 [[461  56]]

 [[461  55]]

 [[461  54]]

 [[460  55]]

 [[459  55]]

 [[458  55]]

 [[457  55]]]
[[[  0   0]]

 [[272  50]]

 [[271  50]]

 [[270  51]]

 [[269  51]]

 [[268  52]]

 [[267  52]]

 [[266  53]]

 [[265  53]]

 [[264  53]]

 [[263  53]]

 [[262  53]]

 [[261  53]]

 [[260  53]]

 [[259  53]]

 [[258  53]]

 [[257  53]]

 [[256  53]]

 [[255  53]]

 [[254  53]]

 [[253  53]]

 [[252  53]]

 [[251  53]]

 [[250  52]]

 [[249  52]]

 [[248  52]]

 [[247  52]]

 [[246  53]]

 [[245  52]]

 [[244  52]]

 [[243  52]]

 [[242  52]]

 [[241  52]]

 [[240  52]]

 [[239  52]]

 [[238  52]]

 [[237  52]]

 [[236  52]]

 [[235  52]]

 [[234  51]]

 [[233  51]]

 [[232  51]]

 [[231  51]]

 [[231  52]]

 [[231  53]]

 [[231  54]]

 [[231  55]]

 [[231  56]]

 [[231  57]]

 [[231  58]]

 [[231  59]]

 [[230  60]]

 [[229  61]]

 [[228  62]]

 [[228  63]]

 [[228  64]]

 [[227  65]]

 [[227  66]]

 [[227  67]]

 [[226  68]]

 [[225  69]]

 [[224  70]]

 [[223  70]]

 [[222  71]]

 [[221  71]]

 [[220  72]]

 [[219  73]]

 [[218  73]]

 [[217  74]]

 [[217  75]]

 [[216  76]]

 [[215  77]]

 [[214  77]]

 [[213  77]]

 [[212  77]]

 [[211  77]]

 [[210  77]]

 [[209  77]]

 [[208  77]]

 [[207  77]]

 [[206  77]]

 [[205  77]]

 [[204  77]]

 [[203  77]]

 [[202  77]]

 [[201  77]]

 [[200  77]]

 [[199  77]]

 [[198  77]]

 [[197  77]]

 [[196  77]]

 [[195  77]]

 [[194  77]]

 [[193  77]]

 [[192  77]]

 [[191  77]]

 [[190  77]]

 [[189  77]]

 [[188  77]]

 [[187  76]]

 [[186  76]]

 [[185  76]]

 [[184  76]]

 [[183  76]]

 [[182  76]]

 [[183  77]]

 [[183  78]]

 [[183  79]]

 [[183  80]]

 [[183  81]]

 [[182  82]]

 [[182  83]]

 [[182  84]]

 [[182  85]]

 [[182  86]]

 [[183  87]]

 [[184  87]]

 [[185  88]]

 [[186  88]]

 [[187  88]]

 [[188  88]]

 [[189  88]]

 [[190  88]]

 [[191  89]]

 [[192  89]]

 [[193  89]]

 [[194  89]]

 [[195  89]]

 [[196  89]]

 [[197  89]]

 [[198  89]]

 [[199  89]]

 [[200  89]]

 [[201  89]]

 [[202  89]]

 [[203  89]]

 [[204  89]]

 [[205  89]]

 [[206  89]]

 [[207  89]]

 [[208  89]]

 [[209  89]]

 [[210  89]]

 [[211  89]]

 [[212  89]]

 [[213  88]]

 [[214  88]]

 [[215  88]]

 [[216  88]]

 [[217  88]]

 [[218  88]]

 [[219  87]]

 [[220  87]]

 [[221  86]]

 [[222  85]]

 [[223  84]]

 [[224  84]]

 [[225  84]]

 [[226  84]]

 [[226  83]]

 [[227  82]]

 [[227  81]]

 [[227  80]]

 [[226  79]]

 [[226  78]]

 [[226  77]]

 [[226  76]]

 [[226  75]]

 [[226  74]]

 [[227  73]]

 [[227  72]]

 [[228  71]]

 [[229  71]]

 [[230  71]]

 [[230  70]]

 [[230  69]]

 [[230  68]]

 [[230  67]]

 [[230  66]]

 [[230  65]]

 [[230  64]]

 [[230  63]]

 [[230  62]]

 [[229  61]]

 [[230  60]]

 [[231  59]]

 [[232  59]]

 [[233  59]]

 [[234  59]]

 [[235  59]]

 [[236  60]]

 [[237  60]]

 [[238  60]]

 [[239  61]]

 [[240  61]]

 [[241  61]]

 [[242  61]]

 [[243  61]]

 [[244  61]]

 [[245  61]]

 [[246  61]]

 [[247  61]]

 [[248  61]]

 [[249  61]]

 [[250  61]]

 [[251  61]]

 [[252  61]]

 [[253  61]]

 [[254  61]]

 [[255  61]]

 [[256  61]]

 [[257  61]]

 [[258  61]]

 [[259  61]]

 [[260  61]]

 [[261  61]]

 [[262  61]]

 [[263  61]]

 [[264  61]]

 [[265  61]]

 [[266  61]]

 [[267  61]]

 [[268  61]]

 [[269  60]]

 [[270  60]]

 [[271  60]]

 [[272  60]]

 [[273  59]]

 [[274  58]]

 [[274  57]]

 [[274  56]]

 [[274  55]]

 [[274  54]]

 [[274  53]]

 [[274  52]]

 [[274  51]]

 [[274  50]]

 [[274  49]]]
[[[  0   0]]

 [[288  47]]

 [[288  48]]

 [[288  49]]

 [[288  50]]

 [[288  51]]

 [[288  52]]

 [[288  53]]

 [[288  54]]

 [[288  55]]

 [[288  56]]

 [[287  57]]

 [[287  58]]

 [[288  59]]

 [[288  60]]

 [[289  60]]

 [[290  60]]

 [[291  60]]

 [[292  60]]

 [[293  61]]

 [[294  61]]

 [[295  62]]

 [[296  62]]

 [[297  62]]

 [[298  62]]

 [[299  62]]

 [[300  62]]

 [[301  63]]

 [[302  63]]

 [[303  63]]

 [[304  63]]

 [[305  63]]

 [[306  63]]

 [[307  63]]

 [[308  63]]

 [[309  63]]

 [[310  63]]

 [[311  63]]

 [[312  63]]

 [[313  63]]

 [[314  63]]

 [[315  63]]

 [[316  63]]

 [[317  63]]

 [[318  63]]

 [[319  63]]

 [[320  63]]

 [[321  63]]

 [[322  63]]

 [[323  63]]

 [[324  63]]

 [[325  63]]

 [[326  63]]

 [[327  62]]

 [[328  62]]

 [[329  62]]

 [[330  61]]

 [[330  60]]

 [[330  59]]

 [[330  58]]

 [[330  57]]

 [[329  56]]

 [[329  55]]

 [[329  54]]

 [[329  53]]

 [[329  52]]

 [[329  51]]

 [[329  50]]

 [[330  49]]

 [[329  48]]

 [[328  47]]

 [[327  48]]

 [[326  48]]

 [[325  48]]

 [[324  49]]

 [[323  49]]

 [[322  49]]

 [[321  49]]

 [[320  49]]

 [[319  49]]

 [[318  49]]

 [[317  49]]

 [[316  50]]

 [[315  50]]

 [[314  50]]

 [[313  50]]

 [[312  50]]

 [[311  50]]

 [[310  50]]

 [[309  50]]

 [[308  50]]

 [[307  50]]

 [[306  50]]

 [[305  50]]

 [[304  50]]

 [[303  50]]

 [[302  50]]

 [[301  50]]

 [[300  50]]

 [[299  50]]

 [[298  49]]

 [[297  49]]

 [[296  49]]

 [[295  49]]

 [[294  49]]

 [[293  48]]

 [[292  48]]

 [[291  47]]

 [[290  46]]

 [[289  46]]]
[[[  0   0]]

 [[464  46]]

 [[465  47]]

 [[466  47]]

 [[467  48]]

 [[468  48]]

 [[469  48]]

 [[470  49]]

 [[469  50]]

 [[468  50]]

 [[468  51]]

 [[468  52]]

 [[469  52]]

 [[470  52]]

 [[471  52]]

 [[472  52]]

 [[473  52]]

 [[474  52]]

 [[475  53]]

 [[476  53]]

 [[477  53]]

 [[478  53]]

 [[479  53]]

 [[480  53]]

 [[481  54]]

 [[482  54]]

 [[483  54]]

 [[484  54]]

 [[485  55]]

 [[486  55]]

 [[487  55]]

 [[488  55]]

 [[489  55]]

 [[490  55]]

 [[491  55]]

 [[492  56]]

 [[493  56]]

 [[494  56]]

 [[495  56]]

 [[496  56]]

 [[497  56]]

 [[498  56]]

 [[499  56]]

 [[500  56]]

 [[501  56]]

 [[502  56]]

 [[503  57]]

 [[504  57]]

 [[505  56]]

 [[506  56]]

 [[507  56]]

 [[508  56]]

 [[508  55]]

 [[508  54]]

 [[507  53]]

 [[506  53]]

 [[505  52]]

 [[504  51]]

 [[503  51]]

 [[502  51]]

 [[501  51]]

 [[500  50]]

 [[499  50]]

 [[498  50]]

 [[497  49]]

 [[496  49]]

 [[495  49]]

 [[496  50]]

 [[495  51]]

 [[494  52]]

 [[493  52]]

 [[492  52]]

 [[491  52]]

 [[490  52]]

 [[489  52]]

 [[488  51]]

 [[487  51]]

 [[486  51]]

 [[485  51]]

 [[484  51]]

 [[483  50]]

 [[482  49]]

 [[483  48]]

 [[484  47]]

 [[484  46]]

 [[483  46]]

 [[482  45]]

 [[481  45]]

 [[480  45]]

 [[479  45]]

 [[478  45]]

 [[477  45]]

 [[476  45]]

 [[475  45]]

 [[474  45]]

 [[473  45]]

 [[472  45]]

 [[471  45]]

 [[470  45]]

 [[469  45]]

 [[468  45]]

 [[467  45]]

 [[466  45]]]
[[[  0   0]]

 [[413  40]]

 [[412  40]]

 [[411  40]]

 [[410  40]]

 [[410  41]]

 [[411  42]]

 [[412  43]]

 [[413  43]]

 [[414  44]]

 [[415  45]]

 [[416  45]]

 [[417  45]]

 [[418  45]]

 [[419  45]]

 [[420  46]]

 [[421  46]]

 [[422  46]]

 [[423  46]]

 [[424  46]]

 [[425  46]]

 [[426  46]]

 [[427  46]]

 [[428  46]]

 [[429  46]]

 [[430  46]]

 [[431  46]]

 [[432  47]]

 [[433  47]]

 [[434  47]]

 [[435  47]]

 [[436  47]]

 [[437  47]]

 [[438  48]]

 [[439  48]]

 [[440  48]]

 [[441  48]]

 [[442  49]]

 [[443  49]]

 [[444  49]]

 [[445  49]]

 [[446  49]]

 [[447  49]]

 [[448  49]]

 [[449  49]]

 [[450  49]]

 [[451  49]]

 [[452  49]]

 [[453  49]]

 [[454  49]]

 [[455  49]]

 [[456  50]]

 [[456  51]]

 [[456  50]]

 [[455  49]]

 [[455  48]]

 [[454  47]]

 [[453  46]]

 [[452  46]]

 [[451  45]]

 [[450  45]]

 [[449  44]]

 [[448  43]]

 [[447  43]]

 [[446  43]]

 [[445  43]]

 [[444  43]]

 [[443  42]]

 [[442  42]]

 [[441  42]]

 [[440  42]]

 [[439  41]]

 [[438  41]]

 [[437  41]]

 [[436  41]]

 [[435  41]]

 [[434  41]]

 [[434  42]]

 [[433  43]]

 [[433  44]]

 [[432  45]]

 [[431  45]]

 [[430  45]]

 [[429  44]]

 [[428  43]]

 [[428  42]]

 [[428  41]]

 [[427  40]]

 [[426  40]]

 [[425  40]]

 [[424  40]]

 [[423  40]]

 [[422  40]]

 [[421  40]]

 [[420  40]]

 [[419  40]]

 [[418  40]]

 [[417  40]]

 [[416  40]]

 [[415  40]]]
[[[  0   0]]

 [[357  32]]

 [[356  32]]

 [[355  32]]

 [[354  33]]

 [[353  34]]

 [[352  34]]

 [[351  35]]

 [[350  36]]

 [[349  36]]

 [[348  36]]

 [[347  36]]

 [[346  36]]

 [[345  37]]

 [[344  37]]

 [[344  38]]

 [[343  39]]

 [[343  40]]

 [[343  41]]

 [[343  42]]

 [[343  43]]

 [[343  44]]

 [[344  45]]

 [[343  46]]

 [[343  47]]

 [[344  48]]

 [[344  49]]

 [[345  50]]

 [[345  51]]

 [[345  52]]

 [[346  53]]

 [[346  52]]

 [[346  51]]

 [[346  50]]

 [[347  49]]

 [[347  48]]

 [[347  47]]

 [[347  46]]

 [[347  45]]

 [[347  44]]

 [[347  43]]

 [[347  42]]

 [[347  41]]

 [[347  40]]

 [[347  39]]

 [[347  38]]

 [[347  37]]

 [[348  36]]

 [[349  36]]

 [[350  36]]

 [[351  36]]

 [[352  36]]

 [[353  36]]

 [[354  37]]

 [[355  37]]

 [[356  37]]

 [[357  37]]

 [[358  37]]

 [[359  37]]

 [[360  37]]

 [[361  37]]

 [[362  38]]

 [[363  38]]

 [[364  38]]

 [[365  38]]

 [[366  39]]

 [[367  39]]

 [[368  39]]

 [[369  39]]

 [[370  39]]

 [[371  39]]

 [[372  40]]

 [[373  40]]

 [[374  40]]

 [[375  40]]

 [[376  40]]

 [[377  40]]

 [[378  41]]

 [[379  41]]

 [[380  41]]

 [[381  41]]

 [[382  41]]

 [[383  41]]

 [[384  41]]

 [[385  41]]

 [[386  41]]

 [[387  41]]

 [[388  41]]

 [[389  41]]

 [[390  41]]

 [[391  41]]

 [[392  42]]

 [[392  43]]

 [[393  43]]

 [[394  43]]

 [[395  44]]

 [[395  45]]

 [[395  46]]

 [[395  47]]

 [[395  48]]

 [[395  49]]

 [[395  50]]

 [[395  51]]

 [[395  52]]

 [[396  53]]

 [[396  54]]

 [[396  55]]

 [[396  56]]

 [[396  57]]

 [[396  58]]

 [[396  59]]

 [[397  60]]

 [[397  59]]

 [[398  58]]

 [[399  58]]

 [[399  57]]

 [[400  56]]

 [[401  57]]

 [[402  57]]

 [[403  57]]

 [[404  58]]

 [[404  59]]

 [[405  60]]

 [[406  61]]

 [[406  62]]

 [[406  61]]

 [[406  60]]

 [[407  59]]

 [[407  58]]

 [[407  57]]

 [[407  56]]

 [[407  55]]

 [[407  54]]

 [[407  53]]

 [[407  52]]

 [[407  51]]

 [[407  50]]

 [[407  49]]

 [[407  48]]

 [[407  47]]

 [[408  46]]

 [[407  47]]

 [[406  47]]

 [[405  48]]

 [[404  49]]

 [[403  50]]

 [[403  51]]

 [[403  52]]

 [[403  53]]

 [[403  54]]

 [[402  55]]

 [[402  56]]

 [[401  57]]

 [[400  56]]

 [[399  56]]

 [[398  56]]

 [[397  55]]

 [[398  54]]

 [[398  53]]

 [[398  52]]

 [[398  51]]

 [[398  50]]

 [[398  49]]

 [[397  48]]

 [[397  47]]

 [[397  46]]

 [[397  45]]

 [[396  44]]

 [[396  43]]

 [[396  42]]

 [[397  41]]

 [[398  41]]

 [[398  40]]

 [[399  39]]

 [[400  40]]

 [[401  40]]

 [[402  40]]

 [[402  39]]

 [[401  38]]

 [[400  38]]

 [[399  39]]

 [[398  39]]

 [[397  39]]

 [[396  39]]

 [[395  38]]

 [[394  38]]

 [[393  38]]

 [[392  37]]

 [[391  37]]

 [[390  36]]

 [[389  36]]

 [[388  36]]

 [[387  36]]

 [[386  35]]

 [[385  35]]

 [[384  35]]

 [[383  35]]

 [[382  35]]

 [[381  35]]

 [[380  35]]

 [[379  35]]

 [[378  36]]

 [[377  35]]

 [[378  36]]

 [[377  37]]

 [[376  37]]

 [[375  37]]

 [[374  37]]

 [[373  37]]

 [[372  37]]

 [[371  37]]

 [[370  37]]

 [[369  36]]

 [[368  35]]

 [[368  34]]

 [[368  33]]

 [[367  33]]

 [[366  33]]

 [[365  33]]

 [[364  32]]

 [[363  32]]

 [[362  31]]

 [[361  31]]

 [[360  31]]

 [[359  31]]]
[[[  0   0]]

 [[225  27]]

 [[225  28]]

 [[224  29]]

 [[224  30]]

 [[224  31]]

 [[224  32]]

 [[224  33]]

 [[224  34]]

 [[224  35]]

 [[225  36]]

 [[225  37]]

 [[225  38]]

 [[225  39]]

 [[225  40]]

 [[225  41]]

 [[224  42]]

 [[223  42]]

 [[222  43]]

 [[221  43]]

 [[220  44]]

 [[219  45]]

 [[218  45]]

 [[217  45]]

 [[216  46]]

 [[215  47]]

 [[214  47]]

 [[213  47]]

 [[212  47]]

 [[211  48]]

 [[210  48]]

 [[209  48]]

 [[208  48]]

 [[207  48]]

 [[206  48]]

 [[205  48]]

 [[204  48]]

 [[203  48]]

 [[202  48]]

 [[201  48]]

 [[200  48]]

 [[199  48]]

 [[198  48]]

 [[197  48]]

 [[196  48]]

 [[195  48]]

 [[194  48]]

 [[193  48]]

 [[192  48]]

 [[191  48]]

 [[190  48]]

 [[189  48]]

 [[188  48]]

 [[187  48]]

 [[186  47]]

 [[185  47]]

 [[184  47]]

 [[183  47]]

 [[182  47]]

 [[181  46]]

 [[181  47]]

 [[181  48]]

 [[182  49]]

 [[182  50]]

 [[182  51]]

 [[182  52]]

 [[182  53]]

 [[182  54]]

 [[181  55]]

 [[181  56]]

 [[181  57]]

 [[181  58]]

 [[181  59]]

 [[182  59]]

 [[183  60]]

 [[184  60]]

 [[185  60]]

 [[186  60]]

 [[187  60]]

 [[188  60]]

 [[189  60]]

 [[190  60]]

 [[191  60]]

 [[192  60]]

 [[193  60]]

 [[194  60]]

 [[195  60]]

 [[196  60]]

 [[197  60]]

 [[198  61]]

 [[199  61]]

 [[200  61]]

 [[201  61]]

 [[202  61]]

 [[203  60]]

 [[204  60]]

 [[205  61]]

 [[206  61]]

 [[207  60]]

 [[208  60]]

 [[209  60]]

 [[210  60]]

 [[211  60]]

 [[212  60]]

 [[213  60]]

 [[214  60]]

 [[215  60]]

 [[216  59]]

 [[217  59]]

 [[218  58]]

 [[219  58]]

 [[220  57]]

 [[221  56]]

 [[222  56]]

 [[223  55]]

 [[224  55]]

 [[224  54]]

 [[225  53]]

 [[225  52]]

 [[224  51]]

 [[224  50]]

 [[224  49]]

 [[224  48]]

 [[224  47]]

 [[224  46]]

 [[225  45]]

 [[225  44]]

 [[226  43]]

 [[227  42]]

 [[228  43]]

 [[229  43]]

 [[230  42]]

 [[230  41]]

 [[230  40]]

 [[230  39]]

 [[230  38]]

 [[230  37]]

 [[230  36]]

 [[230  35]]

 [[230  34]]

 [[230  33]]

 [[230  32]]

 [[229  32]]

 [[228  31]]

 [[227  30]]

 [[227  29]]

 [[227  28]]

 [[226  27]]]
[[[  0   0]]

 [[238  24]]

 [[237  24]]

 [[236  24]]

 [[235  25]]

 [[234  26]]

 [[233  27]]

 [[232  27]]

 [[232  28]]

 [[232  29]]

 [[233  29]]

 [[234  29]]

 [[235  29]]

 [[236  29]]

 [[237  29]]

 [[238  29]]

 [[239  29]]

 [[240  29]]

 [[241  29]]

 [[242  29]]

 [[243  30]]

 [[244  30]]

 [[245  30]]

 [[246  30]]

 [[247  30]]

 [[248  30]]

 [[249  30]]

 [[250  30]]

 [[251  30]]

 [[252  30]]

 [[253  30]]

 [[254  30]]

 [[255  30]]

 [[256  30]]

 [[257  30]]

 [[258  30]]

 [[259  30]]

 [[260  30]]

 [[261  30]]

 [[262  30]]

 [[263  30]]

 [[264  31]]

 [[265  31]]

 [[266  31]]

 [[267  30]]

 [[268  31]]

 [[269  31]]

 [[270  31]]

 [[270  30]]

 [[270  29]]

 [[271  28]]

 [[272  28]]

 [[273  27]]

 [[273  26]]

 [[273  25]]

 [[272  25]]

 [[271  25]]

 [[270  24]]

 [[269  24]]

 [[268  24]]

 [[267  24]]

 [[266  24]]

 [[265  24]]

 [[264  24]]

 [[263  24]]

 [[262  24]]

 [[261  24]]

 [[260  24]]

 [[259  25]]

 [[258  25]]

 [[257  25]]

 [[256  24]]

 [[255  24]]

 [[254  24]]

 [[253  25]]

 [[252  24]]

 [[251  23]]

 [[250  23]]

 [[249  23]]

 [[248  23]]

 [[247  23]]

 [[246  23]]

 [[245  24]]

 [[244  24]]

 [[243  24]]

 [[242  24]]

 [[241  24]]

 [[240  23]]]
[[[ 0  0]]

 [[ 9  3]]

 [[ 8  3]]

 [[ 7  3]]

 [[ 6  3]]

 [[ 5  4]]

 [[ 4  4]]

 [[ 3  4]]

 [[ 3  5]]

 [[ 4  6]]

 [[ 4  7]]

 [[ 3  8]]

 [[ 2  8]]

 [[ 2  9]]

 [[ 2 10]]

 [[ 2 11]]

 [[ 3 11]]

 [[ 4 10]]

 [[ 5 10]]

 [[ 6 11]]

 [[ 7 12]]

 [[ 6 13]]

 [[ 5 14]]

 [[ 4 15]]

 [[ 4 16]]

 [[ 3 17]]

 [[ 3 18]]

 [[ 2 19]]

 [[ 2 20]]

 [[ 2 21]]

 [[ 2 22]]

 [[ 2 23]]

 [[ 2 24]]

 [[ 3 24]]

 [[ 4 24]]

 [[ 5 24]]

 [[ 6 24]]

 [[ 7 24]]

 [[ 8 25]]

 [[ 9 25]]

 [[10 25]]

 [[11 25]]

 [[12 24]]

 [[13 23]]

 [[14 23]]

 [[15 23]]

 [[16 22]]

 [[17 21]]

 [[17 20]]

 [[17 19]]

 [[16 18]]

 [[15 17]]

 [[15 16]]

 [[15 15]]

 [[15 14]]

 [[15 13]]

 [[15 12]]

 [[15 11]]

 [[15 10]]

 [[14  9]]

 [[13  8]]

 [[13  7]]

 [[13  6]]

 [[13  5]]

 [[14  4]]

 [[14  3]]

 [[13  2]]

 [[12  2]]

 [[11  2]]]
