[[[  0   0]]

 [[594  99]]

 [[593 100]]

 [[593 101]]

 [[593 102]]

 [[593 103]]

 [[593 104]]

 [[593 105]]

 [[592 106]]

 [[592 107]]

 [[592 108]]

 [[592 109]]

 [[593 110]]

 [[594 111]]

 [[595 111]]

 [[596 112]]

 [[597 112]]

 [[598 112]]

 [[599 113]]

 [[600 113]]

 [[601 114]]

 [[602 114]]

 [[603 114]]

 [[604 115]]

 [[605 115]]

 [[606 115]]

 [[607 115]]

 [[608 116]]

 [[609 116]]

 [[610 116]]

 [[611 116]]

 [[612 117]]

 [[613 117]]

 [[614 117]]

 [[615 117]]

 [[616 118]]

 [[617 118]]

 [[618 118]]

 [[619 118]]

 [[620 118]]

 [[621 118]]

 [[622 118]]

 [[623 118]]

 [[624 119]]

 [[625 119]]

 [[626 119]]

 [[627 119]]

 [[628 119]]

 [[629 118]]

 [[630 118]]

 [[631 118]]

 [[632 118]]

 [[633 118]]

 [[634 118]]

 [[635 117]]

 [[636 117]]

 [[637 116]]

 [[638 116]]

 [[638 115]]

 [[638 114]]

 [[638 113]]

 [[638 112]]

 [[638 111]]

 [[638 110]]

 [[638 109]]

 [[638 108]]

 [[638 107]]

 [[637 108]]

 [[636 108]]

 [[635 108]]

 [[634 108]]

 [[633 108]]

 [[632 108]]

 [[631 108]]

 [[630 108]]

 [[629 108]]

 [[628 108]]

 [[627 108]]

 [[626 108]]

 [[625 108]]

 [[624 108]]

 [[623 107]]

 [[622 107]]

 [[621 107]]

 [[620 107]]

 [[619 107]]

 [[618 106]]

 [[617 106]]

 [[616 106]]

 [[615 106]]

 [[614 106]]

 [[613 106]]

 [[612 105]]

 [[611 105]]

 [[610 105]]

 [[609 105]]

 [[608 104]]

 [[607 104]]

 [[606 103]]

 [[605 103]]

 [[604 103]]

 [[603 102]]

 [[602 102]]

 [[601 102]]

 [[600 101]]

 [[599 101]]

 [[598 100]]

 [[597 100]]

 [[596  99]]]
[[[  0   0]]

 [[599  75]]

 [[599  76]]

 [[599  77]]

 [[599  78]]

 [[598  79]]

 [[598  80]]

 [[598  81]]

 [[598  82]]

 [[598  83]]

 [[598  84]]

 [[598  85]]

 [[599  86]]

 [[600  86]]

 [[601  86]]

 [[602  87]]

 [[603  87]]

 [[604  87]]

 [[605  87]]

 [[606  87]]

 [[607  88]]

 [[608  88]]

 [[609  88]]

 [[610  89]]

 [[611  89]]

 [[612  89]]

 [[613  89]]

 [[614  90]]

 [[615  90]]

 [[616  90]]

 [[617  91]]

 [[618  91]]

 [[619  91]]

 [[620  91]]

 [[621  91]]

 [[622  91]]

 [[623  91]]

 [[624  92]]

 [[625  92]]

 [[626  92]]

 [[627  92]]

 [[628  92]]

 [[629  92]]

 [[630  92]]

 [[631  92]]

 [[632  92]]

 [[633  93]]

 [[634  93]]

 [[635  93]]

 [[636  93]]

 [[637  94]]

 [[638  94]]

 [[638  93]]

 [[638  92]]

 [[638  91]]

 [[638  90]]

 [[638  89]]

 [[638  88]]

 [[638  87]]

 [[638  86]]

 [[638  85]]

 [[638  84]]

 [[637  83]]

 [[636  83]]

 [[635  82]]

 [[634  81]]

 [[633  81]]

 [[632  81]]

 [[631  81]]

 [[630  80]]

 [[629  80]]

 [[628  80]]

 [[627  80]]

 [[626  80]]

 [[625  80]]

 [[624  80]]

 [[623  80]]

 [[622  79]]

 [[621  79]]

 [[620  79]]

 [[619  79]]

 [[618  79]]

 [[617  78]]

 [[616  78]]

 [[615  78]]

 [[614  78]]

 [[613  77]]

 [[612  77]]

 [[611  77]]

 [[610  77]]

 [[609  77]]

 [[608  76]]

 [[607  76]]

 [[606  76]]

 [[605  75]]

 [[604  75]]

 [[603  75]]

 [[602  74]]

 [[601  74]]

 [[600  74]]]
[[[  0   0]]

 [[527  75]]

 [[526  75]]

 [[525  75]]

 [[524  75]]

 [[523  76]]

 [[522  76]]

 [[522  77]]

 [[522  78]]

 [[523  78]]

 [[524  79]]

 [[525  79]]

 [[526  78]]

 [[527  79]]

 [[528  79]]

 [[529  80]]

 [[530  81]]

 [[530  82]]

 [[531  83]]

 [[531  84]]

 [[532  85]]

 [[532  86]]

 [[533  87]]

 [[534  88]]

 [[535  88]]

 [[536  88]]

 [[537  89]]

 [[538  89]]

 [[539  89]]

 [[540  90]]

 [[541  90]]

 [[542  90]]

 [[543  90]]

 [[544  91]]

 [[545  91]]

 [[546  92]]

 [[547  92]]

 [[548  92]]

 [[549  92]]

 [[550  92]]

 [[551  93]]

 [[552  93]]

 [[553  93]]

 [[554  93]]

 [[555  93]]

 [[556  94]]

 [[557  94]]

 [[558  94]]

 [[559  94]]

 [[560  94]]

 [[561  94]]

 [[562  94]]

 [[563  94]]

 [[564  94]]

 [[565  94]]

 [[566  94]]

 [[566  93]]

 [[566  92]]

 [[566  91]]

 [[566  90]]

 [[566  89]]

 [[567  88]]

 [[566  87]]

 [[565  87]]

 [[564  87]]

 [[563  87]]

 [[562  87]]

 [[561  87]]

 [[560  87]]

 [[559  87]]

 [[558  87]]

 [[557  87]]

 [[556  87]]

 [[555  87]]

 [[554  86]]

 [[553  86]]

 [[552  86]]

 [[551  85]]

 [[550  85]]

 [[549  85]]

 [[548  85]]

 [[547  84]]

 [[546  84]]

 [[545  84]]

 [[544  84]]

 [[543  83]]

 [[542  83]]

 [[541  82]]

 [[540  82]]

 [[539  82]]

 [[538  81]]

 [[537  81]]

 [[536  81]]

 [[535  80]]

 [[534  79]]

 [[533  78]]

 [[532  78]]

 [[531  77]]

 [[530  76]]

 [[530  75]]

 [[529  74]]]
[[[  0   0]]

 [[341  72]]

 [[341  73]]

 [[341  74]]

 [[341  75]]

 [[341  76]]

 [[341  77]]

 [[341  78]]

 [[341  79]]

 [[341  80]]

 [[341  81]]

 [[341  82]]

 [[340  83]]

 [[340  84]]

 [[339  85]]

 [[338  86]]

 [[337  86]]

 [[336  86]]

 [[335  86]]

 [[334  86]]

 [[333  86]]

 [[332  86]]

 [[331  86]]

 [[330  86]]

 [[329  87]]

 [[328  87]]

 [[327  88]]

 [[326  88]]

 [[325  88]]

 [[324  88]]

 [[323  88]]

 [[322  88]]

 [[321  89]]

 [[320  89]]

 [[319  90]]

 [[318  90]]

 [[317  89]]

 [[316  89]]

 [[315  89]]

 [[314  89]]

 [[313  89]]

 [[312  90]]

 [[311  90]]

 [[310  89]]

 [[309  89]]

 [[308  89]]

 [[307  90]]

 [[306  90]]

 [[305  90]]

 [[304  90]]

 [[303  90]]

 [[302  89]]

 [[301  90]]

 [[300  90]]

 [[299  90]]

 [[298  90]]

 [[297  90]]

 [[296  90]]

 [[295  90]]

 [[294  91]]

 [[293  92]]

 [[292  92]]

 [[291  92]]

 [[290  92]]

 [[289  92]]

 [[288  92]]

 [[287  93]]

 [[286  93]]

 [[285  94]]

 [[284  94]]

 [[283  94]]

 [[282  93]]

 [[281  93]]

 [[280  93]]

 [[279  93]]

 [[278  93]]

 [[277  93]]

 [[276  93]]

 [[275  93]]

 [[274  93]]

 [[273  93]]

 [[272  93]]

 [[271  93]]

 [[270  93]]

 [[269  93]]

 [[268  94]]

 [[267  95]]

 [[266  96]]

 [[265  96]]

 [[264  96]]

 [[263  96]]

 [[262  96]]

 [[261  96]]

 [[260  95]]

 [[259  95]]

 [[258  96]]

 [[257  96]]

 [[256  97]]

 [[255  97]]

 [[254  97]]

 [[253  98]]

 [[252  98]]

 [[251  98]]

 [[250  99]]

 [[249  99]]

 [[248  98]]

 [[247  98]]

 [[246  99]]

 [[245  99]]

 [[244  99]]

 [[243  99]]

 [[242  99]]

 [[241  99]]

 [[240  99]]

 [[239  99]]

 [[238 100]]

 [[237 100]]

 [[236 100]]

 [[235 101]]

 [[234 101]]

 [[234 102]]

 [[235 103]]

 [[236 103]]

 [[237 103]]

 [[238 103]]

 [[239 103]]

 [[240 103]]

 [[241 103]]

 [[242 103]]

 [[243 103]]

 [[244 104]]

 [[245 104]]

 [[246 104]]

 [[247 104]]

 [[248 103]]

 [[249 103]]

 [[250 102]]

 [[251 101]]

 [[252 101]]

 [[253 100]]

 [[254 100]]

 [[255 101]]

 [[256 101]]

 [[257 101]]

 [[258 101]]

 [[259 101]]

 [[260 102]]

 [[261 102]]

 [[262 102]]

 [[263 102]]

 [[264 102]]

 [[265 102]]

 [[266 103]]

 [[267 102]]

 [[268 101]]

 [[269 100]]

 [[270 100]]

 [[271 100]]

 [[272 100]]

 [[273 100]]

 [[274 100]]

 [[275 100]]

 [[276 100]]

 [[277  99]]

 [[278  99]]

 [[279  99]]

 [[280  99]]

 [[281  99]]

 [[282  99]]

 [[283  98]]

 [[284  98]]

 [[285  97]]

 [[286  96]]

 [[287  96]]

 [[288  96]]

 [[289  96]]

 [[290  96]]

 [[291  96]]

 [[292  96]]

 [[293  96]]

 [[294  96]]

 [[295  96]]

 [[296  96]]

 [[297  95]]

 [[298  95]]

 [[299  95]]

 [[300  95]]

 [[301  95]]

 [[302  95]]

 [[303  94]]

 [[304  94]]

 [[305  93]]

 [[306  93]]

 [[307  93]]

 [[308  94]]

 [[309  95]]

 [[310  95]]

 [[311  95]]

 [[312  95]]

 [[313  95]]

 [[314  95]]

 [[315  95]]

 [[316  95]]

 [[317  95]]

 [[318  94]]

 [[319  94]]

 [[320  94]]

 [[321  94]]

 [[322  93]]

 [[323  93]]

 [[324  92]]

 [[325  92]]

 [[326  92]]

 [[327  92]]

 [[328  93]]

 [[329  94]]

 [[330  94]]

 [[331  94]]

 [[332  94]]

 [[333  94]]

 [[334  93]]

 [[335  92]]

 [[336  92]]

 [[337  91]]

 [[337  90]]

 [[338  89]]

 [[338  88]]

 [[338  87]]

 [[338  86]]

 [[339  85]]

 [[340  85]]

 [[341  86]]

 [[342  86]]

 [[343  86]]

 [[344  86]]

 [[345  87]]

 [[346  87]]

 [[347  87]]

 [[348  87]]

 [[349  88]]

 [[350  88]]

 [[351  88]]

 [[352  88]]

 [[353  88]]

 [[354  89]]

 [[355  89]]

 [[356  89]]

 [[357  89]]

 [[358  89]]

 [[359  89]]

 [[360  90]]

 [[361  90]]

 [[362  90]]

 [[363  90]]

 [[364  90]]

 [[365  90]]

 [[366  90]]

 [[367  90]]

 [[368  90]]

 [[369  90]]

 [[370  90]]

 [[371  90]]

 [[372  90]]

 [[373  90]]

 [[374  90]]

 [[375  89]]

 [[376  89]]

 [[377  89]]

 [[378  89]]

 [[379  88]]

 [[380  87]]

 [[380  86]]

 [[380  85]]

 [[380  84]]

 [[381  83]]

 [[382  82]]

 [[383  81]]

 [[383  80]]

 [[383  79]]

 [[383  78]]

 [[383  77]]

 [[383  76]]

 [[382  76]]

 [[381  76]]

 [[380  77]]

 [[379  78]]

 [[378  78]]

 [[377  78]]

 [[376  78]]

 [[375  79]]

 [[374  79]]

 [[373  79]]

 [[372  79]]

 [[371  79]]

 [[370  79]]

 [[369  79]]

 [[368  79]]

 [[367  79]]

 [[366  79]]

 [[365  79]]

 [[364  79]]

 [[363  79]]

 [[362  78]]

 [[361  78]]

 [[360  78]]

 [[359  78]]

 [[358  78]]

 [[357  78]]

 [[356  77]]

 [[355  77]]

 [[354  77]]

 [[353  77]]

 [[352  77]]

 [[351  76]]

 [[350  76]]

 [[349  76]]

 [[348  75]]

 [[347  75]]

 [[346  75]]

 [[345  74]]

 [[344  73]]

 [[343  72]]

 [[342  72]]]
[[[  0   0]]

 [[475  58]]

 [[474  58]]

 [[473  58]]

 [[472  58]]

 [[471  59]]

 [[470  59]]

 [[469  60]]

 [[468  61]]

 [[467  62]]

 [[466  63]]

 [[465  63]]

 [[464  63]]

 [[463  63]]

 [[462  63]]

 [[461  63]]

 [[460  63]]

 [[459  63]]

 [[458  63]]

 [[457  63]]

 [[456  64]]

 [[455  64]]

 [[454  65]]

 [[453  65]]

 [[452  65]]

 [[451  65]]

 [[450  65]]

 [[449  65]]

 [[448  65]]

 [[447  65]]

 [[446  65]]

 [[445  65]]

 [[444  66]]

 [[443  66]]

 [[442  66]]

 [[441  66]]

 [[440  66]]

 [[439  66]]

 [[438  66]]

 [[437  66]]

 [[436  66]]

 [[435  66]]

 [[434  65]]

 [[433  65]]

 [[432  64]]

 [[431  63]]

 [[430  62]]

 [[430  63]]

 [[429  64]]

 [[429  65]]

 [[429  66]]

 [[429  67]]

 [[429  68]]

 [[429  69]]

 [[428  70]]

 [[428  71]]

 [[428  72]]

 [[428  73]]

 [[428  74]]

 [[429  75]]

 [[429  76]]

 [[429  77]]

 [[429  78]]

 [[429  79]]

 [[429  80]]

 [[429  81]]

 [[429  82]]

 [[429  83]]

 [[429  84]]

 [[429  85]]

 [[429  86]]

 [[429  87]]

 [[429  88]]

 [[429  89]]

 [[429  90]]

 [[428  91]]

 [[427  91]]

 [[426  91]]

 [[426  92]]

 [[426  93]]

 [[426  94]]

 [[427  94]]

 [[428  95]]

 [[429  95]]

 [[430  96]]

 [[431  96]]

 [[431  95]]

 [[431  94]]

 [[431  93]]

 [[431  92]]

 [[430  91]]

 [[430  90]]

 [[430  89]]

 [[430  88]]

 [[430  87]]

 [[430  86]]

 [[431  85]]

 [[430  84]]

 [[431  83]]

 [[431  82]]

 [[431  81]]

 [[431  80]]

 [[431  79]]

 [[431  78]]

 [[431  77]]

 [[432  76]]

 [[433  75]]

 [[434  74]]

 [[435  73]]

 [[436  73]]

 [[437  72]]

 [[438  72]]

 [[439  72]]

 [[440  72]]

 [[441  71]]

 [[442  70]]

 [[443  70]]

 [[444  70]]

 [[445  69]]

 [[446  69]]

 [[447  68]]

 [[448  68]]

 [[449  68]]

 [[450  68]]

 [[451  68]]

 [[452  68]]

 [[453  68]]

 [[454  68]]

 [[455  68]]

 [[456  68]]

 [[457  68]]

 [[458  68]]

 [[459  68]]

 [[460  67]]

 [[461  67]]

 [[462  66]]

 [[463  66]]

 [[464  65]]

 [[465  65]]

 [[466  65]]

 [[467  65]]

 [[468  65]]

 [[469  65]]

 [[470  65]]

 [[471  65]]

 [[472  65]]

 [[473  64]]

 [[474  64]]

 [[475  63]]

 [[476  63]]

 [[477  62]]

 [[478  62]]

 [[478  61]]

 [[478  60]]

 [[478  59]]

 [[478  58]]

 [[477  57]]]
[[[  0   0]]

 [[479  49]]

 [[479  50]]

 [[480  51]]

 [[480  52]]

 [[480  53]]

 [[480  54]]

 [[481  54]]

 [[482  54]]

 [[483  55]]

 [[484  55]]

 [[485  55]]

 [[486  55]]

 [[487  55]]

 [[488  56]]

 [[489  56]]

 [[490  56]]

 [[491  56]]

 [[492  57]]

 [[493  57]]

 [[494  57]]

 [[495  57]]

 [[496  56]]

 [[497  56]]

 [[498  56]]

 [[499  56]]

 [[500  56]]

 [[501  56]]

 [[502  56]]

 [[503  56]]

 [[504  56]]

 [[505  55]]

 [[506  55]]

 [[507  54]]

 [[508  54]]

 [[509  54]]

 [[510  55]]

 [[511  55]]

 [[512  56]]

 [[512  57]]

 [[512  58]]

 [[512  59]]

 [[513  60]]

 [[514  61]]

 [[515  61]]

 [[516  61]]

 [[517  62]]

 [[518  62]]

 [[519  62]]

 [[520  62]]

 [[521  63]]

 [[522  63]]

 [[523  63]]

 [[524  63]]

 [[525  63]]

 [[526  64]]

 [[527  64]]

 [[528  64]]

 [[529  64]]

 [[530  64]]

 [[531  64]]

 [[532  64]]

 [[533  64]]

 [[534  65]]

 [[535  65]]

 [[536  66]]

 [[537  67]]

 [[538  68]]

 [[539  68]]

 [[540  69]]

 [[541  69]]

 [[542  69]]

 [[543  69]]

 [[544  70]]

 [[545  70]]

 [[546  70]]

 [[547  70]]

 [[548  71]]

 [[549  71]]

 [[550  71]]

 [[551  71]]

 [[552  72]]

 [[553  72]]

 [[554  72]]

 [[555  72]]

 [[556  73]]

 [[557  73]]

 [[558  73]]

 [[559  73]]

 [[560  73]]

 [[561  73]]

 [[562  73]]

 [[563  73]]

 [[564  73]]

 [[565  74]]

 [[566  74]]

 [[567  74]]

 [[568  75]]

 [[569  75]]

 [[570  76]]

 [[570  75]]

 [[571  74]]

 [[571  73]]

 [[572  72]]

 [[573  72]]

 [[573  71]]

 [[573  70]]

 [[574  69]]

 [[574  68]]

 [[573  68]]

 [[572  68]]

 [[571  68]]

 [[570  68]]

 [[569  68]]

 [[568  67]]

 [[567  67]]

 [[566  67]]

 [[565  67]]

 [[564  67]]

 [[563  66]]

 [[562  66]]

 [[561  66]]

 [[560  66]]

 [[559  66]]

 [[558  65]]

 [[557  65]]

 [[556  65]]

 [[555  65]]

 [[554  64]]

 [[553  64]]

 [[552  64]]

 [[551  64]]

 [[550  64]]

 [[549  63]]

 [[548  63]]

 [[547  62]]

 [[546  62]]

 [[545  62]]

 [[544  61]]

 [[543  61]]

 [[542  61]]

 [[541  61]]

 [[540  60]]

 [[539  60]]

 [[538  60]]

 [[537  59]]

 [[536  59]]

 [[535  59]]

 [[534  58]]

 [[533  58]]

 [[532  57]]

 [[531  57]]

 [[530  57]]

 [[529  57]]

 [[528  57]]

 [[527  56]]

 [[526  56]]

 [[525  56]]

 [[524  56]]

 [[523  56]]

 [[522  56]]

 [[521  55]]

 [[520  55]]

 [[519  55]]

 [[518  54]]

 [[517  54]]

 [[516  54]]

 [[515  53]]

 [[514  53]]

 [[513  52]]

 [[513  51]]

 [[512  50]]

 [[512  49]]

 [[511  48]]

 [[510  48]]

 [[509  48]]

 [[508  48]]

 [[507  48]]

 [[506  49]]

 [[505  50]]

 [[504  51]]

 [[503  52]]

 [[502  52]]

 [[501  52]]

 [[500  52]]

 [[499  52]]

 [[498  52]]

 [[497  52]]

 [[496  52]]

 [[495  51]]

 [[494  51]]

 [[493  51]]

 [[492  51]]

 [[491  51]]

 [[490  50]]

 [[489  50]]

 [[488  50]]

 [[487  49]]

 [[486  49]]

 [[485  48]]

 [[484  48]]

 [[483  48]]

 [[482  48]]

 [[481  48]]]
[[[  0   0]]

 [[344  46]]

 [[344  47]]

 [[344  48]]

 [[344  49]]

 [[344  50]]

 [[344  51]]

 [[344  52]]

 [[344  53]]

 [[344  54]]

 [[344  55]]

 [[344  56]]

 [[344  57]]

 [[344  58]]

 [[344  59]]

 [[345  59]]

 [[346  60]]

 [[347  60]]

 [[348  60]]

 [[349  61]]

 [[350  61]]

 [[351  61]]

 [[352  61]]

 [[353  62]]

 [[354  62]]

 [[355  62]]

 [[356  62]]

 [[357  62]]

 [[358  62]]

 [[359  62]]

 [[360  62]]

 [[361  62]]

 [[362  63]]

 [[363  63]]

 [[364  63]]

 [[365  63]]

 [[366  63]]

 [[367  63]]

 [[368  63]]

 [[369  63]]

 [[370  63]]

 [[371  63]]

 [[372  63]]

 [[373  63]]

 [[374  63]]

 [[375  63]]

 [[376  63]]

 [[377  63]]

 [[378  62]]

 [[379  62]]

 [[380  61]]

 [[381  61]]

 [[381  60]]

 [[381  59]]

 [[382  58]]

 [[383  57]]

 [[384  57]]

 [[385  57]]

 [[386  56]]

 [[386  55]]

 [[386  54]]

 [[386  53]]

 [[387  52]]

 [[387  51]]

 [[387  50]]

 [[387  49]]

 [[387  48]]

 [[387  47]]

 [[387  46]]

 [[386  46]]

 [[385  46]]

 [[384  46]]

 [[384  47]]

 [[383  48]]

 [[382  49]]

 [[381  50]]

 [[380  51]]

 [[379  51]]

 [[378  51]]

 [[377  51]]

 [[376  51]]

 [[375  51]]

 [[374  52]]

 [[373  52]]

 [[372  52]]

 [[371  52]]

 [[370  52]]

 [[369  52]]

 [[368  51]]

 [[367  51]]

 [[366  51]]

 [[365  51]]

 [[364  51]]

 [[363  51]]

 [[362  51]]

 [[361  51]]

 [[360  51]]

 [[359  50]]

 [[358  50]]

 [[357  50]]

 [[356  50]]

 [[355  50]]

 [[354  50]]

 [[353  49]]

 [[352  49]]

 [[351  49]]

 [[350  49]]

 [[349  48]]

 [[348  48]]

 [[347  47]]

 [[346  47]]

 [[345  46]]]
[[[  0   0]]

 [[508  32]]

 [[508  33]]

 [[507  34]]

 [[507  35]]

 [[506  36]]

 [[505  36]]

 [[504  37]]

 [[503  36]]

 [[502  36]]

 [[501  36]]

 [[500  36]]

 [[499  36]]

 [[498  36]]

 [[497  36]]

 [[496  36]]

 [[495  36]]

 [[494  36]]

 [[493  36]]

 [[492  35]]

 [[491  35]]

 [[490  35]]

 [[489  34]]

 [[488  34]]

 [[487  34]]

 [[486  34]]

 [[485  34]]

 [[484  33]]

 [[483  33]]

 [[482  33]]

 [[481  34]]

 [[481  35]]

 [[481  36]]

 [[482  37]]

 [[483  38]]

 [[484  38]]

 [[485  39]]

 [[486  39]]

 [[487  39]]

 [[488  40]]

 [[489  40]]

 [[490  40]]

 [[491  41]]

 [[492  41]]

 [[493  41]]

 [[494  41]]

 [[495  41]]

 [[496  41]]

 [[497  41]]

 [[498  42]]

 [[499  42]]

 [[500  42]]

 [[501  42]]

 [[502  42]]

 [[503  42]]

 [[504  41]]

 [[505  41]]

 [[506  40]]

 [[507  39]]

 [[508  38]]

 [[509  38]]

 [[510  38]]

 [[511  38]]

 [[512  38]]

 [[513  39]]

 [[514  40]]

 [[515  41]]

 [[515  42]]

 [[515  43]]

 [[516  44]]

 [[517  44]]

 [[518  44]]

 [[519  45]]

 [[520  45]]

 [[521  45]]

 [[522  46]]

 [[523  46]]

 [[524  46]]

 [[525  46]]

 [[526  47]]

 [[527  47]]

 [[528  47]]

 [[529  47]]

 [[530  47]]

 [[531  47]]

 [[532  47]]

 [[533  47]]

 [[534  47]]

 [[535  47]]

 [[536  47]]

 [[537  47]]

 [[537  46]]

 [[537  45]]

 [[538  44]]

 [[539  44]]

 [[540  44]]

 [[541  45]]

 [[542  45]]

 [[543  45]]

 [[544  46]]

 [[545  46]]

 [[546  46]]

 [[547  46]]

 [[548  47]]

 [[549  47]]

 [[550  47]]

 [[551  47]]

 [[552  47]]

 [[553  48]]

 [[554  48]]

 [[555  48]]

 [[556  48]]

 [[557  48]]

 [[558  48]]

 [[559  48]]

 [[560  48]]

 [[561  48]]

 [[562  48]]

 [[563  48]]

 [[564  48]]

 [[565  48]]

 [[566  49]]

 [[567  49]]

 [[568  49]]

 [[569  50]]

 [[569  51]]

 [[570  51]]

 [[571  52]]

 [[572  53]]

 [[572  54]]

 [[573  55]]

 [[573  56]]

 [[573  57]]

 [[573  58]]

 [[573  59]]

 [[573  60]]

 [[573  61]]

 [[574  62]]

 [[575  63]]

 [[575  64]]

 [[576  64]]

 [[577  65]]

 [[578  64]]

 [[579  64]]

 [[580  64]]

 [[581  65]]

 [[582  65]]

 [[583  65]]

 [[584  65]]

 [[585  65]]

 [[586  66]]

 [[587  66]]

 [[588  66]]

 [[589  66]]

 [[590  66]]

 [[591  66]]

 [[592  67]]

 [[593  68]]

 [[594  68]]

 [[595  69]]

 [[595  70]]

 [[595  71]]

 [[596  71]]

 [[597  72]]

 [[598  71]]

 [[598  70]]

 [[599  69]]

 [[599  68]]

 [[599  67]]

 [[599  66]]

 [[598  65]]

 [[598  64]]

 [[597  63]]

 [[596  62]]

 [[597  61]]

 [[596  61]]

 [[595  60]]

 [[594  60]]

 [[593  60]]

 [[592  59]]

 [[591  58]]

 [[590  57]]

 [[590  56]]

 [[590  55]]

 [[590  54]]

 [[590  53]]

 [[591  52]]

 [[591  51]]

 [[591  50]]

 [[591  49]]

 [[590  48]]

 [[589  48]]

 [[588  48]]

 [[587  47]]

 [[586  47]]

 [[585  47]]

 [[584  46]]

 [[583  46]]

 [[582  46]]

 [[581  46]]

 [[580  45]]

 [[579  45]]

 [[578  45]]

 [[577  44]]

 [[576  44]]

 [[575  44]]

 [[574  44]]

 [[573  44]]

 [[572  43]]

 [[571  43]]

 [[570  43]]

 [[569  43]]

 [[568  43]]

 [[567  43]]

 [[566  43]]

 [[565  43]]

 [[564  44]]

 [[563  45]]

 [[562  45]]

 [[561  45]]

 [[560  46]]

 [[559  45]]

 [[558  45]]

 [[557  45]]

 [[556  45]]

 [[555  45]]

 [[554  45]]

 [[553  44]]

 [[552  43]]

 [[551  43]]

 [[550  43]]

 [[549  43]]

 [[548  43]]

 [[547  43]]

 [[546  43]]

 [[545  42]]

 [[544  42]]

 [[543  42]]

 [[542  42]]

 [[541  42]]

 [[540  41]]

 [[539  41]]

 [[538  42]]

 [[537  42]]

 [[536  42]]

 [[535  41]]

 [[534  41]]

 [[533  41]]

 [[532  40]]

 [[531  40]]

 [[530  40]]

 [[529  40]]

 [[528  40]]

 [[527  40]]

 [[526  39]]

 [[525  39]]

 [[524  39]]

 [[523  39]]

 [[522  38]]

 [[521  38]]

 [[520  38]]

 [[519  37]]

 [[518  37]]

 [[517  36]]

 [[516  35]]

 [[515  34]]

 [[515  33]]

 [[514  32]]

 [[513  32]]

 [[512  32]]

 [[511  31]]

 [[510  31]]]
[[[  0   0]]

 [[380  26]]

 [[380  27]]

 [[380  28]]

 [[379  29]]

 [[378  30]]

 [[377  31]]

 [[376  31]]

 [[375  31]]

 [[374  31]]

 [[373  31]]

 [[372  31]]

 [[371  30]]

 [[370  31]]

 [[369  31]]

 [[368  30]]

 [[367  30]]

 [[366  30]]

 [[365  30]]

 [[364  30]]

 [[363  30]]

 [[362  31]]

 [[361  31]]

 [[360  31]]

 [[359  31]]

 [[358  30]]

 [[357  29]]

 [[356  29]]

 [[355  29]]

 [[354  28]]

 [[353  28]]

 [[352  28]]

 [[351  27]]

 [[350  27]]

 [[349  27]]

 [[348  27]]

 [[347  27]]

 [[347  28]]

 [[346  29]]

 [[346  30]]

 [[347  31]]

 [[348  31]]

 [[349  31]]

 [[350  31]]

 [[351  32]]

 [[352  32]]

 [[353  32]]

 [[354  32]]

 [[355  33]]

 [[356  34]]

 [[356  35]]

 [[357  36]]

 [[358  36]]

 [[359  36]]

 [[360  36]]

 [[361  36]]

 [[362  37]]

 [[363  37]]

 [[364  36]]

 [[365  36]]

 [[366  36]]

 [[367  35]]

 [[368  35]]

 [[369  35]]

 [[370  34]]

 [[371  34]]

 [[372  34]]

 [[373  34]]

 [[374  34]]

 [[375  34]]

 [[376  34]]

 [[377  34]]

 [[378  34]]

 [[379  34]]

 [[380  34]]

 [[381  33]]

 [[382  33]]

 [[383  32]]

 [[384  31]]

 [[385  30]]

 [[386  30]]

 [[387  30]]

 [[388  30]]

 [[389  31]]

 [[390  31]]

 [[391  31]]

 [[392  31]]

 [[393  31]]

 [[394  31]]

 [[395  31]]

 [[396  32]]

 [[397  32]]

 [[398  32]]

 [[399  32]]

 [[400  32]]

 [[401  32]]

 [[402  33]]

 [[403  34]]

 [[404  34]]

 [[405  35]]

 [[406  35]]

 [[407  35]]

 [[408  34]]

 [[409  34]]

 [[410  33]]

 [[411  32]]

 [[412  31]]

 [[413  31]]

 [[414  31]]

 [[415  31]]

 [[416  30]]

 [[416  29]]

 [[415  28]]

 [[414  28]]

 [[413  28]]

 [[412  27]]

 [[411  27]]

 [[410  27]]

 [[409  27]]

 [[408  27]]

 [[407  27]]

 [[406  27]]

 [[405  26]]

 [[404  26]]

 [[403  27]]

 [[402  27]]

 [[401  27]]

 [[402  28]]

 [[401  29]]

 [[400  29]]

 [[399  29]]

 [[398  29]]

 [[397  29]]

 [[396  28]]

 [[395  28]]

 [[394  28]]

 [[393  27]]

 [[392  27]]

 [[391  27]]

 [[390  27]]

 [[389  27]]

 [[388  27]]

 [[387  27]]

 [[386  26]]

 [[385  26]]

 [[384  25]]

 [[383  25]]

 [[382  25]]

 [[381  25]]]
