[[[  0   0]]

 [[535 159]]

 [[534 160]]

 [[533 161]]

 [[532 162]]

 [[531 163]]

 [[530 164]]

 [[529 165]]

 [[528 164]]

 [[527 164]]

 [[526 164]]

 [[525 164]]

 [[524 164]]

 [[523 164]]

 [[522 164]]

 [[521 164]]

 [[520 165]]

 [[519 165]]

 [[518 166]]

 [[517 165]]

 [[516 165]]

 [[515 166]]

 [[514 166]]

 [[513 166]]

 [[512 166]]

 [[511 167]]

 [[511 168]]

 [[510 169]]

 [[509 170]]

 [[508 170]]

 [[507 170]]

 [[506 170]]

 [[505 170]]

 [[504 170]]

 [[504 171]]

 [[503 172]]

 [[503 173]]

 [[502 174]]

 [[502 175]]

 [[501 176]]

 [[500 177]]

 [[499 177]]

 [[498 177]]

 [[497 178]]

 [[496 179]]

 [[495 179]]

 [[494 179]]

 [[493 179]]

 [[492 179]]

 [[491 180]]

 [[491 181]]

 [[490 182]]

 [[489 182]]

 [[488 182]]

 [[487 183]]

 [[486 183]]

 [[485 183]]

 [[484 184]]

 [[483 184]]

 [[483 185]]

 [[482 186]]

 [[481 186]]

 [[480 187]]

 [[479 188]]

 [[478 189]]

 [[477 189]]

 [[476 189]]

 [[475 189]]

 [[475 190]]

 [[476 191]]

 [[477 192]]

 [[478 192]]

 [[479 193]]

 [[480 193]]

 [[481 194]]

 [[482 195]]

 [[482 196]]

 [[482 197]]

 [[482 198]]

 [[482 199]]

 [[481 200]]

 [[480 201]]

 [[479 201]]

 [[478 201]]

 [[477 202]]

 [[476 202]]

 [[475 202]]

 [[474 202]]

 [[473 202]]

 [[472 202]]

 [[471 202]]

 [[470 202]]

 [[469 202]]

 [[469 203]]

 [[469 204]]

 [[469 205]]

 [[468 206]]

 [[467 207]]

 [[467 208]]

 [[467 209]]

 [[466 210]]

 [[466 211]]

 [[466 212]]

 [[466 213]]

 [[466 214]]

 [[466 215]]

 [[466 216]]

 [[466 217]]

 [[465 218]]

 [[464 219]]

 [[463 220]]

 [[462 220]]

 [[461 220]]

 [[460 220]]

 [[459 220]]

 [[458 221]]

 [[457 221]]

 [[456 221]]

 [[455 222]]

 [[455 223]]

 [[455 224]]

 [[456 225]]

 [[456 226]]

 [[456 227]]

 [[457 228]]

 [[457 229]]

 [[458 230]]

 [[458 231]]

 [[458 232]]

 [[458 233]]

 [[457 234]]

 [[456 234]]

 [[456 235]]

 [[455 236]]

 [[455 237]]

 [[455 238]]

 [[455 239]]

 [[455 240]]

 [[455 241]]

 [[455 242]]

 [[455 243]]

 [[455 244]]

 [[456 245]]

 [[455 246]]

 [[455 247]]

 [[454 248]]

 [[453 248]]

 [[452 247]]

 [[451 246]]

 [[451 245]]

 [[450 244]]

 [[451 243]]

 [[450 242]]

 [[449 242]]

 [[448 242]]

 [[448 243]]

 [[448 244]]

 [[448 245]]

 [[449 246]]

 [[448 247]]

 [[448 248]]

 [[448 249]]

 [[447 250]]

 [[447 251]]

 [[446 252]]

 [[445 252]]

 [[444 253]]

 [[444 254]]

 [[444 255]]

 [[444 256]]

 [[445 257]]

 [[445 258]]

 [[446 258]]

 [[447 258]]

 [[448 258]]

 [[449 258]]

 [[450 258]]

 [[451 257]]

 [[452 257]]

 [[453 258]]

 [[454 258]]

 [[455 258]]

 [[456 258]]

 [[457 258]]

 [[458 258]]

 [[459 258]]

 [[460 258]]

 [[461 258]]

 [[462 258]]

 [[463 258]]

 [[463 257]]

 [[463 256]]

 [[463 255]]

 [[463 254]]

 [[462 253]]

 [[462 252]]

 [[462 251]]

 [[462 250]]

 [[463 249]]

 [[464 248]]

 [[464 247]]

 [[464 246]]

 [[465 245]]

 [[465 244]]

 [[465 243]]

 [[464 242]]

 [[465 241]]

 [[465 240]]

 [[465 239]]

 [[466 238]]

 [[467 237]]

 [[468 236]]

 [[469 235]]

 [[470 234]]

 [[470 233]]

 [[471 232]]

 [[471 231]]

 [[471 230]]

 [[471 229]]

 [[470 228]]

 [[470 227]]

 [[470 226]]

 [[470 225]]

 [[471 224]]

 [[471 223]]

 [[472 222]]

 [[473 222]]

 [[473 221]]

 [[473 220]]

 [[473 219]]

 [[474 218]]

 [[474 217]]

 [[474 216]]

 [[473 215]]

 [[473 214]]

 [[473 213]]

 [[473 212]]

 [[474 211]]

 [[475 211]]

 [[476 211]]

 [[477 211]]

 [[478 211]]

 [[479 211]]

 [[480 212]]

 [[481 213]]

 [[482 213]]

 [[483 214]]

 [[483 215]]

 [[483 216]]

 [[484 217]]

 [[485 217]]

 [[485 216]]

 [[484 215]]

 [[483 214]]

 [[484 213]]

 [[484 212]]

 [[484 211]]

 [[484 210]]

 [[484 209]]

 [[485 208]]

 [[486 207]]

 [[487 207]]

 [[487 206]]

 [[487 205]]

 [[487 204]]

 [[486 203]]

 [[486 202]]

 [[486 201]]

 [[485 200]]

 [[485 199]]

 [[485 198]]

 [[486 197]]

 [[487 197]]

 [[488 196]]

 [[489 196]]

 [[490 196]]

 [[491 195]]

 [[492 195]]

 [[493 194]]

 [[494 193]]

 [[495 192]]

 [[496 192]]

 [[497 192]]

 [[498 192]]

 [[499 191]]

 [[499 190]]

 [[499 189]]

 [[499 188]]

 [[499 187]]

 [[500 186]]

 [[501 185]]

 [[502 184]]

 [[503 183]]

 [[503 182]]

 [[504 181]]

 [[505 180]]

 [[506 179]]

 [[507 178]]

 [[508 177]]

 [[509 177]]

 [[510 176]]

 [[511 176]]

 [[512 176]]

 [[513 177]]

 [[514 178]]

 [[515 177]]

 [[516 176]]

 [[517 176]]

 [[518 175]]

 [[518 174]]

 [[518 173]]

 [[518 172]]

 [[519 171]]

 [[519 170]]

 [[520 169]]

 [[520 168]]

 [[521 167]]

 [[522 167]]

 [[523 168]]

 [[524 168]]

 [[525 168]]

 [[526 168]]

 [[527 168]]

 [[528 168]]

 [[529 168]]

 [[530 167]]

 [[531 167]]

 [[532 167]]

 [[533 167]]

 [[534 167]]

 [[535 167]]

 [[536 167]]

 [[537 167]]

 [[538 166]]

 [[539 166]]

 [[540 166]]

 [[541 166]]

 [[542 166]]

 [[543 165]]

 [[544 164]]

 [[545 164]]

 [[545 163]]

 [[546 162]]

 [[545 161]]

 [[544 160]]

 [[543 160]]

 [[542 160]]

 [[541 159]]

 [[540 159]]

 [[539 159]]

 [[538 158]]

 [[537 158]]]
[[[  0   0]]

 [[225 101]]

 [[224 101]]

 ..., 
 [[229 100]]

 [[228 100]]

 [[227 100]]]
