[[[  0   0]]

 [[  6 203]]

 [[  6 204]]

 [[  5 205]]

 [[  4 206]]

 [[  3 206]]

 [[  2 206]]

 [[  1 206]]

 [[  1 207]]

 [[  1 208]]

 [[  1 209]]

 [[  1 210]]

 [[  2 211]]

 [[  3 211]]

 [[  4 211]]

 [[  5 211]]

 [[  6 210]]

 [[  7 210]]

 [[  8 211]]

 [[  9 211]]

 [[ 10 211]]

 [[ 11 211]]

 [[ 12 211]]

 [[ 13 212]]

 [[ 14 212]]

 [[ 15 212]]

 [[ 16 213]]

 [[ 17 213]]

 [[ 18 214]]

 [[ 19 214]]

 [[ 20 215]]

 [[ 21 215]]

 [[ 22 216]]

 [[ 23 217]]

 [[ 23 218]]

 [[ 24 219]]

 [[ 25 220]]

 [[ 26 221]]

 [[ 27 221]]

 [[ 28 222]]

 [[ 29 222]]

 [[ 30 223]]

 [[ 30 224]]

 [[ 31 225]]

 [[ 31 226]]

 [[ 31 227]]

 [[ 32 228]]

 [[ 32 229]]

 [[ 32 230]]

 [[ 32 231]]

 [[ 33 232]]

 [[ 33 233]]

 [[ 33 234]]

 [[ 33 235]]

 [[ 34 236]]

 [[ 34 237]]

 [[ 34 238]]

 [[ 35 239]]

 [[ 35 240]]

 [[ 35 241]]

 [[ 36 242]]

 [[ 36 243]]

 [[ 37 244]]

 [[ 37 245]]

 [[ 37 246]]

 [[ 38 247]]

 [[ 38 248]]

 [[ 38 249]]

 [[ 38 250]]

 [[ 39 251]]

 [[ 39 252]]

 [[ 40 253]]

 [[ 40 254]]

 [[ 40 255]]

 [[ 41 256]]

 [[ 41 257]]

 [[ 41 258]]

 [[ 42 258]]

 [[ 43 258]]

 [[ 44 258]]

 [[ 45 258]]

 [[ 46 257]]

 [[ 45 256]]

 [[ 44 255]]

 [[ 43 254]]

 [[ 43 253]]

 [[ 44 252]]

 [[ 44 251]]

 [[ 43 250]]

 [[ 43 249]]

 [[ 42 248]]

 [[ 42 247]]

 [[ 41 246]]

 [[ 41 245]]

 [[ 41 244]]

 [[ 41 243]]

 [[ 40 243]]

 [[ 39 242]]

 [[ 38 242]]

 [[ 37 241]]

 [[ 37 240]]

 [[ 36 239]]

 [[ 36 238]]

 [[ 35 237]]

 [[ 36 236]]

 [[ 36 235]]

 [[ 37 234]]

 [[ 38 234]]

 [[ 39 234]]

 [[ 40 234]]

 [[ 40 233]]

 [[ 40 232]]

 [[ 39 232]]

 [[ 38 232]]

 [[ 37 232]]

 [[ 36 232]]

 [[ 35 231]]

 [[ 34 230]]

 [[ 33 229]]

 [[ 33 228]]

 [[ 32 227]]

 [[ 32 226]]

 [[ 32 225]]

 [[ 32 224]]

 [[ 32 223]]

 [[ 32 222]]

 [[ 31 221]]

 [[ 31 220]]

 [[ 30 220]]

 [[ 29 219]]

 [[ 29 218]]

 [[ 28 217]]

 [[ 27 216]]

 [[ 26 216]]

 [[ 25 215]]

 [[ 24 215]]

 [[ 23 214]]

 [[ 22 213]]

 [[ 21 212]]

 [[ 20 211]]

 [[ 19 211]]

 [[ 18 211]]

 [[ 17 210]]

 [[ 18 209]]

 [[ 19 209]]

 [[ 20 208]]

 [[ 20 207]]

 [[ 19 207]]

 [[ 18 207]]

 [[ 17 207]]

 [[ 16 208]]

 [[ 15 209]]

 [[ 14 209]]

 [[ 13 209]]

 [[ 12 209]]

 [[ 11 209]]

 [[ 10 209]]

 [[  9 209]]

 [[  8 208]]

 [[  7 207]]

 [[  7 206]]

 [[  7 205]]

 [[  6 204]]

 [[  7 203]]]
[[[  0   0]]

 [[406 152]]

 [[405 152]]

 [[404 152]]

 [[403 152]]

 [[402 152]]

 [[401 153]]

 [[400 153]]

 [[399 153]]

 [[398 153]]

 [[397 153]]

 [[396 154]]

 [[395 154]]

 [[394 154]]

 [[393 154]]

 [[392 154]]

 [[392 155]]

 [[393 156]]

 [[394 156]]

 [[395 157]]

 [[396 157]]

 [[397 158]]

 [[398 158]]

 [[399 158]]

 [[400 159]]

 [[401 159]]

 [[402 159]]

 [[403 159]]

 [[404 159]]

 [[405 160]]

 [[406 160]]

 [[407 160]]

 [[408 160]]

 [[409 160]]

 [[410 161]]

 [[411 161]]

 [[412 161]]

 [[413 161]]

 [[414 161]]

 [[415 161]]

 [[416 162]]

 [[417 162]]

 [[418 162]]

 [[419 162]]

 [[420 162]]

 [[421 162]]

 [[422 162]]

 [[423 162]]

 [[424 162]]

 [[425 162]]

 [[426 162]]

 [[427 162]]

 [[428 162]]

 [[429 161]]

 [[430 161]]

 [[431 161]]

 [[432 161]]

 [[432 160]]

 [[431 159]]

 [[430 159]]

 [[429 158]]

 [[428 157]]

 [[427 157]]

 [[426 157]]

 [[425 157]]

 [[424 156]]

 [[423 156]]

 [[422 156]]

 [[421 156]]

 [[420 156]]

 [[419 156]]

 [[418 156]]

 [[417 155]]

 [[416 155]]

 [[415 155]]

 [[414 155]]

 [[413 155]]

 [[412 154]]

 [[411 154]]

 [[410 153]]

 [[409 152]]

 [[408 151]]]
[[[  0   0]]

 [[396 136]]

 [[395 136]]

 [[394 136]]

 [[393 136]]

 [[392 136]]

 [[391 136]]

 [[390 136]]

 [[389 136]]

 [[388 136]]

 [[387 137]]

 [[386 137]]

 [[385 137]]

 [[384 137]]

 [[383 137]]

 [[382 136]]

 [[381 137]]

 [[380 138]]

 [[379 138]]

 [[378 138]]

 [[377 139]]

 [[376 140]]

 [[375 140]]

 [[374 140]]

 [[373 141]]

 [[372 141]]

 [[371 142]]

 [[370 142]]

 [[369 142]]

 [[368 142]]

 [[367 143]]

 [[366 142]]

 [[365 142]]

 [[364 142]]

 [[363 143]]

 [[364 144]]

 [[365 145]]

 [[366 146]]

 [[366 147]]

 [[366 148]]

 [[366 149]]

 [[366 150]]

 [[365 151]]

 [[365 152]]

 [[365 153]]

 [[365 154]]

 [[365 155]]

 [[365 154]]

 [[365 153]]

 [[365 152]]

 [[365 151]]

 [[366 150]]

 [[367 149]]

 [[368 149]]

 [[369 150]]

 [[370 151]]

 [[371 152]]

 [[371 153]]

 [[372 153]]

 [[373 154]]

 [[374 154]]

 [[375 155]]

 [[375 156]]

 [[376 157]]

 [[377 157]]

 [[378 158]]

 [[379 158]]

 [[380 158]]

 [[381 159]]

 [[381 158]]

 [[380 158]]

 [[379 157]]

 [[378 156]]

 [[377 155]]

 [[376 154]]

 [[375 153]]

 [[374 152]]

 [[374 151]]

 [[374 150]]

 [[374 149]]

 [[373 148]]

 [[373 147]]

 [[374 146]]

 [[375 146]]

 [[375 145]]

 [[375 144]]

 [[376 143]]

 [[377 143]]

 [[378 142]]

 [[379 142]]

 [[380 141]]

 [[381 141]]

 [[382 141]]

 [[383 141]]

 [[384 141]]

 [[385 141]]

 [[386 141]]

 [[387 142]]

 [[387 143]]

 [[388 143]]

 [[387 142]]

 [[386 141]]

 [[385 140]]

 [[386 139]]

 [[387 139]]

 [[388 139]]

 [[389 139]]

 [[390 139]]

 [[391 140]]

 [[392 141]]

 [[392 142]]

 [[393 142]]

 [[394 143]]

 [[395 143]]

 [[396 142]]

 [[395 141]]

 [[395 140]]

 [[394 139]]

 [[395 138]]

 [[396 138]]

 [[397 138]]

 [[398 137]]

 [[399 137]]

 [[400 137]]

 [[401 137]]

 [[402 137]]

 [[403 137]]

 [[404 137]]

 [[405 137]]

 [[406 137]]

 [[407 137]]

 [[408 138]]

 [[409 138]]

 [[410 138]]

 [[411 138]]

 [[412 139]]

 [[413 140]]

 [[412 141]]

 [[411 141]]

 [[410 141]]

 [[409 141]]

 [[408 141]]

 [[407 141]]

 [[406 141]]

 [[406 142]]

 [[407 142]]

 [[408 143]]

 [[409 143]]

 [[410 143]]

 [[411 143]]

 [[412 142]]

 [[412 141]]

 [[413 140]]

 [[414 140]]

 [[415 140]]

 [[416 141]]

 [[417 141]]

 [[418 141]]

 [[419 141]]

 [[420 141]]

 [[421 142]]

 [[422 142]]

 [[423 142]]

 [[424 143]]

 [[425 143]]

 [[426 143]]

 [[427 143]]

 [[428 144]]

 [[429 144]]

 [[430 144]]

 [[431 145]]

 [[430 146]]

 [[430 147]]

 [[430 148]]

 [[431 148]]

 [[432 148]]

 [[433 148]]

 [[433 147]]

 [[432 146]]

 [[431 145]]

 [[432 144]]

 [[433 144]]

 [[434 144]]

 [[435 144]]

 [[436 145]]

 [[437 146]]

 [[438 146]]

 [[439 146]]

 [[440 147]]

 [[441 147]]

 [[442 148]]

 [[443 148]]

 [[444 149]]

 [[445 150]]

 [[446 150]]

 [[447 151]]

 [[448 152]]

 [[448 153]]

 [[449 153]]

 [[450 154]]

 [[451 155]]

 [[451 156]]

 [[451 157]]

 [[452 158]]

 [[451 159]]

 [[451 160]]

 [[451 161]]

 [[450 162]]

 [[449 163]]

 [[449 164]]

 [[448 165]]

 [[447 165]]

 [[446 165]]

 [[445 166]]

 [[444 166]]

 [[443 167]]

 [[442 167]]

 [[441 167]]

 [[440 167]]

 [[439 167]]

 [[438 168]]

 [[437 168]]

 [[436 168]]

 [[435 168]]

 [[434 168]]

 [[433 168]]

 [[432 168]]

 [[431 168]]

 [[430 168]]

 [[429 169]]

 [[428 169]]

 [[427 169]]

 [[426 168]]

 [[425 168]]

 [[424 168]]

 [[423 168]]

 [[422 168]]

 [[422 169]]

 [[423 169]]

 [[424 170]]

 [[425 170]]

 [[426 170]]

 [[427 170]]

 [[428 170]]

 [[429 170]]

 [[430 170]]

 [[431 170]]

 [[432 170]]

 [[433 170]]

 [[434 170]]

 [[435 170]]

 [[436 170]]

 [[437 170]]

 [[438 170]]

 [[439 170]]

 [[440 170]]

 [[441 170]]

 [[442 169]]

 [[443 169]]

 [[444 169]]

 [[445 168]]

 [[446 168]]

 [[447 168]]

 [[448 168]]

 [[449 167]]

 [[450 166]]

 [[451 166]]

 [[452 166]]

 [[453 166]]

 [[454 165]]

 [[455 165]]

 [[456 164]]

 [[457 165]]

 [[457 166]]

 [[457 167]]

 [[457 168]]

 [[457 167]]

 [[457 166]]

 [[458 165]]

 [[458 164]]

 [[458 163]]

 [[458 162]]

 [[458 161]]

 [[458 160]]

 [[458 159]]

 [[458 158]]

 [[457 157]]

 [[456 156]]

 [[456 155]]

 [[455 154]]

 [[454 153]]

 [[453 152]]

 [[452 151]]

 [[451 150]]

 [[450 149]]

 [[449 149]]

 [[448 148]]

 [[447 148]]

 [[446 147]]

 [[445 146]]

 [[444 146]]

 [[443 146]]

 [[442 145]]

 [[441 145]]

 [[440 144]]

 [[439 143]]

 [[438 142]]

 [[438 141]]

 [[437 140]]

 [[436 139]]

 [[435 139]]

 [[434 139]]

 [[433 140]]

 [[432 141]]

 [[431 141]]

 [[430 141]]

 [[429 141]]

 [[428 141]]

 [[427 141]]

 [[426 140]]

 [[425 140]]

 [[424 139]]

 [[423 139]]

 [[422 138]]

 [[421 138]]

 [[420 138]]

 [[419 138]]

 [[418 137]]

 [[417 137]]

 [[416 137]]

 [[415 136]]

 [[414 135]]

 [[413 135]]

 [[412 135]]

 [[411 135]]

 [[410 135]]

 [[409 135]]

 [[408 136]]

 [[407 136]]

 [[406 136]]

 [[405 136]]

 [[404 136]]

 [[403 136]]

 [[402 136]]

 [[401 136]]

 [[400 136]]

 [[399 135]]

 [[398 135]]]
[[[  0   0]]

 [[395  40]]

 [[394  41]]

 [[393  42]]

 [[393  43]]

 [[393  44]]

 [[394  45]]

 [[395  45]]

 [[396  45]]

 [[397  45]]

 [[398  46]]

 [[399  46]]

 [[400  47]]

 [[401  47]]

 [[402  48]]

 [[402  49]]

 [[403  50]]

 [[404  50]]

 [[405  50]]

 [[406  50]]

 [[407  51]]

 [[408  52]]

 [[409  52]]

 [[410  52]]

 [[411  52]]

 [[412  52]]

 [[413  53]]

 [[414  53]]

 [[415  53]]

 [[416  53]]

 [[417  53]]

 [[418  54]]

 [[419  54]]

 [[420  55]]

 [[421  55]]

 [[422  56]]

 [[423  56]]

 [[424  55]]

 [[425  54]]

 [[426  53]]

 [[427  53]]

 [[428  52]]

 [[429  52]]

 [[430  52]]

 [[431  53]]

 [[432  52]]

 [[433  53]]

 [[434  53]]

 [[435  53]]

 [[436  52]]

 [[437  51]]

 [[437  50]]

 [[437  49]]

 [[437  48]]

 [[438  47]]

 [[439  46]]

 [[440  45]]

 [[440  44]]

 [[439  43]]

 [[438  42]]

 [[437  42]]

 [[437  43]]

 [[437  44]]

 [[437  45]]

 [[437  46]]

 [[438  47]]

 [[437  48]]

 [[436  49]]

 [[435  49]]

 [[434  49]]

 [[434  50]]

 [[433  51]]

 [[432  50]]

 [[432  49]]

 [[431  49]]

 [[431  50]]

 [[430  51]]

 [[429  52]]

 [[428  51]]

 [[427  51]]

 [[426  50]]

 [[426  49]]

 [[426  48]]

 [[425  47]]

 [[424  47]]

 [[423  47]]

 [[422  47]]

 [[421  47]]

 [[420  47]]

 [[419  47]]

 [[418  47]]

 [[417  47]]

 [[416  47]]

 [[415  46]]

 [[414  45]]

 [[413  45]]

 [[412  45]]

 [[411  45]]

 [[410  45]]

 [[409  44]]

 [[408  43]]

 [[407  43]]

 [[406  43]]

 [[405  44]]

 [[404  44]]

 [[403  44]]

 [[402  43]]

 [[401  43]]

 [[400  42]]

 [[399  41]]

 [[400  40]]

 [[399  39]]

 [[398  39]]

 [[397  39]]]
[[[  0   0]]

 [[106  32]]

 [[106  33]]

 [[105  34]]

 [[105  35]]

 [[105  36]]

 [[105  37]]

 [[106  38]]

 [[107  39]]

 [[107  40]]

 [[108  41]]

 [[108  42]]

 [[107  43]]

 [[106  43]]

 [[105  43]]

 [[104  44]]

 [[103  43]]

 [[102  43]]

 [[101  43]]

 [[100  43]]

 [[ 99  43]]

 [[ 98  43]]

 [[ 98  44]]

 [[ 97  45]]

 [[ 97  46]]

 [[ 98  47]]

 [[ 98  48]]

 [[ 98  49]]

 [[ 98  50]]

 [[ 98  51]]

 [[ 98  52]]

 [[ 98  53]]

 [[ 98  54]]

 [[ 98  55]]

 [[ 98  56]]

 [[ 98  57]]

 [[ 98  58]]

 [[ 99  59]]

 [[ 99  60]]

 [[ 99  61]]

 [[ 99  62]]

 [[ 99  63]]

 [[100  64]]

 [[100  65]]

 [[101  66]]

 [[102  67]]

 [[103  67]]

 [[104  66]]

 [[105  66]]

 [[105  65]]

 [[105  64]]

 [[105  63]]

 [[105  62]]

 [[105  61]]

 [[104  60]]

 [[104  59]]

 [[103  58]]

 [[103  57]]

 [[102  56]]

 [[102  55]]

 [[101  54]]

 [[101  53]]

 [[101  52]]

 [[102  51]]

 [[102  50]]

 [[103  49]]

 [[103  48]]

 [[104  47]]

 [[105  47]]

 [[106  46]]

 [[106  45]]

 [[107  44]]

 [[107  43]]

 [[108  42]]

 [[108  41]]

 [[109  40]]

 [[110  39]]

 [[111  38]]

 [[112  37]]

 [[113  37]]

 [[114  37]]

 [[115  37]]

 [[116  37]]

 [[117  36]]

 [[118  35]]

 [[119  34]]

 [[120  34]]

 [[121  34]]

 [[122  34]]

 [[123  34]]

 [[124  34]]

 [[125  35]]

 [[126  36]]

 [[127  36]]

 [[128  35]]

 [[129  35]]

 [[130  34]]

 [[131  33]]

 [[130  32]]

 [[129  32]]

 [[128  32]]

 [[127  32]]

 [[126  32]]

 [[125  32]]

 [[124  32]]

 [[123  32]]

 [[122  32]]

 [[121  33]]

 [[120  32]]

 [[119  33]]

 [[118  33]]

 [[117  33]]

 [[116  33]]

 [[115  33]]

 [[114  33]]

 [[113  33]]

 [[112  33]]

 [[111  32]]

 [[110  32]]

 [[109  32]]

 [[108  31]]]
[[[  0   0]]

 [[190  24]]

 [[191  24]]

 [[192  24]]

 [[193  24]]

 [[194  24]]

 [[195  24]]

 [[196  24]]

 [[197  24]]

 [[198  24]]

 [[199  24]]

 [[200  24]]

 [[201  24]]

 [[202  24]]

 [[203  24]]

 [[204  24]]

 [[205  25]]

 [[206  25]]

 [[207  25]]

 [[208  26]]

 [[209  27]]

 [[209  28]]

 [[209  29]]

 [[209  30]]

 [[209  31]]

 [[209  32]]

 [[209  33]]

 [[209  34]]

 [[209  35]]

 [[208  36]]

 [[207  37]]

 [[206  37]]

 [[205  38]]

 [[204  38]]

 [[203  39]]

 [[203  40]]

 [[202  41]]

 [[202  42]]

 [[202  43]]

 [[202  44]]

 [[202  45]]

 [[202  46]]

 [[202  47]]

 [[202  48]]

 [[202  49]]

 [[202  50]]

 [[202  51]]

 [[202  52]]

 [[202  53]]

 [[202  54]]

 [[202  55]]

 [[202  56]]

 [[202  57]]

 [[202  58]]

 [[201  59]]

 [[200  60]]

 [[199  60]]

 [[198  60]]

 [[197  61]]

 [[196  61]]

 [[195  61]]

 [[194  61]]

 [[193  61]]

 [[192  61]]

 [[191  61]]

 [[190  60]]

 [[189  59]]

 [[188  58]]

 [[188  57]]

 [[187  56]]

 [[187  55]]

 [[187  54]]

 [[187  53]]

 [[187  52]]

 [[187  51]]

 [[187  50]]

 [[187  49]]

 [[187  48]]

 [[187  47]]

 [[187  46]]

 [[187  45]]

 [[187  44]]

 [[187  43]]

 [[187  42]]

 [[187  41]]

 [[187  40]]

 [[187  39]]

 [[187  38]]

 [[187  37]]

 [[187  36]]

 [[187  35]]

 [[187  34]]

 [[187  33]]

 [[187  32]]

 [[187  31]]

 [[187  30]]

 [[187  29]]

 [[187  28]]

 [[187  27]]

 [[188  26]]]
[[[ 0  0]]

 [[15 17]]

 [[15 18]]

 ..., 
 [[18 18]]

 [[18 17]]

 [[17 16]]]
[[[  0   0]]

 [[479  13]]

 [[478  14]]

 [[477  14]]

 [[476  13]]

 [[475  13]]

 [[474  13]]

 [[473  13]]

 [[473  14]]

 [[472  15]]

 [[471  15]]

 [[470  16]]

 [[469  16]]

 [[468  17]]

 [[467  17]]

 [[466  17]]

 [[465  17]]

 [[464  17]]

 [[465  17]]

 [[466  17]]

 [[467  18]]

 [[468  19]]

 [[469  19]]

 [[470  19]]

 [[471  19]]

 [[472  19]]

 [[473  19]]

 [[474  19]]

 [[475  19]]

 [[476  20]]

 [[476  21]]

 [[475  22]]

 [[474  23]]

 [[474  24]]

 [[474  25]]

 [[473  26]]

 [[473  27]]

 [[472  28]]

 [[471  29]]

 [[471  30]]

 [[471  31]]

 [[470  32]]

 [[469  32]]

 [[468  32]]

 [[467  31]]

 [[466  31]]

 [[466  32]]

 [[466  33]]

 [[467  33]]

 [[468  34]]

 [[469  35]]

 [[469  36]]

 [[470  37]]

 [[471  37]]

 [[472  37]]

 [[472  36]]

 [[472  35]]

 [[472  34]]

 [[473  33]]

 [[473  32]]

 [[474  31]]

 [[475  31]]

 [[476  31]]

 [[477  31]]

 [[478  31]]

 [[479  31]]

 [[480  31]]

 [[481  31]]

 [[482  32]]

 [[483  32]]

 [[484  33]]

 [[484  34]]

 [[484  35]]

 [[484  36]]

 [[483  37]]

 [[483  38]]

 [[482  39]]

 [[481  40]]

 [[481  41]]

 [[481  42]]

 [[481  43]]

 [[480  44]]

 [[480  45]]

 [[479  46]]

 [[478  47]]

 [[478  48]]

 [[478  49]]

 [[477  50]]

 [[476  51]]

 [[475  52]]

 [[474  52]]

 [[473  52]]

 [[472  52]]

 [[471  52]]

 [[470  51]]

 [[470  50]]

 [[470  49]]

 [[471  48]]

 [[471  47]]

 [[471  46]]

 [[470  45]]

 [[469  44]]

 [[468  44]]

 [[468  45]]

 [[467  46]]

 [[466  45]]

 [[465  45]]

 [[464  45]]

 [[463  45]]

 [[462  44]]

 [[461  44]]

 [[460  43]]

 [[460  42]]

 [[459  41]]

 [[459  40]]

 [[460  39]]

 [[461  38]]

 [[461  37]]

 [[460  36]]

 [[459  36]]

 [[458  36]]

 [[457  37]]

 [[456  38]]

 [[455  38]]

 [[454  38]]

 [[453  38]]

 [[452  37]]

 [[451  36]]

 [[450  35]]

 [[449  36]]

 [[448  36]]

 [[447  37]]

 [[446  36]]

 [[446  35]]

 [[447  34]]

 [[448  33]]

 [[448  32]]

 [[449  31]]

 [[450  31]]

 [[451  32]]

 [[452  32]]

 [[453  32]]

 [[454  31]]

 [[454  30]]

 [[455  29]]

 [[456  30]]

 [[457  30]]

 [[458  31]]

 [[458  32]]

 [[459  33]]

 [[460  33]]

 [[461  33]]

 [[462  32]]

 [[463  31]]

 [[464  30]]

 [[464  29]]

 [[464  28]]

 [[463  27]]

 [[463  26]]

 [[463  25]]

 [[463  24]]

 [[463  23]]

 [[463  22]]

 [[462  22]]

 [[461  21]]

 [[460  21]]

 [[459  21]]

 [[458  22]]

 [[457  23]]

 [[457  24]]

 [[458  25]]

 [[458  26]]

 [[458  27]]

 [[457  28]]

 [[456  28]]

 [[455  27]]

 [[454  26]]

 [[454  25]]

 [[453  24]]

 [[452  24]]

 [[452  25]]

 [[452  26]]

 [[452  27]]

 [[452  28]]

 [[451  29]]

 [[451  30]]

 [[450  31]]

 [[449  30]]

 [[448  30]]

 [[447  30]]

 [[446  30]]

 [[445  30]]

 [[444  31]]

 [[443  32]]

 [[442  32]]

 [[441  33]]

 [[440  33]]

 [[439  33]]

 [[438  33]]

 [[437  34]]

 [[437  35]]

 [[437  36]]

 [[438  37]]

 [[438  38]]

 [[439  38]]

 [[440  38]]

 [[441  38]]

 [[442  38]]

 [[443  38]]

 [[444  38]]

 [[445  38]]

 [[446  38]]

 [[447  39]]

 [[448  39]]

 [[449  39]]

 [[450  40]]

 [[451  41]]

 [[451  42]]

 [[452  42]]

 [[453  42]]

 [[454  43]]

 [[455  44]]

 [[455  45]]

 [[455  46]]

 [[455  47]]

 [[456  47]]

 [[457  47]]

 [[458  47]]

 [[459  48]]

 [[460  48]]

 [[461  49]]

 [[462  49]]

 [[463  50]]

 [[464  51]]

 [[465  52]]

 [[465  53]]

 [[465  54]]

 [[464  55]]

 [[463  56]]

 [[463  57]]

 [[464  57]]

 [[465  57]]

 [[466  57]]

 [[467  57]]

 [[468  57]]

 [[469  56]]

 [[470  55]]

 [[471  54]]

 [[472  54]]

 [[473  54]]

 [[474  54]]

 [[475  55]]

 [[476  55]]

 [[477  55]]

 [[478  54]]

 [[479  55]]

 [[480  55]]

 [[481  54]]

 [[482  53]]

 [[483  53]]

 [[484  53]]

 [[485  53]]

 [[486  53]]

 [[487  53]]

 [[488  53]]

 [[489  54]]

 [[490  54]]

 [[491  54]]

 [[491  53]]

 [[491  52]]

 [[491  51]]

 [[492  50]]

 [[493  50]]

 [[492  49]]

 [[491  49]]

 [[490  49]]

 [[490  50]]

 [[490  51]]

 [[489  52]]

 [[488  52]]

 [[487  51]]

 [[486  50]]

 [[486  49]]

 [[486  48]]

 [[486  47]]

 [[486  46]]

 [[485  46]]

 [[484  46]]

 [[483  45]]

 [[483  44]]

 [[483  43]]

 [[484  42]]

 [[485  42]]

 [[486  43]]

 [[487  44]]

 [[488  44]]

 [[489  44]]

 [[490  44]]

 [[491  45]]

 [[492  45]]

 [[493  45]]

 [[494  45]]

 [[495  45]]

 [[495  44]]

 [[495  43]]

 [[496  42]]

 [[497  42]]

 [[498  42]]

 [[499  41]]

 [[499  40]]

 [[499  39]]

 [[499  38]]

 [[500  37]]

 [[501  37]]

 [[502  37]]

 [[502  36]]

 [[502  35]]

 [[502  34]]

 [[502  33]]

 [[501  32]]

 [[501  31]]

 [[500  30]]

 [[499  30]]

 [[498  29]]

 [[497  29]]

 [[496  28]]

 [[495  27]]

 [[495  26]]

 [[496  25]]

 [[496  24]]

 [[495  23]]

 [[494  23]]

 [[493  22]]

 [[492  22]]

 [[491  22]]

 [[490  23]]

 [[490  24]]

 [[490  25]]

 [[491  26]]

 [[491  27]]

 [[491  28]]

 [[490  29]]

 [[490  30]]

 [[489  31]]

 [[488  31]]

 [[487  31]]

 [[486  31]]

 [[485  31]]

 [[484  31]]

 [[483  30]]

 [[482  30]]

 [[481  29]]

 [[481  28]]

 [[480  27]]

 [[480  26]]

 [[479  26]]

 [[478  27]]

 [[477  27]]

 [[476  26]]

 [[476  25]]

 [[477  24]]

 [[477  23]]

 [[477  22]]

 [[477  21]]

 [[478  20]]

 [[479  19]]

 [[480  20]]

 [[481  19]]

 [[482  19]]

 [[482  18]]

 [[482  17]]

 [[482  16]]

 [[482  15]]

 [[481  14]]

 [[480  13]]]
[[[  0   0]]

 [[169  10]]

 [[168  10]]

 [[167  10]]

 [[166  10]]

 [[165  11]]

 [[164  11]]

 [[163  11]]

 [[162  12]]

 [[161  12]]

 [[160  12]]

 [[159  12]]

 [[158  12]]

 [[157  12]]

 [[156  11]]

 [[155  10]]

 [[154  10]]

 [[153  11]]

 [[152  12]]

 [[151  13]]

 [[150  13]]

 [[149  13]]

 [[148  14]]

 [[147  14]]

 [[146  14]]

 [[145  14]]

 [[144  14]]

 [[143  13]]

 [[142  13]]

 [[141  12]]

 [[140  11]]

 [[140  12]]

 [[139  13]]

 [[138  14]]

 [[137  15]]

 [[136  15]]

 [[135  15]]

 [[134  15]]

 [[133  15]]

 [[132  15]]

 [[131  15]]

 [[130  15]]

 [[129  15]]

 [[128  15]]

 [[127  14]]

 [[126  14]]

 [[125  13]]

 [[124  13]]

 [[123  14]]

 [[122  14]]

 [[121  15]]

 [[120  15]]

 [[119  15]]

 [[118  15]]

 [[117  15]]

 [[116  15]]

 [[115  15]]

 [[114  15]]

 [[113  14]]

 [[112  14]]

 [[111  14]]

 [[110  14]]

 [[109  15]]

 [[108  15]]

 [[107  15]]

 [[106  16]]

 [[105  16]]

 [[104  16]]

 [[103  16]]

 [[102  16]]

 [[101  15]]

 [[100  15]]

 [[ 99  15]]

 [[ 98  14]]

 [[ 97  14]]

 [[ 96  14]]

 [[ 95  14]]

 [[ 94  14]]

 [[ 93  14]]

 [[ 92  15]]

 [[ 91  15]]

 [[ 90  15]]

 [[ 89  15]]

 [[ 88  15]]

 [[ 87  15]]

 [[ 86  15]]

 [[ 85  15]]

 [[ 84  15]]

 [[ 83  16]]

 [[ 82  16]]

 [[ 81  17]]

 [[ 80  17]]

 [[ 79  18]]

 [[ 78  18]]

 [[ 77  18]]

 [[ 76  18]]

 [[ 75  18]]

 [[ 74  18]]

 [[ 73  18]]

 [[ 72  18]]

 [[ 71  18]]

 [[ 70  18]]

 [[ 69  18]]

 [[ 68  18]]

 [[ 67  18]]

 [[ 66  18]]

 [[ 65  19]]

 [[ 64  19]]

 [[ 63  19]]

 [[ 62  19]]

 [[ 61  20]]

 [[ 60  20]]

 [[ 59  20]]

 [[ 58  20]]

 [[ 58  21]]

 [[ 59  22]]

 [[ 60  22]]

 [[ 61  22]]

 [[ 62  22]]

 [[ 63  22]]

 [[ 64  22]]

 [[ 65  22]]

 [[ 66  22]]

 [[ 67  22]]

 [[ 68  22]]

 [[ 69  22]]

 [[ 70  22]]

 [[ 71  21]]

 [[ 72  21]]

 [[ 73  21]]

 [[ 74  20]]

 [[ 75  20]]

 [[ 76  20]]

 [[ 77  21]]

 [[ 78  21]]

 [[ 79  21]]

 [[ 80  21]]

 [[ 81  21]]

 [[ 82  21]]

 [[ 83  21]]

 [[ 84  21]]

 [[ 85  20]]

 [[ 86  19]]

 [[ 87  19]]

 [[ 88  19]]

 [[ 89  19]]

 [[ 90  19]]

 [[ 91  18]]

 [[ 92  18]]

 [[ 93  18]]

 [[ 94  18]]

 [[ 95  18]]

 [[ 96  18]]

 [[ 97  18]]

 [[ 98  19]]

 [[ 99  19]]

 [[100  19]]

 [[101  19]]

 [[102  19]]

 [[103  19]]

 [[104  19]]

 [[105  18]]

 [[106  18]]

 [[107  18]]

 [[108  18]]

 [[109  18]]

 [[110  18]]

 [[111  18]]

 [[112  18]]

 [[113  17]]

 [[114  17]]

 [[115  17]]

 [[116  17]]

 [[117  17]]

 [[118  17]]

 [[119  17]]

 [[120  16]]

 [[121  16]]

 [[122  16]]

 [[123  16]]

 [[124  17]]

 [[125  17]]

 [[126  17]]

 [[127  17]]

 [[128  16]]

 [[129  16]]

 [[130  16]]

 [[131  16]]

 [[132  16]]

 [[133  16]]

 [[134  15]]

 [[135  15]]

 [[136  15]]

 [[137  15]]

 [[138  16]]

 [[139  17]]

 [[140  18]]

 [[140  19]]

 [[139  20]]

 [[139  21]]

 [[138  22]]

 [[138  23]]

 [[139  24]]

 [[140  24]]

 [[141  24]]

 [[142  23]]

 [[143  22]]

 [[144  22]]

 [[145  22]]

 [[146  22]]

 [[147  22]]

 [[148  22]]

 [[149  22]]

 [[150  22]]

 [[151  23]]

 [[152  23]]

 [[153  23]]

 [[154  23]]

 [[155  24]]

 [[156  24]]

 [[157  24]]

 [[158  23]]

 [[159  23]]

 [[160  24]]

 [[160  25]]

 [[159  26]]

 [[158  27]]

 [[158  28]]

 [[158  29]]

 [[158  30]]

 [[158  31]]

 [[158  32]]

 [[158  33]]

 [[158  34]]

 [[159  35]]

 [[159  36]]

 [[160  37]]

 [[161  37]]

 [[162  37]]

 [[163  37]]

 [[164  37]]

 [[165  37]]

 [[166  36]]

 [[167  36]]

 [[168  36]]

 [[169  36]]

 [[170  36]]

 [[171  36]]

 [[172  36]]

 [[173  36]]

 [[174  36]]

 [[175  36]]

 [[176  35]]

 [[176  34]]

 [[177  33]]

 [[178  32]]

 [[178  31]]

 [[179  30]]

 [[178  29]]

 [[178  28]]

 [[178  27]]

 [[178  26]]

 [[177  25]]

 [[177  24]]

 [[177  23]]

 [[177  22]]

 [[178  21]]

 [[179  21]]

 [[180  22]]

 [[181  22]]

 [[182  22]]

 [[183  22]]

 [[183  21]]

 [[184  20]]

 [[183  19]]

 [[183  18]]

 [[182  17]]

 [[182  16]]

 [[181  15]]

 [[180  14]]

 [[179  14]]

 [[178  14]]

 [[177  13]]

 [[176  12]]

 [[176  11]]

 [[175  11]]

 [[174  10]]

 [[173  10]]

 [[172   9]]

 [[171   9]]]
[[[  0   0]]

 [[168  12]]

 [[169  12]]

 [[170  12]]

 [[171  12]]

 [[172  12]]

 [[173  13]]

 [[174  13]]

 [[175  14]]

 [[176  15]]

 [[177  15]]

 [[178  16]]

 [[179  17]]

 [[178  18]]

 [[177  19]]

 [[176  19]]

 [[175  20]]

 [[175  21]]

 [[175  22]]

 [[175  23]]

 [[175  24]]

 [[175  25]]

 [[175  26]]

 [[175  27]]

 [[175  28]]

 [[175  29]]

 [[175  30]]

 [[175  31]]

 [[174  32]]

 [[173  33]]

 [[172  33]]

 [[171  34]]

 [[170  34]]

 [[169  34]]

 [[168  34]]

 [[167  34]]

 [[166  34]]

 [[165  34]]

 [[164  34]]

 [[163  34]]

 [[162  34]]

 [[161  33]]

 [[160  32]]

 [[160  31]]

 [[161  30]]

 [[161  29]]

 [[161  28]]

 [[160  27]]

 [[160  26]]

 [[160  25]]

 [[160  24]]

 [[160  23]]

 [[160  22]]

 [[160  21]]

 [[160  20]]

 [[160  19]]

 [[160  18]]

 [[160  17]]

 [[160  16]]

 [[160  15]]

 [[161  14]]

 [[162  14]]

 [[163  13]]

 [[164  13]]

 [[165  13]]

 [[166  13]]]
[[[  0   0]]

 [[544   6]]

 [[544   7]]

 [[544   8]]

 [[543   9]]

 [[544  10]]

 [[544  11]]

 [[545  12]]

 [[546  12]]

 [[547  12]]

 [[548  12]]

 [[549  13]]

 [[550  13]]

 [[551  13]]

 [[552  13]]

 [[553  14]]

 [[554  15]]

 [[554  16]]

 [[554  17]]

 [[554  18]]

 [[554  19]]

 [[554  20]]

 [[553  21]]

 [[553  22]]

 [[553  23]]

 [[553  24]]

 [[553  25]]

 [[553  26]]

 [[553  27]]

 [[553  28]]

 [[552  29]]

 [[552  30]]

 [[551  31]]

 [[550  32]]

 [[549  33]]

 [[549  34]]

 [[549  35]]

 [[548  36]]

 [[547  37]]

 [[546  37]]

 [[545  38]]

 [[544  38]]

 [[544  39]]

 [[545  40]]

 [[546  41]]

 [[546  42]]

 [[545  43]]

 [[545  44]]

 [[544  45]]

 [[544  46]]

 [[544  47]]

 [[544  48]]

 [[544  49]]

 [[544  50]]

 [[544  51]]

 [[544  52]]

 [[544  53]]

 [[544  54]]

 [[544  55]]

 [[544  56]]

 [[544  57]]

 [[543  58]]

 [[543  59]]

 [[543  60]]

 [[543  61]]

 [[543  62]]

 [[544  63]]

 [[544  64]]

 [[544  65]]

 [[544  66]]

 [[544  67]]

 [[543  68]]

 [[543  69]]

 [[543  70]]

 [[543  71]]

 [[543  72]]

 [[543  73]]

 [[544  74]]

 [[544  75]]

 [[544  76]]

 [[544  77]]

 [[543  78]]

 [[543  79]]

 [[542  80]]

 [[542  81]]

 [[542  82]]

 [[542  83]]

 [[542  84]]

 [[542  85]]

 [[541  86]]

 [[540  85]]

 [[540  84]]

 [[540  83]]

 [[540  82]]

 [[540  81]]

 [[539  80]]

 [[539  79]]

 [[539  78]]

 [[539  77]]

 [[539  76]]

 [[539  75]]

 [[539  74]]

 [[539  73]]

 [[539  72]]

 [[539  71]]

 [[539  70]]

 [[539  69]]

 [[539  68]]

 [[539  67]]

 [[539  66]]

 [[539  65]]

 [[539  64]]

 [[539  63]]

 [[539  62]]

 [[539  61]]

 [[539  60]]

 [[539  59]]

 [[539  58]]

 [[538  57]]

 [[538  56]]

 [[538  55]]

 [[538  54]]

 [[539  53]]

 [[539  52]]

 [[539  51]]

 [[538  50]]

 [[537  49]]

 [[536  48]]

 [[535  48]]

 [[534  49]]

 [[533  50]]

 [[532  51]]

 [[531  52]]

 [[531  53]]

 [[531  54]]

 [[531  55]]

 [[531  54]]

 [[531  53]]

 [[531  52]]

 [[532  51]]

 [[533  50]]

 [[534  51]]

 [[535  52]]

 [[535  53]]

 [[536  54]]

 [[536  55]]

 [[537  56]]

 [[537  57]]

 [[538  58]]

 [[538  59]]

 [[538  60]]

 [[538  61]]

 [[538  62]]

 [[538  63]]

 [[538  64]]

 [[539  65]]

 [[539  66]]

 [[539  67]]

 [[539  68]]

 [[539  69]]

 [[538  70]]

 [[538  71]]

 [[537  72]]

 [[537  73]]

 [[538  74]]

 [[538  75]]

 [[538  76]]

 [[538  77]]

 [[538  78]]

 [[538  79]]

 [[538  80]]

 [[538  81]]

 [[538  82]]

 [[538  83]]

 [[538  84]]

 [[539  85]]

 [[539  86]]

 [[539  87]]

 [[539  88]]

 [[540  89]]

 [[540  90]]

 [[541  91]]

 [[542  92]]

 [[543  92]]

 [[544  91]]

 [[544  90]]

 [[544  89]]

 [[545  88]]

 [[545  87]]

 [[545  86]]

 [[545  85]]

 [[545  84]]

 [[545  83]]

 [[545  82]]

 [[545  81]]

 [[545  80]]

 [[545  79]]

 [[546  78]]

 [[545  77]]

 [[545  76]]

 [[545  75]]

 [[545  74]]

 [[545  73]]

 [[545  72]]

 [[545  71]]

 [[546  70]]

 [[546  69]]

 [[546  68]]

 [[545  67]]

 [[545  66]]

 [[545  65]]

 [[545  64]]

 [[545  63]]

 [[545  62]]

 [[545  61]]

 [[545  60]]

 [[545  59]]

 [[545  58]]

 [[545  57]]

 [[545  56]]

 [[545  55]]

 [[546  54]]

 [[546  53]]

 [[546  52]]

 [[546  51]]

 [[546  50]]

 [[546  49]]

 [[546  48]]

 [[546  47]]

 [[546  46]]

 [[547  45]]

 [[548  45]]

 [[548  44]]

 [[549  43]]

 [[550  42]]

 [[550  41]]

 [[550  40]]

 [[551  39]]

 [[551  38]]

 [[552  37]]

 [[553  36]]

 [[553  35]]

 [[554  34]]

 [[554  33]]

 [[555  32]]

 [[555  31]]

 [[556  30]]

 [[556  29]]

 [[556  28]]

 [[557  27]]

 [[557  26]]

 [[557  25]]

 [[557  24]]

 [[557  23]]

 [[557  22]]

 [[556  21]]

 [[556  20]]

 [[555  19]]

 [[555  18]]

 [[555  17]]

 [[554  16]]

 [[554  15]]

 [[554  14]]

 [[553  13]]

 [[552  12]]

 [[552  11]]

 [[552  10]]

 [[551   9]]

 [[550   8]]

 [[549   8]]

 [[548   7]]

 [[547   6]]

 [[546   6]]]
[[[  0   0]]

 [[614   2]]

 [[613   3]]

 [[612   4]]

 [[611   3]]

 [[610   3]]

 [[609   3]]

 [[608   2]]

 [[607   2]]

 [[606   2]]

 [[606   3]]

 [[606   4]]

 [[606   5]]

 [[606   6]]

 [[606   7]]

 [[606   8]]

 [[605   9]]

 [[605  10]]

 [[605  11]]

 [[604  12]]

 [[604  13]]

 [[604  14]]

 [[604  15]]

 [[604  16]]

 [[603  17]]

 [[603  18]]

 [[603  19]]

 [[603  20]]

 [[603  21]]

 [[603  22]]

 [[603  23]]

 [[603  24]]

 [[604  25]]

 [[605  26]]

 [[606  27]]

 [[606  28]]

 [[607  28]]

 [[608  28]]

 [[608  27]]

 [[608  26]]

 [[609  25]]

 [[610  24]]

 [[611  23]]

 [[611  22]]

 [[611  21]]

 [[611  20]]

 [[612  19]]

 [[612  18]]

 [[612  17]]

 [[612  16]]

 [[613  15]]

 [[613  14]]

 [[614  13]]

 [[614  12]]

 [[614  11]]

 [[615  10]]

 [[615   9]]

 [[615   8]]

 [[615   7]]

 [[615   6]]

 [[615   5]]

 [[615   4]]

 [[616   3]]

 [[617   2]]

 [[618   2]]

 [[619   2]]

 [[620   2]]

 [[621   2]]

 [[622   3]]

 [[623   2]]

 [[623   1]]

 [[622   1]]

 [[621   1]]

 [[620   1]]

 [[619   1]]

 [[618   1]]

 [[617   1]]

 [[616   1]]]
[[[  0   0]]

 [[583   2]]

 [[583   3]]

 [[582   4]]

 [[582   5]]

 [[582   6]]

 [[582   7]]

 [[582   8]]

 [[582   9]]

 [[581  10]]

 [[581  11]]

 [[581  12]]

 [[580  13]]

 [[580  14]]

 [[580  15]]

 [[580  16]]

 [[579  17]]

 [[579  18]]

 [[580  19]]

 [[581  20]]

 [[582  20]]

 [[583  21]]

 [[584  22]]

 [[585  22]]

 [[586  23]]

 [[587  23]]

 [[588  23]]

 [[589  22]]

 [[590  21]]

 [[590  20]]

 [[590  19]]

 [[590  18]]

 [[591  17]]

 [[591  16]]

 [[591  15]]

 [[591  14]]

 [[591  13]]

 [[592  12]]

 [[592  11]]

 [[592  10]]

 [[593   9]]

 [[593   8]]

 [[593   7]]

 [[593   6]]

 [[594   5]]

 [[594   4]]

 [[594   3]]

 [[594   2]]

 [[594   1]]

 [[593   1]]

 [[592   1]]

 [[591   1]]

 [[590   1]]

 [[589   1]]

 [[588   1]]

 [[587   1]]

 [[586   1]]

 [[585   1]]

 [[584   1]]]
[[[  0   0]]

 [[537   2]]

 [[537   3]]

 [[538   4]]

 [[537   5]]

 [[536   5]]

 [[535   6]]

 [[534   6]]

 [[533   6]]

 [[532   6]]

 [[531   7]]

 [[530   7]]

 [[529   8]]

 [[528   8]]

 [[527   9]]

 [[526   9]]

 [[525   9]]

 [[524  10]]

 [[523  10]]

 [[522  10]]

 [[521   9]]

 [[520  10]]

 [[519  11]]

 [[518  11]]

 [[517  11]]

 [[516  12]]

 [[515  12]]

 [[516  13]]

 [[517  13]]

 [[518  14]]

 [[518  15]]

 [[519  16]]

 [[519  17]]

 [[519  18]]

 [[519  19]]

 [[519  20]]

 [[519  21]]

 [[519  22]]

 [[519  23]]

 [[520  24]]

 [[520  25]]

 [[521  25]]

 [[522  26]]

 [[523  26]]

 [[524  26]]

 [[525  25]]

 [[525  24]]

 [[525  23]]

 [[525  22]]

 [[525  21]]

 [[525  20]]

 [[526  19]]

 [[527  19]]

 [[528  20]]

 [[529  21]]

 [[530  22]]

 [[529  23]]

 [[529  24]]

 [[529  25]]

 [[529  26]]

 [[529  27]]

 [[530  28]]

 [[530  29]]

 [[530  30]]

 [[530  31]]

 [[529  32]]

 [[528  33]]

 [[528  34]]

 [[527  35]]

 [[527  36]]

 [[527  37]]

 [[526  38]]

 [[526  39]]

 [[526  40]]

 [[526  41]]

 [[526  42]]

 [[525  43]]

 [[525  44]]

 [[526  45]]

 [[526  46]]

 [[526  47]]

 [[525  48]]

 [[525  49]]

 [[525  50]]

 [[524  51]]

 [[524  52]]

 [[524  53]]

 [[524  54]]

 [[524  55]]

 [[524  56]]

 [[524  57]]

 [[524  58]]

 [[524  59]]

 [[525  60]]

 [[525  61]]

 [[525  62]]

 [[524  63]]

 [[524  64]]

 [[524  65]]

 [[524  66]]

 [[524  67]]

 [[524  68]]

 [[524  69]]

 [[524  70]]

 [[524  71]]

 [[524  72]]

 [[525  73]]

 [[525  74]]

 [[525  75]]

 [[525  76]]

 [[525  77]]

 [[525  78]]

 [[524  79]]

 [[523  80]]

 [[523  81]]

 [[523  82]]

 [[523  83]]

 [[523  84]]

 [[524  85]]

 [[525  84]]

 [[526  83]]

 [[527  83]]

 [[528  82]]

 [[529  82]]

 [[530  82]]

 [[531  82]]

 [[531  81]]

 [[531  80]]

 [[530  79]]

 [[530  78]]

 [[530  77]]

 [[530  76]]

 [[530  75]]

 [[530  74]]

 [[530  73]]

 [[531  72]]

 [[531  71]]

 [[530  70]]

 [[530  69]]

 [[530  68]]

 [[530  67]]

 [[530  66]]

 [[530  65]]

 [[529  64]]

 [[530  63]]

 [[531  62]]

 [[531  61]]

 [[531  60]]

 [[531  59]]

 [[531  60]]

 [[530  61]]

 [[530  62]]

 [[529  63]]

 [[528  64]]

 [[527  63]]

 [[526  62]]

 [[526  61]]

 [[526  60]]

 [[526  59]]

 [[526  58]]

 [[526  57]]

 [[526  56]]

 [[526  55]]

 [[526  54]]

 [[526  53]]

 [[527  52]]

 [[527  51]]

 [[527  50]]

 [[527  49]]

 [[527  48]]

 [[527  47]]

 [[527  46]]

 [[527  45]]

 [[527  44]]

 [[527  43]]

 [[528  42]]

 [[529  42]]

 [[530  42]]

 [[531  41]]

 [[532  41]]

 [[533  41]]

 [[534  41]]

 [[535  41]]

 [[536  41]]

 [[537  41]]

 [[538  42]]

 [[539  41]]

 [[540  41]]

 [[540  40]]

 [[541  39]]

 [[541  38]]

 [[540  38]]

 [[539  38]]

 [[538  37]]

 [[537  37]]

 [[536  37]]

 [[535  36]]

 [[534  36]]

 [[533  36]]

 [[532  35]]

 [[531  35]]

 [[530  34]]

 [[530  33]]

 [[530  32]]

 [[530  31]]

 [[531  30]]

 [[531  29]]

 [[532  28]]

 [[533  27]]

 [[534  26]]

 [[535  26]]

 [[536  25]]

 [[536  24]]

 [[536  23]]

 [[535  22]]

 [[534  22]]

 [[533  22]]

 [[532  22]]

 [[531  21]]

 [[530  21]]

 [[529  20]]

 [[529  19]]

 [[528  18]]

 [[527  18]]

 [[526  18]]

 [[525  18]]

 [[524  18]]

 [[523  17]]

 [[524  16]]

 [[524  15]]

 [[525  14]]

 [[525  13]]

 [[526  12]]

 [[527  12]]

 [[528  11]]

 [[529  11]]

 [[530  11]]

 [[531  12]]

 [[532  12]]

 [[533  13]]

 [[534  13]]

 [[535  14]]

 [[536  15]]

 [[537  15]]

 [[538  14]]

 [[537  13]]

 [[537  12]]

 [[537  11]]

 [[538  10]]

 [[538   9]]

 [[538   8]]

 [[538   7]]

 [[538   6]]

 [[538   5]]

 [[538   4]]

 [[538   3]]

 [[538   2]]

 [[538   1]]

 [[537   1]]]
[[[  0   0]]

 [[469   2]]

 [[469   3]]

 [[469   4]]

 [[469   5]]

 [[469   6]]

 [[469   7]]

 [[470   7]]

 [[471   7]]

 [[472   6]]

 [[473   6]]

 [[474   6]]

 [[475   6]]

 [[476   6]]

 [[477   6]]

 [[478   6]]

 [[479   6]]

 [[480   7]]

 [[480   8]]

 [[480   9]]

 [[481   9]]

 [[482   9]]

 [[483   9]]

 [[484   9]]

 [[485   9]]

 [[486   8]]

 [[487   8]]

 [[488   8]]

 [[489   8]]

 [[490   8]]

 [[491   9]]

 [[492   9]]

 [[493   9]]

 [[494   9]]

 [[495   9]]

 [[496  10]]

 [[497  10]]

 [[498  10]]

 [[499  10]]

 [[500  10]]

 [[501  10]]

 [[502  10]]

 [[503  10]]

 [[504  10]]

 [[505  11]]

 [[506  11]]

 [[507  11]]

 [[508  12]]

 [[509  12]]

 [[510  12]]

 [[510  11]]

 [[510  10]]

 [[511   9]]

 [[511   8]]

 [[512   7]]

 [[513   7]]

 [[514   7]]

 [[515   8]]

 [[516   8]]

 [[517   7]]

 [[518   7]]

 [[519   6]]

 [[518   6]]

 [[517   6]]

 [[516   6]]

 [[515   6]]

 [[514   6]]

 [[513   7]]

 [[512   6]]

 [[512   5]]

 [[511   4]]

 [[512   3]]

 [[512   2]]

 [[512   1]]

 [[511   1]]

 [[510   1]]

 [[509   1]]

 [[508   1]]

 [[507   1]]

 [[506   1]]

 [[505   1]]

 [[504   1]]

 [[503   1]]

 [[502   1]]

 [[501   1]]

 [[500   1]]

 [[499   1]]

 [[499   2]]

 [[499   3]]

 [[499   4]]

 [[499   5]]

 [[499   6]]

 [[498   7]]

 [[497   7]]

 [[496   7]]

 [[495   7]]

 [[494   7]]

 [[493   7]]

 [[492   7]]

 [[491   7]]

 [[490   6]]

 [[489   6]]

 [[488   5]]

 [[488   4]]

 [[488   3]]

 [[488   2]]

 [[488   1]]

 [[487   1]]

 [[486   1]]

 [[485   1]]

 [[484   1]]

 [[483   1]]

 [[482   1]]

 [[481   1]]

 [[480   1]]

 [[479   1]]

 [[478   1]]

 [[477   1]]

 [[476   1]]

 [[475   1]]

 [[474   1]]

 [[473   1]]

 [[472   1]]

 [[471   1]]

 [[470   1]]]
[[[  0   0]]

 [[382   2]]

 [[383   3]]

 [[383   4]]

 [[383   5]]

 [[383   6]]

 [[382   7]]

 [[382   8]]

 [[381   9]]

 [[381  10]]

 [[380  11]]

 [[380  12]]

 [[381  13]]

 [[382  14]]

 [[382  15]]

 [[382  16]]

 [[381  17]]

 [[380  17]]

 [[379  16]]

 [[378  17]]

 [[377  18]]

 [[377  19]]

 [[377  20]]

 [[377  21]]

 [[377  22]]

 [[377  23]]

 [[377  24]]

 [[377  25]]

 [[377  26]]

 [[377  27]]

 [[378  28]]

 [[378  29]]

 [[378  30]]

 [[379  30]]

 [[379  29]]

 [[380  28]]

 [[380  27]]

 [[380  26]]

 [[380  25]]

 [[379  24]]

 [[379  23]]

 [[379  22]]

 [[379  21]]

 [[380  20]]

 [[381  19]]

 [[381  18]]

 [[382  17]]

 [[383  17]]

 [[384  17]]

 [[385  17]]

 [[386  18]]

 [[385  19]]

 [[385  20]]

 [[385  21]]

 [[385  22]]

 [[385  23]]

 [[386  23]]

 [[387  24]]

 [[388  25]]

 [[389  26]]

 [[390  27]]

 [[391  27]]

 [[392  27]]

 [[393  28]]

 [[393  29]]

 [[394  30]]

 [[395  30]]

 [[396  30]]

 [[397  30]]

 [[398  30]]

 [[399  30]]

 [[400  29]]

 [[401  29]]

 [[402  29]]

 [[403  30]]

 [[404  29]]

 [[405  30]]

 [[406  30]]

 [[407  30]]

 [[408  31]]

 [[409  31]]

 [[410  31]]

 [[411  31]]

 [[412  31]]

 [[413  32]]

 [[414  32]]

 [[415  32]]

 [[416  32]]

 [[417  33]]

 [[418  33]]

 [[419  33]]

 [[420  33]]

 [[421  33]]

 [[422  33]]

 [[423  32]]

 [[424  32]]

 [[425  32]]

 [[426  31]]

 [[427  31]]

 [[428  32]]

 [[428  33]]

 [[429  34]]

 [[430  33]]

 [[431  34]]

 [[431  35]]

 [[430  36]]

 [[431  37]]

 [[432  37]]

 [[433  36]]

 [[434  36]]

 [[434  35]]

 [[434  34]]

 [[433  34]]

 [[432  34]]

 [[431  34]]

 [[430  33]]

 [[429  32]]

 [[429  31]]

 [[429  30]]

 [[428  31]]

 [[427  30]]

 [[426  29]]

 [[425  29]]

 [[424  29]]

 [[423  28]]

 [[423  27]]

 [[424  26]]

 [[425  26]]

 [[426  26]]

 [[427  25]]

 [[428  25]]

 [[429  25]]

 [[430  25]]

 [[431  25]]

 [[432  24]]

 [[433  24]]

 [[434  24]]

 [[435  24]]

 [[436  25]]

 [[437  25]]

 [[437  24]]

 [[438  23]]

 [[438  22]]

 [[437  21]]

 [[437  20]]

 [[438  19]]

 [[439  18]]

 [[440  17]]

 [[441  17]]

 [[442  18]]

 [[443  19]]

 [[442  20]]

 [[443  21]]

 [[444  21]]

 [[444  20]]

 [[444  19]]

 [[445  18]]

 [[445  17]]

 [[445  16]]

 [[446  15]]

 [[446  14]]

 [[446  13]]

 [[446  12]]

 [[446  11]]

 [[446  10]]

 [[446   9]]

 [[445   8]]

 [[444   7]]

 [[444   6]]

 [[444   5]]

 [[444   4]]

 [[444   3]]

 [[444   2]]

 [[444   1]]

 [[443   1]]

 [[442   1]]

 [[441   1]]

 [[440   1]]

 [[439   1]]

 [[438   1]]

 [[438   2]]

 [[439   3]]

 [[439   4]]

 [[439   5]]

 [[438   6]]

 [[437   7]]

 [[436   7]]

 [[435   7]]

 [[434   6]]

 [[433   5]]

 [[432   5]]

 [[431   4]]

 [[430   3]]

 [[429   2]]

 [[429   1]]

 [[428   1]]

 [[427   1]]

 [[426   1]]

 [[426   2]]

 [[427   3]]

 [[427   4]]

 [[427   5]]

 [[426   6]]

 [[426   7]]

 [[426   8]]

 [[426   9]]

 [[426  10]]

 [[425  11]]

 [[425  12]]

 [[424  13]]

 [[425  13]]

 [[426  12]]

 [[427  11]]

 [[428  11]]

 [[429  11]]

 [[430  11]]

 [[431  12]]

 [[431  13]]

 [[432  13]]

 [[433  14]]

 [[434  15]]

 [[434  16]]

 [[434  17]]

 [[434  18]]

 [[434  19]]

 [[434  20]]

 [[435  21]]

 [[434  22]]

 [[433  22]]

 [[432  22]]

 [[431  21]]

 [[430  21]]

 [[429  20]]

 [[429  19]]

 [[430  18]]

 [[430  17]]

 [[429  16]]

 [[429  15]]

 [[429  16]]

 [[428  17]]

 [[427  18]]

 [[426  18]]

 [[426  19]]

 [[425  20]]

 [[424  21]]

 [[423  21]]

 [[422  20]]

 [[421  20]]

 [[420  21]]

 [[420  22]]

 [[420  23]]

 [[420  24]]

 [[420  25]]

 [[420  26]]

 [[419  27]]

 [[418  26]]

 [[417  26]]

 [[416  27]]

 [[415  27]]

 [[414  26]]

 [[413  25]]

 [[413  24]]

 [[414  23]]

 [[415  22]]

 [[415  21]]

 [[414  20]]

 [[414  19]]

 [[414  18]]

 [[415  17]]

 [[416  17]]

 [[417  17]]

 [[416  17]]

 [[415  16]]

 [[414  15]]

 [[414  14]]

 [[414  13]]

 [[414  12]]

 [[413  12]]

 [[412  12]]

 [[411  12]]

 [[411  13]]

 [[411  14]]

 [[411  15]]

 [[412  15]]

 [[413  15]]

 [[414  16]]

 [[413  17]]

 [[413  18]]

 [[412  19]]

 [[411  20]]

 [[410  20]]

 [[409  21]]

 [[408  22]]

 [[407  22]]

 [[406  22]]

 [[405  21]]

 [[406  20]]

 [[406  19]]

 [[407  18]]

 [[407  17]]

 [[406  16]]

 [[405  17]]

 [[404  17]]

 [[403  16]]

 [[402  16]]

 [[402  17]]

 [[401  18]]

 [[400  19]]

 [[399  19]]

 [[398  19]]

 [[398  20]]

 [[397  21]]

 [[396  21]]

 [[395  20]]

 [[395  19]]

 [[394  19]]

 [[393  18]]

 [[392  17]]

 [[391  17]]

 [[390  16]]

 [[389  16]]

 [[388  17]]

 [[387  17]]

 [[386  17]]

 [[385  16]]

 [[386  15]]

 [[387  14]]

 [[388  13]]

 [[387  12]]

 [[388  11]]

 [[388  10]]

 [[387   9]]

 [[386   9]]

 [[385   8]]

 [[386   7]]

 [[386   6]]

 [[387   5]]

 [[386   4]]

 [[385   5]]

 [[384   5]]

 [[383   4]]

 [[383   3]]

 [[383   2]]

 [[383   1]]]
[[[  0   0]]

 [[333   2]]

 [[333   3]]

 [[332   4]]

 [[331   5]]

 [[331   6]]

 [[331   7]]

 [[332   8]]

 [[332   9]]

 [[332  10]]

 [[332  11]]

 [[332  12]]

 [[332  13]]

 [[332  14]]

 [[331  15]]

 [[330  16]]

 [[329  16]]

 [[328  16]]

 [[327  16]]

 [[326  15]]

 [[325  15]]

 [[324  14]]

 [[323  14]]

 [[322  14]]

 [[321  14]]

 [[320  14]]

 [[319  14]]

 [[318  14]]

 [[317  14]]

 [[316  14]]

 [[315  14]]

 [[315  15]]

 [[314  16]]

 [[313  17]]

 [[313  18]]

 [[313  19]]

 [[313  20]]

 [[313  21]]

 [[312  22]]

 [[311  22]]

 [[311  23]]

 [[312  24]]

 [[312  25]]

 [[313  26]]

 [[314  26]]

 [[315  26]]

 [[316  26]]

 [[317  27]]

 [[318  27]]

 [[319  27]]

 [[320  28]]

 [[321  28]]

 [[322  28]]

 [[323  27]]

 [[324  27]]

 [[325  27]]

 [[326  26]]

 [[327  26]]

 [[328  25]]

 [[329  24]]

 [[329  23]]

 [[329  22]]

 [[329  21]]

 [[329  20]]

 [[330  19]]

 [[331  18]]

 [[332  18]]

 [[333  17]]

 [[334  16]]

 [[335  16]]

 [[336  17]]

 [[337  17]]

 [[338  17]]

 [[339  18]]

 [[340  18]]

 [[341  19]]

 [[341  20]]

 [[342  21]]

 [[341  22]]

 [[340  22]]

 [[339  22]]

 [[338  22]]

 [[337  22]]

 [[336  23]]

 [[335  23]]

 [[334  23]]

 [[334  24]]

 [[334  25]]

 [[335  25]]

 [[336  25]]

 [[337  25]]

 [[338  25]]

 [[339  25]]

 [[340  25]]

 [[341  26]]

 [[341  27]]

 [[341  28]]

 [[342  29]]

 [[343  29]]

 [[344  29]]

 [[345  30]]

 [[346  30]]

 [[347  31]]

 [[348  31]]

 [[348  30]]

 [[348  29]]

 [[347  29]]

 [[346  28]]

 [[345  27]]

 [[345  26]]

 [[346  25]]

 [[345  25]]

 [[344  26]]

 [[343  25]]

 [[342  24]]

 [[341  23]]

 [[341  22]]

 [[342  21]]

 [[343  20]]

 [[344  19]]

 [[345  18]]

 [[346  18]]

 [[347  18]]

 [[348  18]]

 [[349  19]]

 [[350  19]]

 [[351  19]]

 [[352  19]]

 [[353  19]]

 [[354  19]]

 [[355  20]]

 [[356  20]]

 [[357  21]]

 [[358  21]]

 [[359  21]]

 [[360  21]]

 [[361  21]]

 [[362  20]]

 [[362  19]]

 [[361  19]]

 [[360  19]]

 [[359  19]]

 [[358  19]]

 [[357  19]]

 [[356  18]]

 [[355  18]]

 [[354  17]]

 [[353  16]]

 [[352  17]]

 [[351  17]]

 [[350  16]]

 [[350  15]]

 [[350  14]]

 [[349  13]]

 [[348  12]]

 [[348  11]]

 [[349  10]]

 [[350   9]]

 [[351   9]]

 [[351   8]]

 [[351   7]]

 [[350   6]]

 [[350   5]]

 [[349   5]]

 [[348   6]]

 [[347   5]]

 [[346   4]]

 [[345   4]]

 [[345   5]]

 [[345   6]]

 [[346   6]]

 [[347   7]]

 [[347   8]]

 [[347   9]]

 [[347  10]]

 [[347  11]]

 [[347  12]]

 [[347  13]]

 [[347  14]]

 [[346  15]]

 [[345  15]]

 [[344  15]]

 [[343  14]]

 [[342  15]]

 [[341  15]]

 [[340  15]]

 [[339  15]]

 [[338  15]]

 [[337  14]]

 [[336  13]]

 [[336  12]]

 [[336  11]]

 [[336  10]]

 [[335   9]]

 [[334   8]]

 [[334   7]]

 [[335   6]]

 [[335   5]]

 [[335   4]]

 [[336   3]]

 [[337   2]]

 [[338   2]]

 [[339   1]]

 [[340   1]]

 [[341   1]]

 [[340   1]]

 [[339   1]]

 [[338   1]]

 [[337   1]]

 [[336   1]]

 [[335   1]]

 [[334   1]]]
