[[[  0   0]]

 [[453  95]]

 [[454  96]]

 [[455  97]]

 [[456  98]]

 [[456  99]]

 [[457 100]]

 [[458 100]]

 [[459 101]]

 [[460 101]]

 [[461 101]]

 [[462 101]]

 [[463 102]]

 [[464 102]]

 [[465 102]]

 [[466 103]]

 [[467 103]]

 [[468 104]]

 [[469 105]]

 [[470 106]]

 [[471 106]]

 [[472 106]]

 [[473 107]]

 [[474 107]]

 [[475 108]]

 [[475 109]]

 [[476 109]]

 [[477 110]]

 [[478 110]]

 [[479 110]]

 [[480 110]]

 [[481 110]]

 [[482 110]]

 [[483 111]]

 [[484 111]]

 [[485 112]]

 [[486 112]]

 [[487 113]]

 [[488 113]]

 [[489 113]]

 [[490 113]]

 [[491 113]]

 [[492 113]]

 [[493 113]]

 [[494 113]]

 [[495 114]]

 [[496 115]]

 [[497 115]]

 [[498 116]]

 [[499 117]]

 [[500 117]]

 [[501 117]]

 [[502 118]]

 [[503 119]]

 [[504 119]]

 [[505 119]]

 [[506 119]]

 [[507 120]]

 [[508 121]]

 [[509 121]]

 [[510 121]]

 [[511 121]]

 [[512 122]]

 [[512 123]]

 [[513 124]]

 [[514 125]]

 [[515 125]]

 [[516 125]]

 [[517 125]]

 [[518 125]]

 [[519 126]]

 [[520 127]]

 [[521 127]]

 [[522 128]]

 [[523 129]]

 [[524 130]]

 [[525 129]]

 [[526 129]]

 [[527 128]]

 [[528 128]]

 [[529 129]]

 [[530 130]]

 [[531 131]]

 [[532 131]]

 [[533 132]]

 [[534 133]]

 [[535 134]]

 [[536 134]]

 [[537 134]]

 [[538 135]]

 [[539 136]]

 [[540 136]]

 [[541 136]]

 [[542 136]]

 [[543 137]]

 [[544 136]]

 [[545 136]]

 [[546 137]]

 [[547 138]]

 [[548 139]]

 [[549 140]]

 [[550 141]]

 [[551 142]]

 [[552 142]]

 [[553 142]]

 [[554 143]]

 [[555 143]]

 [[556 144]]

 [[557 144]]

 [[558 145]]

 [[559 145]]

 [[560 146]]

 [[561 146]]

 [[562 147]]

 [[563 147]]

 [[564 147]]

 [[565 148]]

 [[566 149]]

 [[567 149]]

 [[568 149]]

 [[569 149]]

 [[570 150]]

 [[571 151]]

 [[572 151]]

 [[573 152]]

 [[574 153]]

 [[575 154]]

 [[576 155]]

 [[577 155]]

 [[578 155]]

 [[579 155]]

 [[580 156]]

 [[581 157]]

 [[582 157]]

 [[582 156]]

 [[583 155]]

 [[584 155]]

 [[585 156]]

 [[586 157]]

 [[587 158]]

 [[588 159]]

 [[589 160]]

 [[589 161]]

 [[590 162]]

 [[591 163]]

 [[592 163]]

 [[593 164]]

 [[594 164]]

 [[595 163]]

 [[596 163]]

 [[597 163]]

 [[598 163]]

 [[599 164]]

 [[600 163]]

 [[599 162]]

 [[599 161]]

 [[598 160]]

 [[597 160]]

 [[596 159]]

 [[595 158]]

 [[595 157]]

 [[594 156]]

 [[593 155]]

 [[592 154]]

 [[591 154]]

 [[590 154]]

 [[589 154]]

 [[588 155]]

 [[587 155]]

 [[586 154]]

 [[585 153]]

 [[584 153]]

 [[583 152]]

 [[582 152]]

 [[581 152]]

 [[580 151]]

 [[579 151]]

 [[578 150]]

 [[577 149]]

 [[576 148]]

 [[575 147]]

 [[574 146]]

 [[573 146]]

 [[572 145]]

 [[571 145]]

 [[570 145]]

 [[569 144]]

 [[568 144]]

 [[567 144]]

 [[566 143]]

 [[566 142]]

 [[565 141]]

 [[564 141]]

 [[563 140]]

 [[562 140]]

 [[561 140]]

 [[560 139]]

 [[559 139]]

 [[558 138]]

 [[557 138]]

 [[556 138]]

 [[555 138]]

 [[554 138]]

 [[553 138]]

 [[552 138]]

 [[551 137]]

 [[550 136]]

 [[549 136]]

 [[548 136]]

 [[547 135]]

 [[547 134]]

 [[546 133]]

 [[546 132]]

 [[545 132]]

 [[544 132]]

 [[543 132]]

 [[542 132]]

 [[541 132]]

 [[540 131]]

 [[539 131]]

 [[538 130]]

 [[537 130]]

 [[536 130]]

 [[535 129]]

 [[534 128]]

 [[533 128]]

 [[532 128]]

 [[531 127]]

 [[530 126]]

 [[529 126]]

 [[528 126]]

 [[527 125]]

 [[526 124]]

 [[525 123]]

 [[525 122]]

 [[524 121]]

 [[523 120]]

 [[522 120]]

 [[521 119]]

 [[520 119]]

 [[519 119]]

 [[518 118]]

 [[517 118]]

 [[516 118]]

 [[515 117]]

 [[514 118]]

 [[513 117]]

 [[512 117]]

 [[511 117]]

 [[510 117]]

 [[509 117]]

 [[508 116]]

 [[507 115]]

 [[506 114]]

 [[505 114]]

 [[504 113]]

 [[503 113]]

 [[502 113]]

 [[501 113]]

 [[500 113]]

 [[499 113]]

 [[498 113]]

 [[497 113]]

 [[496 113]]

 [[495 112]]

 [[495 111]]

 [[494 110]]

 [[493 109]]

 [[493 108]]

 [[492 107]]

 [[492 106]]

 [[491 107]]

 [[490 107]]

 [[489 107]]

 [[488 106]]

 [[487 106]]

 [[486 106]]

 [[485 106]]

 [[484 105]]

 [[483 105]]

 [[482 105]]

 [[481 105]]

 [[480 105]]

 [[479 105]]

 [[478 105]]

 [[477 104]]

 [[476 104]]

 [[475 104]]

 [[474 103]]

 [[473 103]]

 [[472 102]]

 [[472 101]]

 [[471 100]]

 [[470 100]]

 [[469 100]]

 [[468 100]]

 [[467 100]]

 [[466 100]]

 [[465  99]]

 [[464  98]]

 [[464  97]]

 [[463  96]]

 [[462  96]]

 [[461  96]]

 [[460  96]]

 [[459  95]]

 [[458  95]]

 [[457  94]]

 [[456  94]]

 [[455  94]]]
