[[[  0   0]]

 [[512 178]]

 [[511 178]]

 [[510 179]]

 [[509 180]]

 [[508 181]]

 [[507 182]]

 [[506 182]]

 [[506 183]]

 [[506 184]]

 [[506 185]]

 [[506 186]]

 [[507 187]]

 [[506 188]]

 [[507 189]]

 [[507 190]]

 [[508 190]]

 [[508 189]]

 [[507 188]]

 [[508 187]]

 [[509 186]]

 [[510 186]]

 [[511 186]]

 [[512 185]]

 [[513 185]]

 [[514 184]]

 [[515 184]]

 [[516 183]]

 [[517 183]]

 [[518 183]]

 [[519 183]]

 [[520 183]]

 [[521 183]]

 [[522 183]]

 [[523 183]]

 [[524 183]]

 [[525 183]]

 [[526 183]]

 [[527 183]]

 [[528 183]]

 [[529 183]]

 [[530 183]]

 [[531 183]]

 [[532 183]]

 [[533 183]]

 [[534 183]]

 [[535 184]]

 [[536 185]]

 [[537 185]]

 [[538 185]]

 [[539 184]]

 [[540 184]]

 [[541 184]]

 [[542 185]]

 [[543 185]]

 [[544 185]]

 [[545 185]]

 [[546 185]]

 [[547 186]]

 [[547 187]]

 [[548 188]]

 [[549 189]]

 [[550 189]]

 [[551 190]]

 [[552 191]]

 [[553 191]]

 [[554 192]]

 [[555 192]]

 [[556 193]]

 [[557 194]]

 [[558 195]]

 [[559 196]]

 [[559 195]]

 [[559 194]]

 [[558 193]]

 [[557 192]]

 [[556 191]]

 [[555 190]]

 [[554 189]]

 [[553 188]]

 [[552 187]]

 [[551 187]]

 [[550 186]]

 [[549 185]]

 [[548 184]]

 [[547 184]]

 [[546 183]]

 [[545 183]]

 [[544 182]]

 [[543 182]]

 [[542 182]]

 [[541 181]]

 [[540 181]]

 [[539 180]]

 [[538 180]]

 [[537 179]]

 [[536 179]]

 [[535 179]]

 [[534 178]]

 [[533 178]]

 [[532 178]]

 [[531 178]]

 [[530 178]]

 [[529 178]]

 [[528 177]]

 [[527 177]]

 [[526 177]]

 [[525 177]]

 [[524 177]]

 [[523 177]]

 [[522 177]]

 [[521 177]]

 [[520 177]]

 [[519 177]]

 [[518 177]]

 [[517 177]]

 [[516 177]]

 [[515 177]]

 [[514 177]]]
[[[  0   0]]

 [[507 156]]

 [[506 157]]

 ..., 
 [[511 155]]

 [[510 155]]

 [[509 155]]]
