[[[  0   0]]

 [[543   6]]

 [[543   7]]

 [[544   8]]

 [[544   9]]

 [[544  10]]

 [[544  11]]

 [[544  12]]

 [[544  13]]

 [[544  14]]

 [[544  15]]

 [[544  16]]

 [[544  17]]

 [[543  18]]

 [[543  19]]

 [[543  20]]

 [[543  21]]

 [[542  22]]

 [[542  23]]

 [[542  24]]

 [[542  25]]

 [[541  26]]

 [[541  27]]

 [[540  28]]

 [[539  29]]

 [[539  30]]

 [[539  31]]

 [[538  32]]

 [[538  33]]

 [[537  34]]

 [[536  34]]

 [[536  35]]

 [[537  35]]

 [[538  34]]

 [[539  34]]

 [[540  34]]

 [[541  33]]

 [[542  34]]

 [[542  35]]

 [[542  36]]

 [[541  37]]

 [[541  38]]

 [[542  39]]

 [[542  40]]

 [[543  41]]

 [[543  42]]

 [[543  43]]

 [[544  42]]

 [[545  42]]

 [[546  41]]

 [[547  41]]

 [[548  41]]

 [[549  41]]

 [[550  41]]

 [[551  40]]

 [[551  39]]

 [[551  38]]

 [[551  37]]

 [[550  36]]

 [[549  36]]

 [[548  36]]

 [[547  35]]

 [[546  35]]

 [[545  34]]

 [[546  33]]

 [[546  32]]

 [[546  31]]

 [[547  30]]

 [[547  29]]

 [[548  28]]

 [[549  28]]

 [[550  28]]

 [[550  27]]

 [[550  26]]

 [[550  25]]

 [[550  24]]

 [[550  23]]

 [[551  22]]

 [[551  21]]

 [[551  20]]

 [[550  20]]

 [[549  20]]

 [[548  21]]

 [[548  22]]

 [[547  23]]

 [[546  23]]

 [[545  23]]

 [[544  23]]

 [[543  22]]

 [[543  21]]

 [[543  20]]

 [[543  19]]

 [[544  18]]

 [[545  17]]

 [[546  16]]

 [[547  15]]

 [[548  15]]

 [[549  15]]

 [[550  15]]

 [[550  14]]

 [[549  13]]

 [[548  12]]

 [[548  11]]

 [[549  10]]

 [[549   9]]

 [[549   8]]

 [[548   7]]

 [[547   7]]

 [[546   8]]

 [[545   8]]

 [[544   7]]

 [[543   6]]]
