[[[  0   0]]

 [[116  65]]

 [[115  65]]

 [[115  66]]

 [[115  67]]

 [[115  68]]

 [[115  69]]

 [[115  70]]

 [[115  71]]

 [[115  72]]

 [[115  73]]

 [[116  74]]

 [[116  75]]

 [[117  76]]

 [[117  77]]

 [[117  78]]

 [[118  79]]

 [[118  80]]

 [[118  81]]

 [[119  82]]

 [[119  83]]

 [[119  84]]

 [[119  85]]

 [[119  86]]

 [[120  87]]

 [[120  88]]

 [[119  89]]

 [[119  90]]

 [[119  91]]

 [[118  92]]

 [[117  93]]

 [[116  94]]

 [[116  95]]

 [[116  96]]

 [[116  97]]

 [[116  98]]

 [[117  98]]

 [[118  98]]

 [[119  97]]

 [[120  97]]

 [[121  96]]

 [[122  96]]

 [[123  95]]

 [[124  95]]

 [[125  94]]

 [[126  94]]

 [[127  94]]

 [[128  94]]

 [[128  93]]

 [[128  92]]

 [[129  91]]

 [[129  90]]

 [[129  89]]

 [[129  88]]

 [[129  87]]

 [[130  86]]

 [[131  85]]

 [[132  84]]

 [[132  83]]

 [[132  82]]

 [[132  81]]

 [[131  81]]

 [[130  80]]

 [[129  80]]

 [[128  80]]

 [[127  79]]

 [[127  78]]

 [[127  77]]

 [[128  76]]

 [[129  76]]

 [[129  75]]

 [[128  74]]

 [[127  73]]

 [[127  72]]

 [[126  71]]

 [[125  70]]

 [[124  69]]

 [[124  68]]

 [[124  67]]

 [[123  66]]

 [[123  65]]

 [[122  64]]

 [[121  64]]

 [[120  64]]

 [[119  64]]

 [[118  64]]]
[[[  0   0]]

 [[636  51]]

 [[635  52]]

 [[635  53]]

 [[634  54]]

 [[634  55]]

 [[634  56]]

 [[635  57]]

 [[634  58]]

 [[634  59]]

 [[633  60]]

 [[632  61]]

 [[632  62]]

 [[632  63]]

 [[632  64]]

 [[632  65]]

 [[632  66]]

 [[632  67]]

 [[632  68]]

 [[631  69]]

 [[631  70]]

 [[631  71]]

 [[631  72]]

 [[631  73]]

 [[631  74]]

 [[631  75]]

 [[631  76]]

 [[631  77]]

 [[631  78]]

 [[631  79]]

 [[630  80]]

 [[630  81]]

 [[630  82]]

 [[629  83]]

 [[629  84]]

 [[629  85]]

 [[629  86]]

 [[628  87]]

 [[628  88]]

 [[628  89]]

 [[627  90]]

 [[627  91]]

 [[627  92]]

 [[627  93]]

 [[627  94]]

 [[627  95]]

 [[627  96]]

 [[626  97]]

 [[626  98]]

 [[626  99]]

 [[627 100]]

 [[627 101]]

 [[627 102]]

 [[627 103]]

 [[627 104]]

 [[627 105]]

 [[627 106]]

 [[627 107]]

 [[627 108]]

 [[627 109]]

 [[627 110]]

 [[627 111]]

 [[627 112]]

 [[627 113]]

 [[627 114]]

 [[627 115]]

 [[627 116]]

 [[627 117]]

 [[627 118]]

 [[626 119]]

 [[626 120]]

 [[625 121]]

 [[625 122]]

 [[626 123]]

 [[626 124]]

 [[625 125]]

 [[625 126]]

 [[625 127]]

 [[624 128]]

 [[624 129]]

 [[624 130]]

 [[623 131]]

 [[623 132]]

 [[622 133]]

 [[622 134]]

 [[623 135]]

 [[623 136]]

 [[623 137]]

 [[623 138]]

 [[623 139]]

 [[623 140]]

 [[623 141]]

 [[623 142]]

 [[622 143]]

 [[622 144]]

 [[622 145]]

 [[622 146]]

 [[622 147]]

 [[623 148]]

 [[624 149]]

 [[625 150]]

 [[626 149]]

 [[627 149]]

 [[628 149]]

 [[629 149]]

 [[630 149]]

 [[631 150]]

 [[632 151]]

 [[633 151]]

 [[634 151]]

 [[635 151]]

 [[636 151]]

 [[637 151]]

 [[638 151]]

 [[638 150]]

 [[638 149]]

 [[638 148]]

 [[638 147]]

 [[638 146]]

 [[637 146]]

 [[636 146]]

 [[635 145]]

 [[636 144]]

 [[636 143]]

 [[635 142]]

 [[634 141]]

 [[633 141]]

 [[633 142]]

 [[633 143]]

 [[633 144]]

 [[632 145]]

 [[631 145]]

 [[630 145]]

 [[629 145]]

 [[628 145]]

 [[627 145]]

 [[626 145]]

 [[625 144]]

 [[625 143]]

 [[625 142]]

 [[625 141]]

 [[626 140]]

 [[627 140]]

 [[627 139]]

 [[628 138]]

 [[628 137]]

 [[628 136]]

 [[628 135]]

 [[627 134]]

 [[627 133]]

 [[626 132]]

 [[626 131]]

 [[627 130]]

 [[628 129]]

 [[628 128]]

 [[627 127]]

 [[627 126]]

 [[627 125]]

 [[627 124]]

 [[628 123]]

 [[629 122]]

 [[630 122]]

 [[629 121]]

 [[630 120]]

 [[631 119]]

 [[632 119]]

 [[633 118]]

 [[633 117]]

 [[633 116]]

 [[633 115]]

 [[633 114]]

 [[632 114]]

 [[631 113]]

 [[632 112]]

 [[632 111]]

 [[632 110]]

 [[632 109]]

 [[632 108]]

 [[632 107]]

 [[633 106]]

 [[633 105]]

 [[634 104]]

 [[635 103]]

 [[636 102]]

 [[636 101]]

 [[635 100]]

 [[634 100]]

 [[633  99]]

 [[632  98]]

 [[631  97]]

 [[631  96]]

 [[630  95]]

 [[630  94]]

 [[630  93]]

 [[630  92]]

 [[630  91]]

 [[631  90]]

 [[632  89]]

 [[633  88]]

 [[634  87]]

 [[635  87]]

 [[636  87]]

 [[637  87]]

 [[638  87]]

 [[638  86]]

 [[638  85]]

 [[637  85]]

 [[636  85]]

 [[635  84]]

 [[635  83]]

 [[635  82]]

 [[635  81]]

 [[635  80]]

 [[636  79]]

 [[636  78]]

 [[636  77]]

 [[637  76]]

 [[638  75]]

 [[637  74]]

 [[637  73]]

 [[637  72]]

 [[637  71]]

 [[637  70]]

 [[637  69]]

 [[637  68]]

 [[637  67]]

 [[637  66]]

 [[637  65]]

 [[637  64]]

 [[637  63]]

 [[637  62]]

 [[637  61]]

 [[637  60]]

 [[638  59]]

 [[638  58]]

 [[638  57]]

 [[638  56]]

 [[637  55]]

 [[637  54]]

 [[636  53]]

 [[636  52]]

 [[637  51]]]
[[[  0   0]]

 [[535  25]]

 [[534  26]]

 [[534  27]]

 [[533  28]]

 [[532  29]]

 [[532  30]]

 [[532  31]]

 [[531  32]]

 [[531  33]]

 [[531  34]]

 [[530  35]]

 [[530  36]]

 [[529  37]]

 [[529  38]]

 [[529  39]]

 [[529  40]]

 [[528  41]]

 [[527  42]]

 [[526  42]]

 [[525  42]]

 [[524  41]]

 [[523  41]]

 [[522  41]]

 [[522  42]]

 [[521  43]]

 [[520  44]]

 [[520  45]]

 [[520  46]]

 [[520  47]]

 [[519  48]]

 [[519  49]]

 [[519  50]]

 [[519  51]]

 [[519  52]]

 [[519  53]]

 [[519  54]]

 [[518  55]]

 [[517  56]]

 [[517  57]]

 [[517  58]]

 [[517  59]]

 [[516  60]]

 [[516  61]]

 [[516  62]]

 [[516  63]]

 [[516  64]]

 [[516  65]]

 [[516  66]]

 [[517  67]]

 [[517  68]]

 [[517  69]]

 [[517  70]]

 [[517  71]]

 [[517  72]]

 [[517  73]]

 [[517  74]]

 [[517  75]]

 [[517  76]]

 [[517  77]]

 [[517  78]]

 [[517  79]]

 [[516  80]]

 [[516  81]]

 [[515  82]]

 [[514  83]]

 [[513  84]]

 [[514  85]]

 [[515  84]]

 [[516  83]]

 [[517  83]]

 [[518  83]]

 [[519  83]]

 [[520  84]]

 [[521  84]]

 [[522  85]]

 [[523  85]]

 [[524  85]]

 [[525  85]]

 [[526  85]]

 [[527  85]]

 [[528  84]]

 [[528  83]]

 [[528  82]]

 [[528  81]]

 [[527  80]]

 [[527  79]]

 [[527  78]]

 [[527  77]]

 [[527  76]]

 [[527  75]]

 [[527  74]]

 [[526  73]]

 [[526  72]]

 [[526  71]]

 [[526  70]]

 [[526  69]]

 [[526  68]]

 [[526  67]]

 [[526  66]]

 [[526  65]]

 [[526  64]]

 [[526  63]]

 [[526  62]]

 [[526  61]]

 [[526  60]]

 [[527  59]]

 [[528  59]]

 [[528  58]]

 [[528  57]]

 [[527  56]]

 [[527  55]]

 [[528  54]]

 [[529  53]]

 [[530  52]]

 [[531  51]]

 [[532  50]]

 [[533  51]]

 [[533  52]]

 [[533  53]]

 [[534  53]]

 [[535  54]]

 [[536  55]]

 [[537  55]]

 [[537  54]]

 [[537  53]]

 [[537  52]]

 [[538  51]]

 [[538  50]]

 [[538  49]]

 [[537  48]]

 [[536  47]]

 [[535  46]]

 [[535  45]]

 [[536  44]]

 [[536  43]]

 [[536  42]]

 [[537  41]]

 [[538  40]]

 [[539  39]]

 [[539  38]]

 [[539  37]]

 [[539  36]]

 [[539  35]]

 [[539  34]]

 [[539  33]]

 [[540  32]]

 [[541  32]]

 [[542  31]]

 [[543  31]]

 [[544  31]]

 [[545  31]]

 [[546  31]]

 [[547  32]]

 [[548  33]]

 [[549  34]]

 [[549  35]]

 [[549  36]]

 [[550  35]]

 [[551  34]]

 [[552  34]]

 [[553  33]]

 [[554  33]]

 [[555  33]]

 [[556  32]]

 [[555  31]]

 [[554  31]]

 [[553  32]]

 [[552  32]]

 [[551  32]]

 [[550  31]]

 [[549  31]]

 [[548  30]]

 [[547  30]]

 [[546  30]]

 [[545  31]]

 [[544  31]]

 [[543  31]]

 [[542  31]]

 [[541  31]]

 [[540  31]]

 [[539  30]]

 [[539  29]]

 [[538  28]]

 [[538  27]]

 [[537  26]]

 [[537  25]]

 [[537  24]]

 [[536  24]]]
[[[  0   0]]

 [[600  14]]

 [[600  15]]

 ..., 
 [[602  15]]

 [[601  14]]

 [[601  13]]]
[[[  0   0]]

 [[290   2]]

 [[290   3]]

 [[289   4]]

 [[289   5]]

 [[289   6]]

 [[288   7]]

 [[287   6]]

 [[286   6]]

 [[285   7]]

 [[285   8]]

 [[284   9]]

 [[284  10]]

 [[283  11]]

 [[284  12]]

 [[284  13]]

 [[284  14]]

 [[284  15]]

 [[284  16]]

 [[284  17]]

 [[284  18]]

 [[284  19]]

 [[284  20]]

 [[285  21]]

 [[285  22]]

 [[285  23]]

 [[285  24]]

 [[284  25]]

 [[284  26]]

 [[284  27]]

 [[284  28]]

 [[284  29]]

 [[284  30]]

 [[284  31]]

 [[284  32]]

 [[284  33]]

 [[284  34]]

 [[284  35]]

 [[284  36]]

 [[284  37]]

 [[284  38]]

 [[284  39]]

 [[284  40]]

 [[284  41]]

 [[283  42]]

 [[282  42]]

 [[281  42]]

 [[280  41]]

 [[280  42]]

 [[279  43]]

 [[278  43]]

 [[277  43]]

 [[276  42]]

 [[277  43]]

 [[278  44]]

 [[279  45]]

 [[279  46]]

 [[279  47]]

 [[279  48]]

 [[279  49]]

 [[279  50]]

 [[278  51]]

 [[278  52]]

 [[278  53]]

 [[278  54]]

 [[278  55]]

 [[278  56]]

 [[278  57]]

 [[278  56]]

 [[279  55]]

 [[279  54]]

 [[279  53]]

 [[279  52]]

 [[278  51]]

 [[279  50]]

 [[280  49]]

 [[281  49]]

 [[282  48]]

 [[283  47]]

 [[284  48]]

 [[284  49]]

 [[284  50]]

 [[284  51]]

 [[284  52]]

 [[284  53]]

 [[284  54]]

 [[284  55]]

 [[284  56]]

 [[284  57]]

 [[284  58]]

 [[284  59]]

 [[283  60]]

 [[283  61]]

 [[283  62]]

 [[283  63]]

 [[283  64]]

 [[283  65]]

 [[283  66]]

 [[283  67]]

 [[283  68]]

 [[283  69]]

 [[283  70]]

 [[282  71]]

 [[282  72]]

 [[282  73]]

 [[283  74]]

 [[283  75]]

 [[283  76]]

 [[283  77]]

 [[283  78]]

 [[283  79]]

 [[282  80]]

 [[282  81]]

 [[282  82]]

 [[282  83]]

 [[282  84]]

 [[282  85]]

 [[282  86]]

 [[282  87]]

 [[282  88]]

 [[282  89]]

 [[282  90]]

 [[282  91]]

 [[283  92]]

 [[283  91]]

 [[283  90]]

 [[283  89]]

 [[284  88]]

 [[284  87]]

 [[284  86]]

 [[284  85]]

 [[284  84]]

 [[284  83]]

 [[284  82]]

 [[284  81]]

 [[284  80]]

 [[284  79]]

 [[284  78]]

 [[284  77]]

 [[284  76]]

 [[284  75]]

 [[285  74]]

 [[285  73]]

 [[286  72]]

 [[287  71]]

 [[287  70]]

 [[287  69]]

 [[286  68]]

 [[286  67]]

 [[286  66]]

 [[286  65]]

 [[286  64]]

 [[286  63]]

 [[286  62]]

 [[286  61]]

 [[286  60]]

 [[286  59]]

 [[286  58]]

 [[287  57]]

 [[288  58]]

 [[289  57]]

 [[289  56]]

 [[289  55]]

 [[289  54]]

 [[289  53]]

 [[289  52]]

 [[289  51]]

 [[289  50]]

 [[289  49]]

 [[289  48]]

 [[289  47]]

 [[288  47]]

 [[287  46]]

 [[287  45]]

 [[287  44]]

 [[288  43]]

 [[289  42]]

 [[289  41]]

 [[289  40]]

 [[288  40]]

 [[287  39]]

 [[287  38]]

 [[288  37]]

 [[288  36]]

 [[288  35]]

 [[288  34]]

 [[288  33]]

 [[288  32]]

 [[288  31]]

 [[288  30]]

 [[288  29]]

 [[288  28]]

 [[289  27]]

 [[289  26]]

 [[289  25]]

 [[289  24]]

 [[289  23]]

 [[290  22]]

 [[291  23]]

 [[291  24]]

 [[291  25]]

 [[292  25]]

 [[293  24]]

 [[294  23]]

 [[295  23]]

 [[295  22]]

 [[296  21]]

 [[296  20]]

 [[296  19]]

 [[296  18]]

 [[295  17]]

 [[295  16]]

 [[295  15]]

 [[295  14]]

 [[294  14]]

 [[293  13]]

 [[292  12]]

 [[291  13]]

 [[290  14]]

 [[291  15]]

 [[291  16]]

 [[291  17]]

 [[291  18]]

 [[291  19]]

 [[290  20]]

 [[289  21]]

 [[288  21]]

 [[287  20]]

 [[286  19]]

 [[285  18]]

 [[285  17]]

 [[285  16]]

 [[285  15]]

 [[285  14]]

 [[285  13]]

 [[285  12]]

 [[285  11]]

 [[286  10]]

 [[286   9]]

 [[287   8]]

 [[288   8]]

 [[289   8]]

 [[290   9]]

 [[291   9]]

 [[292  10]]

 [[293  10]]

 [[293   9]]

 [[294   8]]

 [[294   7]]

 [[294   6]]

 [[295   5]]

 [[296   4]]

 [[297   3]]

 [[298   3]]

 [[299   3]]

 [[300   3]]

 [[301   2]]

 [[302   3]]

 [[303   3]]

 [[304   3]]

 [[305   3]]

 [[306   4]]

 [[307   4]]

 [[308   4]]

 [[309   3]]

 [[310   3]]

 [[311   3]]

 [[312   3]]

 [[313   3]]

 [[314   3]]

 [[314   2]]

 [[313   1]]

 [[312   1]]

 [[311   1]]

 [[310   1]]

 [[309   1]]

 [[308   1]]

 [[307   1]]

 [[306   1]]

 [[305   1]]

 [[304   1]]

 [[303   1]]

 [[302   2]]

 [[301   2]]

 [[300   2]]

 [[299   3]]

 [[298   3]]

 [[297   3]]

 [[296   3]]

 [[295   4]]

 [[294   3]]

 [[294   2]]

 [[295   1]]

 [[296   1]]

 [[295   1]]

 [[294   1]]

 [[293   1]]

 [[292   1]]

 [[291   1]]]
[[[  0   0]]

 [[269   2]]

 [[268   3]]

 [[268   4]]

 [[268   5]]

 [[268   6]]

 [[267   7]]

 [[267   8]]

 [[267   9]]

 [[266  10]]

 [[266  11]]

 [[267  12]]

 [[267  13]]

 [[267  14]]

 [[267  15]]

 [[266  16]]

 [[266  17]]

 [[266  18]]

 [[266  19]]

 [[266  20]]

 [[266  21]]

 [[266  22]]

 [[266  23]]

 [[266  24]]

 [[266  25]]

 [[266  26]]

 [[266  27]]

 [[266  28]]

 [[266  29]]

 [[267  30]]

 [[268  30]]

 [[269  30]]

 [[270  30]]

 [[271  31]]

 [[271  32]]

 [[271  33]]

 [[272  34]]

 [[271  35]]

 [[270  35]]

 [[269  36]]

 [[268  36]]

 [[268  37]]

 [[267  38]]

 [[267  39]]

 [[268  40]]

 [[268  41]]

 [[269  41]]

 [[270  42]]

 [[271  42]]

 [[272  42]]

 [[272  41]]

 [[272  40]]

 [[272  39]]

 [[272  38]]

 [[272  37]]

 [[272  36]]

 [[271  35]]

 [[272  34]]

 [[273  33]]

 [[273  32]]

 [[274  31]]

 [[275  30]]

 [[275  29]]

 [[275  28]]

 [[275  27]]

 [[275  26]]

 [[275  25]]

 [[275  24]]

 [[275  23]]

 [[275  22]]

 [[276  21]]

 [[276  20]]

 [[276  19]]

 [[276  18]]

 [[276  17]]

 [[276  16]]

 [[276  15]]

 [[276  14]]

 [[276  13]]

 [[276  12]]

 [[277  11]]

 [[278  10]]

 [[278   9]]

 [[277   8]]

 [[277   7]]

 [[277   6]]

 [[278   5]]

 [[279   5]]

 [[280   5]]

 [[280   4]]

 [[279   3]]

 [[278   2]]

 [[277   1]]

 [[276   1]]

 [[275   1]]

 [[274   1]]

 [[273   1]]

 [[272   1]]

 [[271   1]]

 [[270   1]]]
[[[  0   0]]

 [[248   2]]

 [[247   2]]

 [[246   2]]

 [[245   2]]

 [[244   3]]

 [[245   3]]

 [[246   3]]

 [[247   3]]

 [[248   3]]

 [[249   3]]

 [[250   4]]

 [[251   4]]

 [[252   4]]

 [[253   3]]

 [[254   4]]

 [[254   5]]

 [[254   6]]

 [[254   7]]

 [[254   8]]

 [[253   9]]

 [[252  10]]

 [[252  11]]

 [[252  12]]

 [[252  13]]

 [[252  14]]

 [[252  15]]

 [[252  16]]

 [[252  17]]

 [[251  18]]

 [[251  19]]

 [[250  20]]

 [[249  21]]

 [[249  22]]

 [[248  23]]

 [[248  24]]

 [[247  25]]

 [[246  26]]

 [[246  27]]

 [[247  28]]

 [[248  28]]

 [[249  29]]

 [[249  30]]

 [[249  31]]

 [[249  32]]

 [[250  33]]

 [[251  34]]

 [[251  35]]

 [[252  36]]

 [[252  37]]

 [[253  38]]

 [[253  39]]

 [[253  40]]

 [[253  41]]

 [[253  42]]

 [[253  43]]

 [[252  44]]

 [[252  45]]

 [[252  46]]

 [[253  47]]

 [[253  48]]

 [[254  49]]

 [[254  50]]

 [[255  51]]

 [[256  52]]

 [[255  53]]

 [[254  54]]

 [[255  55]]

 [[255  56]]

 [[256  56]]

 [[257  57]]

 [[256  58]]

 [[256  59]]

 [[256  60]]

 [[256  61]]

 [[256  62]]

 [[256  63]]

 [[256  64]]

 [[256  65]]

 [[256  66]]

 [[257  67]]

 [[257  68]]

 [[257  69]]

 [[257  70]]

 [[257  71]]

 [[257  72]]

 [[258  73]]

 [[259  74]]

 [[259  75]]

 [[259  76]]

 [[258  77]]

 [[258  78]]

 [[258  79]]

 [[259  80]]

 [[260  80]]

 [[261  81]]

 [[261  80]]

 [[261  79]]

 [[261  78]]

 [[261  77]]

 [[262  76]]

 [[263  76]]

 [[264  77]]

 [[265  78]]

 [[266  77]]

 [[267  77]]

 [[267  76]]

 [[268  75]]

 [[269  74]]

 [[269  73]]

 [[269  72]]

 [[270  71]]

 [[271  70]]

 [[271  69]]

 [[271  68]]

 [[271  67]]

 [[271  66]]

 [[272  65]]

 [[273  64]]

 [[274  64]]

 [[275  63]]

 [[276  62]]

 [[277  61]]

 [[277  60]]

 [[276  60]]

 [[275  60]]

 [[274  61]]

 [[273  61]]

 [[272  61]]

 [[271  60]]

 [[271  59]]

 [[271  58]]

 [[271  57]]

 [[272  56]]

 [[272  55]]

 [[272  54]]

 [[272  53]]

 [[272  52]]

 [[272  51]]

 [[272  50]]

 [[271  49]]

 [[271  48]]

 [[271  47]]

 [[270  47]]

 [[269  46]]

 [[268  46]]

 [[267  47]]

 [[267  48]]

 [[267  49]]

 [[267  50]]

 [[266  51]]

 [[265  51]]

 [[264  51]]

 [[263  50]]

 [[263  49]]

 [[263  48]]

 [[264  47]]

 [[264  46]]

 [[264  45]]

 [[264  44]]

 [[264  43]]

 [[264  42]]

 [[264  41]]

 [[263  40]]

 [[263  39]]

 [[263  38]]

 [[262  37]]

 [[262  36]]

 [[262  35]]

 [[262  34]]

 [[261  33]]

 [[261  34]]

 [[261  35]]

 [[261  36]]

 [[261  37]]

 [[261  38]]

 [[261  39]]

 [[261  40]]

 [[261  41]]

 [[261  42]]

 [[262  43]]

 [[262  44]]

 [[261  45]]

 [[261  46]]

 [[261  47]]

 [[261  48]]

 [[262  49]]

 [[262  50]]

 [[262  51]]

 [[263  52]]

 [[264  51]]

 [[265  51]]

 [[266  51]]

 [[267  52]]

 [[268  52]]

 [[269  53]]

 [[269  54]]

 [[269  55]]

 [[268  56]]

 [[268  57]]

 [[269  58]]

 [[269  59]]

 [[269  60]]

 [[269  61]]

 [[269  62]]

 [[269  63]]

 [[268  64]]

 [[268  65]]

 [[268  66]]

 [[267  67]]

 [[266  67]]

 [[265  67]]

 [[264  68]]

 [[264  69]]

 [[264  70]]

 [[263  71]]

 [[262  72]]

 [[261  72]]

 [[260  71]]

 [[259  70]]

 [[259  69]]

 [[259  68]]

 [[259  67]]

 [[260  66]]

 [[260  65]]

 [[259  64]]

 [[258  63]]

 [[258  62]]

 [[258  61]]

 [[258  60]]

 [[258  59]]

 [[258  58]]

 [[257  57]]

 [[257  56]]

 [[257  55]]

 [[257  54]]

 [[257  53]]

 [[257  52]]

 [[257  51]]

 [[256  50]]

 [[256  49]]

 [[256  48]]

 [[256  47]]

 [[256  46]]

 [[256  45]]

 [[256  44]]

 [[256  43]]

 [[255  42]]

 [[255  41]]

 [[255  40]]

 [[255  39]]

 [[255  38]]

 [[255  37]]

 [[254  36]]

 [[254  35]]

 [[253  34]]

 [[253  33]]

 [[253  32]]

 [[253  31]]

 [[253  30]]

 [[253  29]]

 [[253  28]]

 [[254  27]]

 [[254  26]]

 [[253  25]]

 [[253  24]]

 [[253  23]]

 [[253  22]]

 [[254  21]]

 [[254  20]]

 [[255  19]]

 [[255  18]]

 [[255  17]]

 [[255  16]]

 [[254  15]]

 [[255  14]]

 [[255  13]]

 [[255  12]]

 [[256  11]]

 [[257  11]]

 [[258  11]]

 [[258  10]]

 [[258   9]]

 [[257   9]]

 [[256   8]]

 [[256   7]]

 [[256   6]]

 [[256   5]]

 [[256   4]]

 [[256   3]]

 [[255   2]]

 [[255   1]]

 [[254   1]]

 [[253   1]]

 [[252   1]]

 [[251   1]]

 [[250   1]]]
[[[  0   0]]

 [[ 84   2]]

 [[ 84   3]]

 [[ 85   3]]

 [[ 86   2]]

 [[ 87   2]]

 [[ 88   3]]

 [[ 88   4]]

 [[ 89   5]]

 [[ 89   6]]

 [[ 89   7]]

 [[ 89   8]]

 [[ 89   9]]

 [[ 89  10]]

 [[ 89  11]]

 [[ 89  12]]

 [[ 89  13]]

 [[ 89  14]]

 [[ 89  15]]

 [[ 89  16]]

 [[ 89  17]]

 [[ 88  18]]

 [[ 89  19]]

 [[ 89  20]]

 [[ 89  21]]

 [[ 89  22]]

 [[ 89  23]]

 [[ 89  24]]

 [[ 89  25]]

 [[ 90  26]]

 [[ 90  27]]

 [[ 90  28]]

 [[ 90  29]]

 [[ 90  30]]

 [[ 90  31]]

 [[ 90  32]]

 [[ 91  33]]

 [[ 91  34]]

 [[ 91  35]]

 [[ 92  36]]

 [[ 92  37]]

 [[ 92  38]]

 [[ 92  39]]

 [[ 92  40]]

 [[ 92  41]]

 [[ 92  42]]

 [[ 92  43]]

 [[ 92  44]]

 [[ 92  45]]

 [[ 92  46]]

 [[ 92  47]]

 [[ 92  48]]

 [[ 92  49]]

 [[ 92  50]]

 [[ 92  51]]

 [[ 92  52]]

 [[ 92  53]]

 [[ 92  54]]

 [[ 92  55]]

 [[ 92  56]]

 [[ 92  57]]

 [[ 93  58]]

 [[ 92  59]]

 [[ 92  60]]

 [[ 92  61]]

 [[ 93  62]]

 [[ 93  63]]

 [[ 92  64]]

 [[ 92  65]]

 [[ 92  66]]

 [[ 92  67]]

 [[ 92  68]]

 [[ 93  69]]

 [[ 93  70]]

 [[ 93  71]]

 [[ 94  72]]

 [[ 95  71]]

 [[ 95  70]]

 [[ 95  69]]

 [[ 95  68]]

 [[ 96  67]]

 [[ 96  66]]

 [[ 96  65]]

 [[ 97  64]]

 [[ 97  63]]

 [[ 97  62]]

 [[ 97  61]]

 [[ 97  60]]

 [[ 96  59]]

 [[ 96  58]]

 [[ 96  57]]

 [[ 96  56]]

 [[ 96  55]]

 [[ 96  54]]

 [[ 96  53]]

 [[ 96  52]]

 [[ 96  51]]

 [[ 96  50]]

 [[ 95  49]]

 [[ 95  48]]

 [[ 96  47]]

 [[ 95  46]]

 [[ 95  45]]

 [[ 95  44]]

 [[ 95  43]]

 [[ 96  42]]

 [[ 96  41]]

 [[ 96  40]]

 [[ 96  39]]

 [[ 96  38]]

 [[ 96  37]]

 [[ 97  36]]

 [[ 97  35]]

 [[ 98  34]]

 [[ 99  35]]

 [[100  36]]

 [[101  36]]

 [[102  36]]

 [[103  37]]

 [[104  38]]

 [[104  39]]

 [[104  40]]

 [[105  41]]

 [[105  42]]

 [[106  43]]

 [[106  44]]

 [[107  45]]

 [[107  46]]

 [[107  47]]

 [[107  48]]

 [[107  49]]

 [[106  50]]

 [[106  51]]

 [[106  52]]

 [[106  53]]

 [[106  54]]

 [[106  55]]

 [[106  56]]

 [[106  57]]

 [[106  58]]

 [[106  59]]

 [[106  60]]

 [[106  61]]

 [[106  62]]

 [[106  63]]

 [[106  64]]

 [[106  65]]

 [[107  66]]

 [[107  67]]

 [[108  68]]

 [[108  67]]

 [[109  66]]

 [[108  65]]

 [[108  64]]

 [[107  63]]

 [[108  62]]

 [[109  62]]

 [[110  62]]

 [[111  63]]

 [[111  62]]

 [[111  61]]

 [[111  60]]

 [[112  59]]

 [[113  59]]

 [[114  59]]

 [[115  58]]

 [[116  58]]

 [[116  57]]

 [[117  56]]

 [[117  55]]

 [[116  54]]

 [[117  53]]

 [[118  53]]

 [[119  52]]

 [[120  51]]

 [[121  50]]

 [[122  49]]

 [[122  48]]

 [[123  47]]

 [[123  46]]

 [[123  45]]

 [[122  44]]

 [[122  43]]

 [[122  42]]

 [[121  41]]

 [[120  41]]

 [[119  41]]

 [[118  41]]

 [[117  41]]

 [[116  41]]

 [[115  41]]

 [[114  42]]

 [[113  42]]

 [[112  41]]

 [[111  40]]

 [[110  40]]

 [[109  39]]

 [[108  39]]

 [[107  38]]

 [[106  37]]

 [[106  36]]

 [[106  35]]

 [[106  34]]

 [[106  33]]

 [[107  32]]

 [[107  31]]

 [[107  30]]

 [[107  29]]

 [[107  28]]

 [[108  27]]

 [[108  26]]

 [[108  25]]

 [[109  24]]

 [[110  23]]

 [[110  22]]

 [[109  22]]

 [[108  21]]

 [[107  20]]

 [[106  19]]

 [[107  18]]

 [[108  18]]

 [[109  18]]

 [[110  18]]

 [[110  17]]

 [[110  16]]

 [[110  15]]

 [[110  14]]

 [[111  13]]

 [[112  13]]

 [[113  13]]

 [[114  12]]

 [[114  11]]

 [[114  10]]

 [[113  10]]

 [[112  10]]

 [[111  10]]

 [[110  10]]

 [[109   9]]

 [[108   9]]

 [[107   8]]

 [[107   7]]

 [[106   6]]

 [[106   5]]

 [[106   4]]

 [[106   3]]

 [[106   2]]

 [[107   1]]

 [[106   1]]

 [[105   1]]

 [[104   1]]

 [[103   1]]

 [[103   2]]

 [[103   3]]

 [[102   4]]

 [[101   3]]

 [[100   3]]

 [[100   4]]

 [[ 99   5]]

 [[ 98   5]]

 [[ 98   6]]

 [[ 99   6]]

 [[100   7]]

 [[101   8]]

 [[102   8]]

 [[103   9]]

 [[103  10]]

 [[104   9]]

 [[105  10]]

 [[105  11]]

 [[105  12]]

 [[106  13]]

 [[105  14]]

 [[104  15]]

 [[103  15]]

 [[102  16]]

 [[101  16]]

 [[100  16]]

 [[ 99  17]]

 [[ 99  18]]

 [[100  18]]

 [[101  18]]

 [[102  18]]

 [[103  18]]

 [[104  19]]

 [[103  20]]

 [[104  21]]

 [[104  22]]

 [[104  23]]

 [[104  24]]

 [[104  25]]

 [[104  26]]

 [[104  27]]

 [[104  28]]

 [[104  29]]

 [[103  30]]

 [[102  31]]

 [[101  32]]

 [[100  32]]

 [[ 99  32]]

 [[ 98  33]]

 [[ 97  33]]

 [[ 96  32]]

 [[ 95  31]]

 [[ 94  31]]

 [[ 93  31]]

 [[ 92  30]]

 [[ 92  29]]

 [[ 92  28]]

 [[ 92  27]]

 [[ 93  26]]

 [[ 93  25]]

 [[ 94  24]]

 [[ 95  24]]

 [[ 96  23]]

 [[ 96  22]]

 [[ 96  21]]

 [[ 96  20]]

 [[ 96  19]]

 [[ 97  18]]

 [[ 96  17]]

 [[ 96  16]]

 [[ 95  15]]

 [[ 95  14]]

 [[ 95  13]]

 [[ 95  12]]

 [[ 95  11]]

 [[ 95  10]]

 [[ 95   9]]

 [[ 95   8]]

 [[ 94   7]]

 [[ 94   6]]

 [[ 93   5]]

 [[ 93   4]]

 [[ 93   3]]

 [[ 93   2]]

 [[ 93   1]]

 [[ 92   1]]

 [[ 91   1]]

 [[ 90   1]]

 [[ 89   1]]

 [[ 88   1]]

 [[ 87   1]]

 [[ 86   1]]

 [[ 85   1]]]
