[[[  0   0]]

 [[132  92]]

 [[131  93]]

 [[130  94]]

 [[129  95]]

 [[129  96]]

 [[129  97]]

 [[128  98]]

 [[127  99]]

 [[126  99]]

 [[126 100]]

 [[126 101]]

 [[125 102]]

 [[124 103]]

 [[124 104]]

 [[124 105]]

 [[125 106]]

 [[124 107]]

 [[123 108]]

 [[122 108]]

 [[121 109]]

 [[120 109]]

 [[119 110]]

 [[118 109]]

 [[118 108]]

 [[117 108]]

 [[116 108]]

 [[115 109]]

 [[114 109]]

 [[113 110]]

 [[112 110]]

 [[111 111]]

 [[110 112]]

 [[109 112]]

 [[109 113]]

 [[109 114]]

 [[108 115]]

 [[107 115]]

 [[106 116]]

 [[106 117]]

 [[105 118]]

 [[104 118]]

 [[103 118]]

 [[102 119]]

 [[101 118]]

 [[101 117]]

 [[101 116]]

 [[100 115]]

 [[ 99 114]]

 [[ 98 115]]

 [[ 98 116]]

 [[ 97 117]]

 [[ 97 118]]

 [[ 96 119]]

 [[ 96 120]]

 [[ 96 121]]

 [[ 95 122]]

 [[ 94 123]]

 [[ 93 123]]

 [[ 92 123]]

 [[ 91 123]]

 [[ 91 124]]

 [[ 91 125]]

 [[ 90 126]]

 [[ 89 126]]

 [[ 88 126]]

 [[ 88 127]]

 [[ 88 128]]

 [[ 87 129]]

 [[ 86 130]]

 [[ 85 131]]

 [[ 84 131]]

 [[ 83 131]]

 [[ 82 131]]

 [[ 81 131]]

 [[ 81 132]]

 [[ 80 133]]

 [[ 79 134]]

 [[ 79 135]]

 [[ 78 136]]

 [[ 77 137]]

 [[ 77 138]]

 [[ 76 139]]

 [[ 77 140]]

 [[ 76 141]]

 [[ 75 141]]

 [[ 74 142]]

 [[ 73 141]]

 [[ 72 142]]

 [[ 71 142]]

 [[ 70 143]]

 [[ 70 144]]

 [[ 69 145]]

 [[ 68 145]]

 [[ 67 146]]

 [[ 66 146]]

 [[ 65 145]]

 [[ 64 146]]

 [[ 64 147]]

 [[ 64 148]]

 [[ 64 149]]

 [[ 63 150]]

 [[ 62 151]]

 [[ 61 151]]

 [[ 60 150]]

 [[ 59 151]]

 [[ 58 152]]

 [[ 57 153]]

 [[ 56 153]]

 [[ 55 154]]

 [[ 55 155]]

 [[ 55 156]]

 [[ 54 157]]

 [[ 54 158]]

 [[ 53 159]]

 [[ 52 160]]

 [[ 51 161]]

 [[ 50 162]]

 [[ 49 162]]

 [[ 48 163]]

 [[ 47 163]]

 [[ 46 163]]

 [[ 45 164]]

 [[ 44 165]]

 [[ 43 165]]

 [[ 42 165]]

 [[ 41 166]]

 [[ 40 166]]

 [[ 39 167]]

 [[ 39 168]]

 [[ 39 169]]

 [[ 40 170]]

 [[ 39 171]]

 [[ 38 171]]

 [[ 37 171]]

 [[ 36 171]]

 [[ 35 172]]

 [[ 34 173]]

 [[ 34 174]]

 [[ 33 175]]

 [[ 32 176]]

 [[ 31 176]]

 [[ 30 176]]

 [[ 29 176]]

 [[ 28 177]]

 [[ 27 177]]

 [[ 27 178]]

 [[ 27 179]]

 [[ 27 180]]

 [[ 26 181]]

 [[ 26 182]]

 [[ 25 183]]

 [[ 24 183]]

 [[ 23 184]]

 [[ 23 185]]

 [[ 22 186]]

 [[ 21 186]]

 [[ 20 186]]

 [[ 19 186]]

 [[ 18 187]]

 [[ 17 188]]

 [[ 16 187]]

 [[ 15 187]]

 [[ 14 187]]

 [[ 14 188]]

 [[ 14 189]]

 [[ 13 190]]

 [[ 12 190]]

 [[ 11 190]]

 [[ 10 190]]

 [[  9 191]]

 [[  9 192]]

 [[  9 193]]

 [[  9 194]]

 [[ 10 195]]

 [[ 10 196]]

 [[  9 197]]

 [[  8 198]]

 [[  7 198]]

 [[  6 198]]

 [[  5 198]]

 [[  4 198]]

 [[  3 198]]

 [[  2 198]]

 [[  1 198]]

 [[  1 199]]

 [[  2 199]]

 [[  3 199]]

 [[  4 199]]

 [[  5 200]]

 [[  6 201]]

 [[  6 202]]

 [[  6 203]]

 [[  6 204]]

 [[  7 205]]

 [[  6 206]]

 [[  6 207]]

 [[  7 208]]

 [[  7 209]]

 [[  7 210]]

 [[  6 211]]

 [[  5 212]]

 [[  6 213]]

 [[  7 213]]

 [[  8 213]]

 [[  9 213]]

 [[  9 212]]

 [[  8 211]]

 [[  8 210]]

 [[  9 209]]

 [[ 10 208]]

 [[ 10 207]]

 [[ 10 206]]

 [[ 10 205]]

 [[ 10 204]]

 [[ 11 203]]

 [[ 12 202]]

 [[ 13 202]]

 [[ 14 202]]

 [[ 15 201]]

 [[ 16 201]]

 [[ 17 200]]

 [[ 18 199]]

 [[ 19 198]]

 [[ 20 197]]

 [[ 21 198]]

 [[ 22 197]]

 [[ 23 196]]

 [[ 23 195]]

 [[ 24 194]]

 [[ 25 193]]

 [[ 26 193]]

 [[ 27 192]]

 [[ 28 192]]

 [[ 29 191]]

 [[ 30 192]]

 [[ 31 192]]

 [[ 32 191]]

 [[ 32 190]]

 [[ 32 189]]

 [[ 31 188]]

 [[ 32 187]]

 [[ 33 187]]

 [[ 34 187]]

 [[ 35 187]]

 [[ 36 186]]

 [[ 37 186]]

 [[ 38 186]]

 [[ 38 185]]

 [[ 38 184]]

 [[ 39 183]]

 [[ 40 182]]

 [[ 41 181]]

 [[ 41 180]]

 [[ 41 179]]

 [[ 40 178]]

 [[ 41 177]]

 [[ 42 176]]

 [[ 43 175]]

 [[ 44 175]]

 [[ 44 174]]

 [[ 45 173]]

 [[ 46 173]]

 [[ 47 172]]

 [[ 47 171]]

 [[ 48 170]]

 [[ 49 170]]

 [[ 50 170]]

 [[ 51 170]]

 [[ 52 170]]

 [[ 53 169]]

 [[ 54 169]]

 [[ 55 168]]

 [[ 55 167]]

 [[ 56 166]]

 [[ 57 165]]

 [[ 58 164]]

 [[ 59 163]]

 [[ 60 163]]

 [[ 61 162]]

 [[ 62 162]]

 [[ 63 161]]

 [[ 64 161]]

 [[ 63 160]]

 [[ 63 159]]

 [[ 63 158]]

 [[ 64 157]]

 [[ 63 156]]

 [[ 63 155]]

 [[ 64 154]]

 [[ 64 153]]

 [[ 65 152]]

 [[ 66 152]]

 [[ 67 152]]

 [[ 68 152]]

 [[ 69 151]]

 [[ 70 151]]

 [[ 71 150]]

 [[ 72 150]]

 [[ 73 149]]

 [[ 74 149]]

 [[ 75 149]]

 [[ 76 148]]

 [[ 77 148]]

 [[ 78 148]]

 [[ 79 148]]

 [[ 80 148]]

 [[ 81 147]]

 [[ 82 146]]

 [[ 82 145]]

 [[ 83 144]]

 [[ 83 143]]

 [[ 83 142]]

 [[ 83 141]]

 [[ 84 140]]

 [[ 84 139]]

 [[ 85 138]]

 [[ 85 137]]

 [[ 86 136]]

 [[ 87 136]]

 [[ 88 136]]

 [[ 89 135]]

 [[ 90 134]]

 [[ 91 133]]

 [[ 92 133]]

 [[ 93 133]]

 [[ 94 133]]

 [[ 95 133]]

 [[ 96 133]]

 [[ 96 132]]

 [[ 97 131]]

 [[ 97 130]]

 [[ 98 129]]

 [[ 99 128]]

 [[100 127]]

 [[101 126]]

 [[102 126]]

 [[103 127]]

 [[104 127]]

 [[105 127]]

 [[106 127]]

 [[107 127]]

 [[107 126]]

 [[107 125]]

 [[108 124]]

 [[109 123]]

 [[110 122]]

 [[110 121]]

 [[111 120]]

 [[112 119]]

 [[113 119]]

 [[114 118]]

 [[115 118]]

 [[116 118]]

 [[117 118]]

 [[118 117]]

 [[119 116]]

 [[120 115]]

 [[121 114]]

 [[122 113]]

 [[123 113]]

 [[124 113]]

 [[125 113]]

 [[126 112]]

 [[127 111]]

 [[128 110]]

 [[128 109]]

 [[129 108]]

 [[129 107]]

 [[130 106]]

 [[130 105]]

 [[131 104]]

 [[131 103]]

 [[132 102]]

 [[133 101]]

 [[134 100]]

 [[135  99]]

 [[136  99]]

 [[136  98]]

 [[137  97]]

 [[138  96]]

 [[137  96]]

 [[136  95]]

 [[136  94]]

 [[135  93]]

 [[135  92]]

 [[134  91]]]
