[[[  0   0]]

 [[627 109]]

 [[626 110]]

 [[625 110]]

 [[624 111]]

 [[624 112]]

 [[624 113]]

 [[624 114]]

 [[623 115]]

 [[623 116]]

 [[623 117]]

 [[623 118]]

 [[623 119]]

 [[622 120]]

 [[622 121]]

 [[623 122]]

 [[624 123]]

 [[624 124]]

 [[625 125]]

 [[625 126]]

 [[625 127]]

 [[626 128]]

 [[627 129]]

 [[627 130]]

 [[628 131]]

 [[629 132]]

 [[630 133]]

 [[631 134]]

 [[632 135]]

 [[633 136]]

 [[634 137]]

 [[635 138]]

 [[636 139]]

 [[637 140]]

 [[638 140]]

 [[638 139]]

 [[638 138]]

 [[638 137]]

 [[638 136]]

 [[638 135]]

 [[638 134]]

 [[638 133]]

 [[638 132]]

 [[638 131]]

 [[638 130]]

 [[638 129]]

 [[638 128]]

 [[637 127]]

 [[636 126]]

 [[635 125]]

 [[634 124]]

 [[633 123]]

 [[633 122]]

 [[632 121]]

 [[632 120]]

 [[631 119]]

 [[631 118]]

 [[630 117]]

 [[630 116]]

 [[629 115]]

 [[629 114]]

 [[629 113]]

 [[629 112]]

 [[628 111]]

 [[628 110]]

 [[628 109]]]
[[[  0   0]]

 [[556  95]]

 [[555  96]]

 [[555  97]]

 [[555  98]]

 [[555  99]]

 [[555 100]]

 [[554 101]]

 [[554 102]]

 [[554 103]]

 [[554 104]]

 [[554 105]]

 [[553 106]]

 [[553 107]]

 [[554 108]]

 [[555 109]]

 [[556 110]]

 [[557 111]]

 [[558 112]]

 [[558 113]]

 [[559 114]]

 [[560 115]]

 [[560 116]]

 [[560 117]]

 [[560 118]]

 [[561 119]]

 [[561 120]]

 [[562 121]]

 [[562 122]]

 [[563 123]]

 [[563 124]]

 [[564 125]]

 [[565 126]]

 [[566 127]]

 [[567 127]]

 [[568 128]]

 [[569 128]]

 [[570 128]]

 [[571 129]]

 [[572 129]]

 [[573 129]]

 [[574 130]]

 [[575 130]]

 [[576 130]]

 [[577 131]]

 [[578 131]]

 [[579 132]]

 [[580 132]]

 [[581 132]]

 [[582 132]]

 [[583 133]]

 [[584 133]]

 [[585 133]]

 [[586 134]]

 [[587 134]]

 [[588 134]]

 [[589 135]]

 [[590 135]]

 [[591 135]]

 [[592 135]]

 [[593 135]]

 [[594 136]]

 [[595 136]]

 [[596 136]]

 [[597 136]]

 [[598 136]]

 [[599 137]]

 [[600 137]]

 [[601 137]]

 [[602 137]]

 [[603 137]]

 [[604 137]]

 [[605 137]]

 [[606 137]]

 [[607 137]]

 [[608 137]]

 [[609 136]]

 [[610 136]]

 [[611 135]]

 [[612 135]]

 [[613 134]]

 [[613 133]]

 [[614 132]]

 [[615 131]]

 [[615 130]]

 [[616 129]]

 [[616 128]]

 [[617 127]]

 [[617 126]]

 [[616 126]]

 [[615 126]]

 [[614 126]]

 [[613 126]]

 [[612 126]]

 [[611 126]]

 [[610 126]]

 [[609 126]]

 [[608 126]]

 [[607 126]]

 [[606 126]]

 [[605 126]]

 [[604 126]]

 [[603 126]]

 [[602 126]]

 [[601 126]]

 [[600 126]]

 [[599 126]]

 [[598 125]]

 [[597 125]]

 [[596 125]]

 [[595 125]]

 [[594 124]]

 [[593 124]]

 [[592 124]]

 [[591 124]]

 [[590 124]]

 [[589 123]]

 [[588 123]]

 [[587 123]]

 [[586 123]]

 [[585 122]]

 [[584 122]]

 [[583 121]]

 [[582 121]]

 [[581 121]]

 [[580 120]]

 [[579 120]]

 [[578 120]]

 [[577 119]]

 [[576 119]]

 [[575 119]]

 [[574 118]]

 [[573 118]]

 [[572 117]]

 [[571 116]]

 [[570 116]]

 [[569 115]]

 [[568 115]]

 [[567 114]]

 [[566 113]]

 [[566 112]]

 [[565 111]]

 [[564 110]]

 [[564 109]]

 [[563 108]]

 [[563 107]]

 [[562 106]]

 [[562 105]]

 [[562 104]]

 [[561 103]]

 [[561 102]]

 [[561 101]]

 [[561 100]]

 [[560  99]]

 [[560  98]]

 [[559  97]]

 [[558  96]]

 [[558  95]]]
[[[  0   0]]

 [[473  74]]

 [[472  75]]

 [[471  75]]

 [[470  75]]

 [[469  75]]

 [[468  74]]

 [[468  75]]

 [[467  76]]

 [[466  77]]

 [[466  78]]

 [[465  79]]

 [[465  80]]

 [[465  81]]

 [[464  82]]

 [[463  83]]

 [[463  84]]

 [[462  85]]

 [[461  86]]

 [[460  86]]

 [[459  87]]

 [[458  87]]

 [[457  87]]

 [[456  87]]

 [[455  88]]

 [[454  88]]

 [[453  88]]

 [[452  88]]

 [[451  88]]

 [[450  88]]

 [[449  88]]

 [[448  88]]

 [[447  88]]

 [[446  88]]

 [[445  88]]

 [[444  88]]

 [[443  88]]

 [[442  88]]

 [[441  88]]

 [[440  88]]

 [[439  88]]

 [[438  87]]

 [[437  87]]

 [[436  87]]

 [[435  87]]

 [[434  87]]

 [[433  87]]

 [[432  86]]

 [[431  86]]

 [[430  86]]

 [[429  86]]

 [[428  85]]

 [[427  85]]

 [[426  85]]

 [[425  85]]

 [[424  85]]

 [[423  84]]

 [[422  84]]

 [[421  84]]

 [[420  83]]

 [[419  83]]

 [[418  83]]

 [[417  82]]

 [[416  82]]

 [[415  82]]

 [[414  82]]

 [[413  81]]

 [[412  81]]

 [[411  80]]

 [[410  80]]

 [[409  79]]

 [[408  79]]

 [[407  79]]

 [[406  78]]

 [[405  78]]

 [[404  77]]

 [[403  77]]

 [[402  76]]

 [[401  76]]

 [[400  75]]

 [[399  75]]

 [[398  74]]

 [[398  75]]

 [[397  76]]

 [[397  77]]

 [[398  78]]

 [[398  79]]

 [[397  80]]

 [[397  81]]

 [[397  82]]

 [[396  83]]

 [[396  84]]

 [[396  85]]

 [[397  86]]

 [[397  87]]

 [[398  87]]

 [[399  88]]

 [[400  88]]

 [[401  88]]

 [[402  89]]

 [[403  89]]

 [[404  90]]

 [[405  90]]

 [[406  90]]

 [[407  91]]

 [[408  91]]

 [[409  92]]

 [[410  92]]

 [[411  92]]

 [[412  93]]

 [[413  93]]

 [[414  93]]

 [[415  94]]

 [[416  94]]

 [[417  95]]

 [[418  95]]

 [[419  95]]

 [[420  95]]

 [[421  96]]

 [[422  96]]

 [[423  96]]

 [[424  97]]

 [[425  97]]

 [[426  97]]

 [[427  97]]

 [[428  97]]

 [[429  98]]

 [[430  98]]

 [[431  98]]

 [[432  98]]

 [[433  98]]

 [[434  99]]

 [[435  99]]

 [[436  99]]

 [[437  99]]

 [[438  99]]

 [[439  99]]

 [[440  99]]

 [[441  99]]

 [[442  99]]

 [[443  99]]

 [[444 100]]

 [[445 100]]

 [[446  99]]

 [[447  99]]

 [[448  99]]

 [[449  99]]

 [[450  99]]

 [[451  99]]

 [[452  98]]

 [[453  98]]

 [[454  98]]

 [[455  98]]

 [[456  97]]

 [[457  97]]

 [[458  97]]

 [[459  96]]

 [[460  96]]

 [[461  96]]

 [[462  96]]

 [[462  95]]

 [[463  94]]

 [[463  93]]

 [[463  92]]

 [[463  91]]

 [[464  90]]

 [[464  89]]

 [[464  88]]

 [[464  87]]

 [[464  86]]

 [[465  85]]

 [[465  84]]

 [[466  83]]

 [[466  82]]

 [[466  81]]

 [[467  80]]

 [[468  79]]

 [[469  78]]

 [[470  77]]

 [[471  77]]

 [[472  78]]

 [[472  79]]

 [[472  80]]

 [[473  79]]

 [[474  80]]

 [[475  80]]

 [[476  80]]

 [[477  79]]

 [[478  79]]

 [[479  79]]

 [[480  80]]

 [[481  81]]

 [[482  82]]

 [[483  83]]

 [[483  84]]

 [[483  85]]

 [[482  86]]

 [[482  87]]

 [[482  88]]

 [[482  89]]

 [[482  90]]

 [[481  91]]

 [[481  92]]

 [[481  93]]

 [[481  94]]

 [[481  95]]

 [[481  96]]

 [[481  97]]

 [[482  98]]

 [[482  99]]

 [[483 100]]

 [[483 101]]

 [[484 102]]

 [[485 103]]

 [[486 104]]

 [[487 105]]

 [[487 106]]

 [[488 107]]

 [[489 107]]

 [[490 108]]

 [[491 109]]

 [[492 109]]

 [[493 110]]

 [[494 110]]

 [[495 111]]

 [[496 111]]

 [[497 112]]

 [[498 112]]

 [[499 113]]

 [[500 113]]

 [[501 114]]

 [[502 114]]

 [[503 115]]

 [[504 115]]

 [[505 115]]

 [[506 116]]

 [[507 116]]

 [[508 116]]

 [[509 117]]

 [[510 117]]

 [[511 117]]

 [[512 117]]

 [[513 118]]

 [[514 118]]

 [[515 118]]

 [[516 118]]

 [[517 118]]

 [[518 119]]

 [[519 119]]

 [[520 119]]

 [[521 119]]

 [[522 119]]

 [[523 119]]

 [[524 119]]

 [[525 119]]

 [[526 120]]

 [[527 120]]

 [[528 120]]

 [[529 120]]

 [[530 120]]

 [[531 120]]

 [[532 120]]

 [[533 120]]

 [[534 120]]

 [[535 120]]

 [[536 120]]

 [[537 120]]

 [[538 120]]

 [[539 120]]

 [[540 120]]

 [[541 121]]

 [[542 120]]

 [[543 120]]

 [[544 120]]

 [[545 120]]

 [[546 120]]

 [[547 120]]

 [[548 119]]

 [[549 118]]

 [[549 117]]

 [[550 116]]

 [[551 115]]

 [[551 114]]

 [[551 113]]

 [[551 112]]

 [[551 111]]

 [[551 110]]

 [[551 109]]

 [[550 109]]

 [[549 109]]

 [[548 109]]

 [[547 109]]

 [[546 109]]

 [[545 109]]

 [[544 109]]

 [[543 109]]

 [[542 109]]

 [[541 109]]

 [[540 109]]

 [[539 109]]

 [[538 109]]

 [[537 109]]

 [[536 109]]

 [[535 109]]

 [[534 109]]

 [[533 109]]

 [[532 109]]

 [[531 108]]

 [[530 108]]

 [[529 109]]

 [[528 108]]

 [[527 108]]

 [[526 108]]

 [[525 108]]

 [[524 108]]

 [[523 108]]

 [[522 108]]

 [[521 107]]

 [[520 107]]

 [[519 107]]

 [[518 106]]

 [[517 106]]

 [[516 106]]

 [[515 106]]

 [[514 105]]

 [[513 105]]

 [[512 105]]

 [[511 105]]

 [[510 104]]

 [[509 104]]

 [[508 104]]

 [[507 103]]

 [[506 103]]

 [[505 102]]

 [[504 102]]

 [[503 102]]

 [[502 102]]

 [[501 101]]

 [[500 101]]

 [[499 100]]

 [[498  99]]

 [[497  99]]

 [[496  98]]

 [[495  98]]

 [[494  97]]

 [[493  97]]

 [[492  96]]

 [[491  95]]

 [[490  95]]

 [[489  94]]

 [[488  93]]

 [[487  92]]

 [[487  91]]

 [[486  90]]

 [[486  89]]

 [[485  88]]

 [[485  87]]

 [[485  86]]

 [[485  85]]

 [[485  84]]

 [[485  83]]

 [[485  82]]

 [[485  81]]

 [[485  80]]

 [[485  79]]

 [[484  79]]

 [[483  79]]

 [[482  79]]

 [[481  79]]

 [[480  78]]

 [[480  77]]

 [[480  76]]

 [[480  75]]

 [[479  74]]

 [[478  74]]

 [[477  74]]

 [[476  73]]

 [[475  73]]]
[[[  0   0]]

 [[167  64]]

 [[166  65]]

 [[165  66]]

 [[164  66]]

 [[163  67]]

 [[162  68]]

 [[161  68]]

 [[161  69]]

 [[160  70]]

 [[159  70]]

 [[158  71]]

 [[158  72]]

 [[157  73]]

 [[156  73]]

 [[155  74]]

 [[154  74]]

 [[153  75]]

 [[152  76]]

 [[151  77]]

 [[150  77]]

 [[149  77]]

 [[148  77]]

 [[149  77]]

 [[150  78]]

 [[149  79]]

 [[149  80]]

 [[148  81]]

 [[147  81]]

 [[146  82]]

 [[145  82]]

 [[144  83]]

 [[143  84]]

 [[142  85]]

 [[141  85]]

 [[140  85]]

 [[139  86]]

 [[138  86]]

 [[137  86]]

 [[136  87]]

 [[137  88]]

 [[137  89]]

 [[138  90]]

 [[139  90]]

 [[140  91]]

 [[140  92]]

 [[141  93]]

 [[141  94]]

 [[142  94]]

 [[143  94]]

 [[143  93]]

 [[143  92]]

 [[144  91]]

 [[145  91]]

 [[146  91]]

 [[147  91]]

 [[148  90]]

 [[149  89]]

 [[150  88]]

 [[150  87]]

 [[151  86]]

 [[152  85]]

 [[153  84]]

 [[154  84]]

 [[155  84]]

 [[156  83]]

 [[157  83]]

 [[158  82]]

 [[158  81]]

 [[158  80]]

 [[158  79]]

 [[158  78]]

 [[158  77]]

 [[158  76]]

 [[159  75]]

 [[159  74]]

 [[160  73]]

 [[161  73]]

 [[162  73]]

 [[163  73]]

 [[164  74]]

 [[165  74]]

 [[166  73]]

 [[167  73]]

 [[168  72]]

 [[169  72]]

 [[169  71]]

 [[170  70]]

 [[169  69]]

 [[169  68]]

 [[168  67]]

 [[168  66]]

 [[169  65]]

 [[169  64]]]
[[[  0   0]]

 [[572  44]]

 [[572  45]]

 [[572  46]]

 [[571  47]]

 [[570  48]]

 [[570  49]]

 [[569  50]]

 [[569  51]]

 [[568  52]]

 [[568  53]]

 [[568  54]]

 [[567  55]]

 [[567  56]]

 [[567  57]]

 [[567  58]]

 [[566  59]]

 [[566  60]]

 [[566  61]]

 [[566  62]]

 [[565  63]]

 [[565  64]]

 [[565  65]]

 [[565  66]]

 [[565  67]]

 [[564  68]]

 [[564  69]]

 [[563  70]]

 [[562  70]]

 [[561  70]]

 [[560  70]]

 [[559  70]]

 [[558  70]]

 [[557  70]]

 [[556  70]]

 [[555  70]]

 [[554  70]]

 [[553  70]]

 [[552  70]]

 [[551  70]]

 [[550  70]]

 [[549  70]]

 [[548  70]]

 [[547  70]]

 [[546  70]]

 [[545  70]]

 [[544  70]]

 [[543  69]]

 [[542  69]]

 [[541  69]]

 [[540  69]]

 [[539  69]]

 [[538  69]]

 [[537  69]]

 [[536  68]]

 [[535  68]]

 [[534  68]]

 [[533  68]]

 [[532  68]]

 [[531  68]]

 [[530  67]]

 [[529  67]]

 [[528  67]]

 [[527  67]]

 [[526  67]]

 [[525  66]]

 [[524  66]]

 [[523  66]]

 [[522  65]]

 [[521  65]]

 [[520  65]]

 [[519  64]]

 [[518  64]]

 [[517  64]]

 [[516  64]]

 [[515  63]]

 [[514  63]]

 [[513  63]]

 [[512  62]]

 [[511  62]]

 [[510  62]]

 [[509  61]]

 [[508  61]]

 [[507  60]]

 [[506  60]]

 [[505  59]]

 [[504  59]]

 [[503  58]]

 [[502  57]]

 [[501  57]]

 [[500  56]]

 [[499  55]]

 [[498  54]]

 [[497  53]]

 [[496  52]]

 [[495  51]]

 [[494  50]]

 [[494  49]]

 [[494  48]]

 [[495  47]]

 [[496  46]]

 [[495  45]]

 [[495  44]]

 [[494  45]]

 [[494  46]]

 [[493  47]]

 [[493  48]]

 [[493  49]]

 [[493  50]]

 [[492  51]]

 [[492  52]]

 [[492  53]]

 [[492  54]]

 [[492  55]]

 [[492  56]]

 [[491  57]]

 [[490  58]]

 [[490  59]]

 [[491  60]]

 [[491  61]]

 [[491  62]]

 [[492  63]]

 [[493  64]]

 [[493  65]]

 [[494  66]]

 [[495  67]]

 [[496  67]]

 [[497  68]]

 [[498  69]]

 [[499  70]]

 [[500  70]]

 [[501  71]]

 [[502  71]]

 [[503  72]]

 [[504  73]]

 [[505  73]]

 [[506  73]]

 [[507  74]]

 [[508  74]]

 [[509  75]]

 [[510  75]]

 [[511  75]]

 [[512  76]]

 [[513  76]]

 [[514  76]]

 [[515  77]]

 [[516  77]]

 [[517  77]]

 [[518  78]]

 [[519  78]]

 [[520  78]]

 [[521  78]]

 [[522  79]]

 [[523  79]]

 [[524  79]]

 [[525  79]]

 [[526  80]]

 [[527  80]]

 [[528  80]]

 [[529  80]]

 [[530  80]]

 [[531  80]]

 [[532  81]]

 [[533  81]]

 [[534  81]]

 [[535  81]]

 [[536  81]]

 [[537  82]]

 [[538  82]]

 [[539  82]]

 [[540  82]]

 [[541  82]]

 [[542  82]]

 [[543  82]]

 [[544  82]]

 [[545  82]]

 [[546  82]]

 [[547  82]]

 [[548  82]]

 [[549  82]]

 [[550  82]]

 [[551  82]]

 [[552  82]]

 [[553  83]]

 [[554  83]]

 [[555  83]]

 [[556  83]]

 [[557  83]]

 [[558  82]]

 [[559  81]]

 [[559  80]]

 [[560  79]]

 [[560  78]]

 [[560  77]]

 [[561  76]]

 [[561  75]]

 [[561  74]]

 [[562  73]]

 [[562  72]]

 [[563  71]]

 [[564  71]]

 [[565  71]]

 [[566  72]]

 [[567  73]]

 [[568  74]]

 [[568  75]]

 [[569  76]]

 [[569  77]]

 [[569  78]]

 [[570  79]]

 [[571  80]]

 [[571  81]]

 [[572  82]]

 [[573  83]]

 [[574  84]]

 [[574  85]]

 [[575  86]]

 [[575  87]]

 [[576  88]]

 [[577  89]]

 [[578  90]]

 [[579  91]]

 [[580  91]]

 [[581  92]]

 [[582  92]]

 [[583  92]]

 [[584  92]]

 [[585  93]]

 [[586  93]]

 [[587  94]]

 [[588  94]]

 [[589  95]]

 [[590  95]]

 [[591  95]]

 [[592  95]]

 [[593  96]]

 [[594  96]]

 [[595  97]]

 [[596  97]]

 [[597  97]]

 [[598  98]]

 [[599  98]]

 [[600  98]]

 [[601  98]]

 [[602  99]]

 [[603  99]]

 [[604  99]]

 [[605 100]]

 [[606 100]]

 [[607 100]]

 [[608 101]]

 [[609 101]]

 [[610 101]]

 [[611 101]]

 [[612 101]]

 [[613 101]]

 [[614 102]]

 [[615 102]]

 [[616 102]]

 [[617 102]]

 [[618 102]]

 [[619 102]]

 [[620 102]]

 [[621 102]]

 [[622 102]]

 [[623 102]]

 [[624 101]]

 [[625 101]]

 [[626 100]]

 [[627  99]]

 [[627  98]]

 [[628  97]]

 [[628  96]]

 [[629  95]]

 [[629  94]]

 [[630  93]]

 [[630  92]]

 [[631  91]]

 [[631  90]]

 [[630  90]]

 [[629  90]]

 [[628  90]]

 [[627  90]]

 [[626  90]]

 [[625  90]]

 [[624  90]]

 [[623  90]]

 [[622  90]]

 [[621  90]]

 [[620  90]]

 [[619  90]]

 [[618  90]]

 [[617  90]]

 [[616  90]]

 [[615  90]]

 [[614  89]]

 [[613  89]]

 [[612  89]]

 [[611  89]]

 [[610  88]]

 [[609  88]]

 [[608  88]]

 [[607  88]]

 [[606  87]]

 [[605  87]]

 [[604  87]]

 [[603  86]]

 [[602  86]]

 [[601  86]]

 [[600  85]]

 [[599  85]]

 [[598  85]]

 [[597  84]]

 [[596  84]]

 [[595  84]]

 [[594  83]]

 [[593  83]]

 [[592  82]]

 [[591  82]]

 [[590  82]]

 [[589  82]]

 [[588  81]]

 [[587  81]]

 [[586  80]]

 [[585  80]]

 [[584  80]]

 [[583  79]]

 [[582  78]]

 [[581  77]]

 [[580  76]]

 [[579  75]]

 [[578  74]]

 [[577  73]]

 [[576  72]]

 [[576  71]]

 [[575  70]]

 [[575  69]]

 [[574  68]]

 [[573  67]]

 [[572  66]]

 [[572  65]]

 [[571  64]]

 [[570  63]]

 [[570  62]]

 [[569  61]]

 [[569  60]]

 [[569  59]]

 [[569  58]]

 [[570  57]]

 [[571  56]]

 [[571  55]]

 [[571  54]]

 [[571  53]]

 [[571  52]]

 [[572  51]]

 [[572  50]]

 [[572  49]]

 [[572  48]]

 [[573  47]]

 [[573  46]]

 [[573  45]]

 [[573  44]]]
[[[  0   0]]

 [[584  42]]

 [[583  43]]

 [[584  44]]

 [[585  45]]

 [[586  46]]

 [[587  47]]

 [[588  47]]

 [[589  46]]

 [[590  45]]

 [[591  45]]

 [[592  46]]

 [[593  46]]

 [[594  47]]

 [[595  48]]

 [[596  48]]

 [[597  49]]

 [[598  49]]

 [[599  49]]

 [[600  50]]

 [[601  50]]

 [[602  50]]

 [[603  51]]

 [[604  51]]

 [[605  51]]

 [[606  52]]

 [[607  52]]

 [[608  52]]

 [[609  52]]

 [[610  53]]

 [[611  53]]

 [[612  53]]

 [[613  54]]

 [[614  54]]

 [[615  54]]

 [[616  55]]

 [[617  55]]

 [[618  55]]

 [[619  55]]

 [[620  55]]

 [[621  56]]

 [[622  56]]

 [[623  56]]

 [[624  57]]

 [[625  57]]

 [[626  57]]

 [[627  57]]

 [[628  58]]

 [[629  58]]

 [[630  58]]

 [[631  59]]

 [[632  59]]

 [[633  59]]

 [[634  59]]

 [[635  59]]

 [[636  60]]

 [[637  60]]

 [[638  60]]

 [[638  59]]

 [[638  58]]

 [[638  57]]

 [[638  56]]

 [[638  55]]

 [[638  54]]

 [[638  53]]

 [[637  53]]

 [[636  53]]

 [[635  53]]

 [[634  52]]

 [[633  52]]

 [[632  52]]

 [[631  52]]

 [[630  51]]

 [[629  51]]

 [[628  51]]

 [[627  52]]

 [[626  53]]

 [[625  53]]

 [[624  53]]

 [[623  53]]

 [[622  52]]

 [[621  52]]

 [[620  51]]

 [[619  50]]

 [[618  49]]

 [[617  49]]

 [[616  48]]

 [[615  48]]

 [[614  47]]

 [[613  47]]

 [[612  47]]

 [[611  47]]

 [[610  46]]

 [[609  46]]

 [[608  46]]

 [[607  46]]

 [[606  45]]

 [[605  45]]

 [[604  45]]

 [[603  44]]

 [[602  44]]

 [[601  44]]

 [[600  44]]

 [[599  44]]

 [[598  43]]

 [[597  43]]

 [[596  43]]

 [[595  43]]

 [[594  43]]

 [[593  43]]

 [[592  43]]

 [[591  43]]

 [[590  42]]

 [[589  42]]

 [[588  42]]

 [[587  42]]

 [[586  41]]]
[[[  0   0]]

 [[313  41]]

 [[313  42]]

 [[313  43]]

 [[312  44]]

 [[312  45]]

 [[312  46]]

 [[313  47]]

 [[314  48]]

 [[314  49]]

 [[314  50]]

 [[314  51]]

 [[313  52]]

 [[313  53]]

 [[313  54]]

 [[314  55]]

 [[314  56]]

 [[315  57]]

 [[315  58]]

 [[315  59]]

 [[315  60]]

 [[315  61]]

 [[316  62]]

 [[316  63]]

 [[316  64]]

 [[316  65]]

 [[316  66]]

 [[316  67]]

 [[316  68]]

 [[316  69]]

 [[317  70]]

 [[317  71]]

 [[318  72]]

 [[319  73]]

 [[320  74]]

 [[321  75]]

 [[322  76]]

 [[323  76]]

 [[324  77]]

 [[325  77]]

 [[326  78]]

 [[327  78]]

 [[328  78]]

 [[329  79]]

 [[330  79]]

 [[331  79]]

 [[332  80]]

 [[333  80]]

 [[334  80]]

 [[335  80]]

 [[336  81]]

 [[337  81]]

 [[338  81]]

 [[339  81]]

 [[340  81]]

 [[341  81]]

 [[342  81]]

 [[343  81]]

 [[344  82]]

 [[345  82]]

 [[346  82]]

 [[347  82]]

 [[348  82]]

 [[349  82]]

 [[350  82]]

 [[351  82]]

 [[352  82]]

 [[353  82]]

 [[354  82]]

 [[355  82]]

 [[356  82]]

 [[357  82]]

 [[358  82]]

 [[359  82]]

 [[360  81]]

 [[361  81]]

 [[362  81]]

 [[363  81]]

 [[364  81]]

 [[365  81]]

 [[366  81]]

 [[367  80]]

 [[368  80]]

 [[369  80]]

 [[370  79]]

 [[371  79]]

 [[372  78]]

 [[373  77]]

 [[374  77]]

 [[375  76]]

 [[376  75]]

 [[377  74]]

 [[377  73]]

 [[378  72]]

 [[378  71]]

 [[378  70]]

 [[378  69]]

 [[378  68]]

 [[378  67]]

 [[378  66]]

 [[378  65]]

 [[378  64]]

 [[379  63]]

 [[379  62]]

 [[379  61]]

 [[380  60]]

 [[380  59]]

 [[380  58]]

 [[380  57]]

 [[380  56]]

 [[381  55]]

 [[382  55]]

 [[383  54]]

 [[384  54]]

 [[383  53]]

 [[383  52]]

 [[383  51]]

 [[382  50]]

 [[382  49]]

 [[381  50]]

 [[380  51]]

 [[380  52]]

 [[379  53]]

 [[379  54]]

 [[378  55]]

 [[378  56]]

 [[377  57]]

 [[376  58]]

 [[375  59]]

 [[374  60]]

 [[373  60]]

 [[372  61]]

 [[371  61]]

 [[370  62]]

 [[369  62]]

 [[368  62]]

 [[367  62]]

 [[366  63]]

 [[365  63]]

 [[364  63]]

 [[363  63]]

 [[362  64]]

 [[361  64]]

 [[360  64]]

 [[359  64]]

 [[358  64]]

 [[357  64]]

 [[356  64]]

 [[355  64]]

 [[354  64]]

 [[353  64]]

 [[352  64]]

 [[351  64]]

 [[350  64]]

 [[349  64]]

 [[348  64]]

 [[347  64]]

 [[346  64]]

 [[345  64]]

 [[344  64]]

 [[343  64]]

 [[342  64]]

 [[341  64]]

 [[340  63]]

 [[339  63]]

 [[338  63]]

 [[337  63]]

 [[336  63]]

 [[335  62]]

 [[334  62]]

 [[333  62]]

 [[332  62]]

 [[331  61]]

 [[330  61]]

 [[329  61]]

 [[328  61]]

 [[327  60]]

 [[326  60]]

 [[325  59]]

 [[324  59]]

 [[323  58]]

 [[322  58]]

 [[321  57]]

 [[320  57]]

 [[319  56]]

 [[318  55]]

 [[317  54]]

 [[317  53]]

 [[316  52]]

 [[315  51]]

 [[315  50]]

 [[315  49]]

 [[315  48]]

 [[316  47]]

 [[316  46]]

 [[316  45]]

 [[316  44]]

 [[316  43]]

 [[316  42]]

 [[316  41]]

 [[315  40]]

 [[314  40]]]
[[[  0   0]]

 [[303  39]]

 [[302  40]]

 [[301  40]]

 [[300  40]]

 [[299  41]]

 [[299  42]]

 [[298  43]]

 [[298  44]]

 [[297  45]]

 [[296  46]]

 [[296  47]]

 [[296  48]]

 [[295  49]]

 [[294  50]]

 [[294  51]]

 [[294  52]]

 [[294  53]]

 [[294  54]]

 [[294  55]]

 [[294  56]]

 [[293  57]]

 [[292  58]]

 [[291  59]]

 [[290  59]]

 [[289  59]]

 [[288  59]]

 [[287  59]]

 [[286  59]]

 [[285  59]]

 [[284  59]]

 [[283  60]]

 [[282  60]]

 [[281  60]]

 [[280  60]]

 [[279  60]]

 [[278  60]]

 [[277  60]]

 [[276  60]]

 [[275  60]]

 [[274  60]]

 [[273  60]]

 [[272  60]]

 [[271  60]]

 [[270  60]]

 [[269  60]]

 [[268  60]]

 [[267  60]]

 [[266  60]]

 [[265  60]]

 [[264  60]]

 [[263  60]]

 [[262  59]]

 [[261  59]]

 [[260  59]]

 [[259  59]]

 [[258  59]]

 [[257  59]]

 [[256  59]]

 [[255  59]]

 [[254  59]]

 [[253  58]]

 [[252  58]]

 [[251  58]]

 [[250  58]]

 [[249  58]]

 [[248  58]]

 [[247  57]]

 [[246  57]]

 [[245  57]]

 [[244  56]]

 [[243  56]]

 [[242  55]]

 [[241  54]]

 [[240  54]]

 [[239  53]]

 [[238  52]]

 [[237  52]]

 [[237  53]]

 [[237  54]]

 [[237  55]]

 [[237  56]]

 [[238  57]]

 [[238  58]]

 [[238  59]]

 [[238  60]]

 [[238  61]]

 [[238  62]]

 [[239  63]]

 [[240  64]]

 [[241  65]]

 [[242  65]]

 [[243  66]]

 [[244  67]]

 [[245  67]]

 [[246  67]]

 [[247  68]]

 [[248  68]]

 [[249  68]]

 [[250  69]]

 [[251  69]]

 [[252  69]]

 [[253  69]]

 [[254  69]]

 [[255  70]]

 [[256  70]]

 [[257  70]]

 [[258  70]]

 [[259  70]]

 [[260  70]]

 [[261  70]]

 [[262  70]]

 [[263  70]]

 [[264  70]]

 [[265  70]]

 [[266  71]]

 [[267  71]]

 [[268  71]]

 [[269  71]]

 [[270  71]]

 [[271  71]]

 [[272  71]]

 [[273  71]]

 [[274  71]]

 [[275  71]]

 [[276  71]]

 [[277  71]]

 [[278  71]]

 [[279  71]]

 [[280  70]]

 [[281  70]]

 [[282  70]]

 [[283  70]]

 [[284  70]]

 [[285  70]]

 [[286  70]]

 [[287  70]]

 [[288  70]]

 [[289  70]]

 [[290  70]]

 [[291  69]]

 [[292  69]]

 [[293  70]]

 [[293  71]]

 [[294  71]]

 [[295  70]]

 [[295  69]]

 [[295  68]]

 [[296  67]]

 [[296  66]]

 [[297  65]]

 [[298  64]]

 [[299  63]]

 [[300  63]]

 [[300  62]]

 [[300  61]]

 [[301  60]]

 [[301  59]]

 [[301  58]]

 [[301  57]]

 [[301  56]]

 [[300  55]]

 [[300  54]]

 [[300  53]]

 [[300  52]]

 [[301  51]]

 [[302  50]]

 [[301  49]]

 [[301  48]]

 [[301  47]]

 [[300  46]]

 [[300  45]]

 [[300  44]]

 [[299  43]]

 [[299  42]]

 [[300  41]]

 [[301  40]]

 [[302  40]]

 [[303  41]]

 [[304  41]]

 [[305  40]]

 [[305  39]]]
[[[  0   0]]

 [[405  35]]

 [[405  36]]

 [[405  37]]

 [[405  38]]

 [[405  39]]

 [[405  40]]

 [[405  41]]

 [[405  42]]

 [[405  43]]

 [[405  44]]

 [[405  45]]

 [[405  46]]

 [[405  47]]

 [[406  48]]

 [[407  49]]

 [[408  49]]

 [[409  50]]

 [[410  50]]

 [[411  50]]

 [[412  51]]

 [[413  51]]

 [[414  52]]

 [[415  52]]

 [[416  52]]

 [[417  53]]

 [[418  53]]

 [[419  53]]

 [[420  53]]

 [[421  54]]

 [[422  54]]

 [[423  54]]

 [[424  55]]

 [[425  55]]

 [[426  55]]

 [[427  56]]

 [[428  56]]

 [[429  56]]

 [[430  57]]

 [[431  57]]

 [[432  57]]

 [[433  57]]

 [[434  58]]

 [[435  58]]

 [[436  58]]

 [[437  58]]

 [[438  58]]

 [[439  59]]

 [[440  59]]

 [[441  59]]

 [[442  59]]

 [[443  59]]

 [[444  60]]

 [[445  60]]

 [[446  60]]

 [[447  60]]

 [[448  60]]

 [[449  60]]

 [[450  60]]

 [[451  60]]

 [[452  60]]

 [[453  60]]

 [[454  60]]

 [[455  60]]

 [[456  60]]

 [[457  60]]

 [[458  60]]

 [[459  60]]

 [[460  60]]

 [[461  60]]

 [[462  60]]

 [[463  60]]

 [[464  60]]

 [[465  60]]

 [[466  59]]

 [[467  59]]

 [[468  58]]

 [[469  57]]

 [[469  56]]

 [[470  55]]

 [[470  54]]

 [[470  53]]

 [[471  52]]

 [[471  51]]

 [[471  50]]

 [[472  49]]

 [[472  48]]

 [[473  47]]

 [[472  46]]

 [[471  46]]

 [[470  47]]

 [[469  47]]

 [[468  47]]

 [[467  48]]

 [[466  48]]

 [[465  48]]

 [[464  48]]

 [[463  48]]

 [[462  49]]

 [[461  48]]

 [[460  48]]

 [[459  48]]

 [[458  48]]

 [[457  48]]

 [[456  48]]

 [[455  48]]

 [[454  48]]

 [[453  48]]

 [[452  48]]

 [[451  48]]

 [[450  48]]

 [[449  47]]

 [[448  47]]

 [[447  47]]

 [[446  47]]

 [[445  47]]

 [[444  47]]

 [[443  47]]

 [[442  46]]

 [[441  46]]

 [[440  46]]

 [[439  46]]

 [[438  45]]

 [[437  45]]

 [[436  45]]

 [[435  45]]

 [[434  44]]

 [[433  44]]

 [[432  44]]

 [[431  44]]

 [[430  43]]

 [[429  43]]

 [[428  43]]

 [[427  43]]

 [[426  42]]

 [[425  42]]

 [[424  42]]

 [[423  41]]

 [[422  41]]

 [[421  41]]

 [[420  40]]

 [[419  40]]

 [[418  40]]

 [[417  40]]

 [[416  39]]

 [[415  39]]

 [[414  39]]

 [[413  38]]

 [[412  38]]

 [[411  37]]

 [[410  36]]

 [[409  36]]

 [[408  35]]

 [[407  35]]]
[[[  0   0]]

 [[231  32]]

 [[230  33]]

 [[229  34]]

 [[228  35]]

 [[227  36]]

 [[226  37]]

 [[225  38]]

 [[224  38]]

 [[223  39]]

 [[222  40]]

 [[221  41]]

 [[220  42]]

 [[219  43]]

 [[218  43]]

 [[217  44]]

 [[216  45]]

 [[215  46]]

 [[214  46]]

 [[213  46]]

 [[212  46]]

 [[211  46]]

 [[210  47]]

 [[209  47]]

 [[208  47]]

 [[207  47]]

 [[206  47]]

 [[205  47]]

 [[204  47]]

 [[203  47]]

 [[202  47]]

 [[201  47]]

 [[200  47]]

 [[199  47]]

 [[198  48]]

 [[197  48]]

 [[196  48]]

 [[195  48]]

 [[194  47]]

 [[193  47]]

 [[192  47]]

 [[191  47]]

 [[190  47]]

 [[189  47]]

 [[188  47]]

 [[187  47]]

 [[186  47]]

 [[185  47]]

 [[184  47]]

 [[183  47]]

 [[182  47]]

 [[181  46]]

 [[180  46]]

 [[179  46]]

 [[178  46]]

 [[177  46]]

 [[176  45]]

 [[175  45]]

 [[174  44]]

 [[173  44]]

 [[172  43]]

 [[171  42]]

 [[170  41]]

 [[169  40]]

 [[169  39]]

 [[169  38]]

 [[169  37]]

 [[169  36]]

 [[169  35]]

 [[169  34]]

 [[169  33]]

 [[168  32]]

 [[167  33]]

 [[166  34]]

 [[165  34]]

 [[165  35]]

 [[166  35]]

 [[167  36]]

 [[167  37]]

 [[168  37]]

 [[169  38]]

 [[169  39]]

 [[169  40]]

 [[170  41]]

 [[170  42]]

 [[170  43]]

 [[170  44]]

 [[171  45]]

 [[171  46]]

 [[171  47]]

 [[171  48]]

 [[171  49]]

 [[172  50]]

 [[172  51]]

 [[172  52]]

 [[172  53]]

 [[172  54]]

 [[172  55]]

 [[172  56]]

 [[172  57]]

 [[173  58]]

 [[173  59]]

 [[174  60]]

 [[175  61]]

 [[176  61]]

 [[177  61]]

 [[178  62]]

 [[179  62]]

 [[180  62]]

 [[181  62]]

 [[182  63]]

 [[183  63]]

 [[184  63]]

 [[185  63]]

 [[186  63]]

 [[187  64]]

 [[188  64]]

 [[189  64]]

 [[190  64]]

 [[191  64]]

 [[192  63]]

 [[193  63]]

 [[194  63]]

 [[195  64]]

 [[196  64]]

 [[197  64]]

 [[198  64]]

 [[199  64]]

 [[200  64]]

 [[201  64]]

 [[202  64]]

 [[203  64]]

 [[204  64]]

 [[205  64]]

 [[206  64]]

 [[207  64]]

 [[208  63]]

 [[209  63]]

 [[210  63]]

 [[211  63]]

 [[212  63]]

 [[213  62]]

 [[214  62]]

 [[215  62]]

 [[216  62]]

 [[217  62]]

 [[218  61]]

 [[219  61]]

 [[220  61]]

 [[221  60]]

 [[222  59]]

 [[223  59]]

 [[224  58]]

 [[225  57]]

 [[226  56]]

 [[227  55]]

 [[228  54]]

 [[229  53]]

 [[230  52]]

 [[231  52]]

 [[232  52]]

 [[233  52]]

 [[233  51]]

 [[233  50]]

 [[234  49]]

 [[233  48]]

 [[233  47]]

 [[233  46]]

 [[233  45]]

 [[233  44]]

 [[233  43]]

 [[233  42]]

 [[234  41]]

 [[234  40]]

 [[235  39]]

 [[236  38]]

 [[235  37]]

 [[235  36]]

 [[235  35]]

 [[235  34]]

 [[235  33]]

 [[234  32]]

 [[233  31]]]
[[[  0   0]]

 [[502  25]]

 [[502  26]]

 [[503  27]]

 [[503  28]]

 [[504  29]]

 [[505  29]]

 [[506  29]]

 [[507  29]]

 [[507  28]]

 [[508  27]]

 [[509  26]]

 [[510  26]]

 [[511  26]]

 [[512  27]]

 [[513  27]]

 [[514  27]]

 [[515  28]]

 [[516  28]]

 [[517  28]]

 [[518  29]]

 [[519  29]]

 [[520  29]]

 [[521  29]]

 [[522  30]]

 [[523  30]]

 [[524  31]]

 [[525  31]]

 [[526  31]]

 [[527  31]]

 [[528  32]]

 [[529  32]]

 [[530  32]]

 [[531  33]]

 [[532  33]]

 [[533  33]]

 [[534  34]]

 [[535  34]]

 [[536  34]]

 [[537  35]]

 [[538  35]]

 [[539  35]]

 [[540  35]]

 [[541  36]]

 [[542  36]]

 [[543  36]]

 [[544  36]]

 [[545  36]]

 [[546  37]]

 [[547  37]]

 [[548  37]]

 [[549  37]]

 [[550  37]]

 [[551  38]]

 [[552  38]]

 [[553  38]]

 [[554  38]]

 [[555  38]]

 [[556  38]]

 [[557  39]]

 [[558  39]]

 [[559  39]]

 [[560  39]]

 [[561  39]]

 [[562  39]]

 [[563  40]]

 [[564  40]]

 [[565  40]]

 [[566  40]]

 [[567  40]]

 [[568  40]]

 [[569  40]]

 [[570  40]]

 [[571  40]]

 [[572  39]]

 [[573  39]]

 [[574  39]]

 [[574  38]]

 [[574  37]]

 [[573  37]]

 [[572  37]]

 [[571  37]]

 [[570  37]]

 [[569  36]]

 [[568  35]]

 [[567  34]]

 [[566  34]]

 [[565  34]]

 [[564  33]]

 [[563  33]]

 [[562  33]]

 [[561  33]]

 [[560  33]]

 [[559  33]]

 [[558  33]]

 [[557  33]]

 [[556  33]]

 [[555  32]]

 [[554  32]]

 [[553  32]]

 [[552  32]]

 [[551  32]]

 [[550  32]]

 [[549  31]]

 [[548  31]]

 [[547  31]]

 [[546  31]]

 [[545  31]]

 [[544  32]]

 [[543  32]]

 [[542  32]]

 [[541  32]]

 [[540  32]]

 [[539  31]]

 [[538  30]]

 [[537  29]]

 [[536  29]]

 [[535  28]]

 [[534  28]]

 [[533  28]]

 [[532  28]]

 [[531  28]]

 [[530  28]]

 [[529  27]]

 [[528  27]]

 [[527  27]]

 [[526  27]]

 [[525  26]]

 [[524  26]]

 [[523  26]]

 [[522  26]]

 [[521  25]]

 [[520  25]]

 [[519  25]]

 [[518  25]]

 [[517  25]]

 [[516  25]]

 [[515  25]]

 [[514  24]]

 [[513  24]]

 [[512  24]]

 [[511  24]]

 [[510  25]]

 [[509  25]]

 [[508  25]]

 [[507  25]]

 [[506  24]]

 [[505  24]]

 [[504  24]]]
[[[  0   0]]

 [[415   2]]

 [[414   3]]

 [[414   4]]

 [[415   5]]

 [[416   5]]

 [[417   6]]

 [[418   6]]

 [[419   6]]

 [[420   7]]

 [[421   7]]

 [[422   7]]

 [[423   7]]

 [[424   7]]

 [[425   8]]

 [[426   8]]

 [[427   8]]

 [[428   8]]

 [[429   8]]

 [[430   9]]

 [[431   9]]

 [[432   9]]

 [[433   9]]

 [[434   9]]

 [[435  10]]

 [[436  10]]

 [[437  10]]

 [[438  11]]

 [[439  11]]

 [[440  11]]

 [[441  11]]

 [[442  11]]

 [[443  12]]

 [[444  12]]

 [[445  13]]

 [[446  13]]

 [[447  13]]

 [[448  13]]

 [[449  13]]

 [[450  13]]

 [[451  14]]

 [[452  14]]

 [[453  14]]

 [[454  15]]

 [[455  15]]

 [[456  15]]

 [[457  15]]

 [[458  15]]

 [[459  16]]

 [[460  16]]

 [[461  16]]

 [[462  16]]

 [[463  16]]

 [[464  16]]

 [[465  16]]

 [[466  16]]

 [[467  17]]

 [[468  17]]

 [[469  17]]

 [[470  17]]

 [[471  17]]

 [[472  17]]

 [[473  17]]

 [[474  17]]

 [[475  17]]

 [[476  17]]

 [[477  18]]

 [[477  19]]

 [[478  20]]

 [[478  21]]

 [[479  22]]

 [[479  23]]

 [[479  24]]

 [[480  24]]

 [[481  24]]

 [[482  24]]

 [[483  24]]

 [[484  24]]

 [[484  23]]

 [[484  22]]

 [[483  21]]

 [[482  20]]

 [[481  19]]

 [[481  18]]

 [[481  17]]

 [[481  16]]

 [[481  15]]

 [[480  15]]

 [[480  16]]

 [[479  17]]

 [[478  16]]

 [[477  16]]

 [[476  15]]

 [[475  15]]

 [[474  14]]

 [[473  14]]

 [[472  14]]

 [[471  13]]

 [[470  13]]

 [[469  13]]

 [[468  13]]

 [[467  12]]

 [[466  12]]

 [[465  12]]

 [[464  12]]

 [[463  12]]

 [[462  11]]

 [[461  11]]

 [[460  11]]

 [[459  11]]

 [[458  10]]

 [[457  10]]

 [[456  10]]

 [[455  10]]

 [[454   9]]

 [[453   9]]

 [[452   9]]

 [[451   9]]

 [[450   9]]

 [[449   8]]

 [[448   8]]

 [[447   9]]

 [[446   9]]

 [[445   9]]

 [[444   9]]

 [[443   8]]

 [[443   7]]

 [[442   6]]

 [[441   6]]

 [[440   6]]

 [[439   5]]

 [[438   5]]

 [[437   5]]

 [[436   5]]

 [[435   4]]

 [[434   4]]

 [[433   4]]

 [[432   4]]

 [[431   4]]

 [[430   4]]

 [[429   3]]

 [[428   3]]

 [[427   3]]

 [[426   3]]

 [[425   2]]

 [[424   2]]

 [[423   2]]

 [[422   2]]

 [[421   2]]

 [[420   2]]

 [[419   1]]

 [[418   1]]

 [[417   1]]]
[[[  0   0]]

 [[386   2]]

 [[385   3]]

 [[385   4]]

 [[385   5]]

 [[384   6]]

 [[384   7]]

 [[384   8]]

 [[383   9]]

 [[383  10]]

 [[383  11]]

 [[383  12]]

 [[382  13]]

 [[381  14]]

 [[380  15]]

 [[379  16]]

 [[378  17]]

 [[377  17]]

 [[376  17]]

 [[375  18]]

 [[374  18]]

 [[373  18]]

 [[372  18]]

 [[371  19]]

 [[370  19]]

 [[369  19]]

 [[368  19]]

 [[367  19]]

 [[366  20]]

 [[365  20]]

 [[364  20]]

 [[363  20]]

 [[362  20]]

 [[361  20]]

 [[360  20]]

 [[359  20]]

 [[358  20]]

 [[357  20]]

 [[356  20]]

 [[355  20]]

 [[354  20]]

 [[353  20]]

 [[352  20]]

 [[351  20]]

 [[350  20]]

 [[349  19]]

 [[348  19]]

 [[347  19]]

 [[346  19]]

 [[345  19]]

 [[344  19]]

 [[343  19]]

 [[342  19]]

 [[341  19]]

 [[340  18]]

 [[339  18]]

 [[338  18]]

 [[337  18]]

 [[336  18]]

 [[335  17]]

 [[334  17]]

 [[333  17]]

 [[332  16]]

 [[331  16]]

 [[330  16]]

 [[329  16]]

 [[328  16]]

 [[327  15]]

 [[326  15]]

 [[325  14]]

 [[324  13]]

 [[323  12]]

 [[322  12]]

 [[321  11]]

 [[320  10]]

 [[319   9]]

 [[319  10]]

 [[319  11]]

 [[319  12]]

 [[319  13]]

 [[319  14]]

 [[319  15]]

 [[319  16]]

 [[319  17]]

 [[319  18]]

 [[319  19]]

 [[319  20]]

 [[319  21]]

 [[319  22]]

 [[318  23]]

 [[318  24]]

 [[318  25]]

 [[318  26]]

 [[318  27]]

 [[319  28]]

 [[319  29]]

 [[319  30]]

 [[320  30]]

 [[321  31]]

 [[322  32]]

 [[323  33]]

 [[324  33]]

 [[325  34]]

 [[326  34]]

 [[327  35]]

 [[328  35]]

 [[329  36]]

 [[330  36]]

 [[331  36]]

 [[332  36]]

 [[333  37]]

 [[334  37]]

 [[335  37]]

 [[336  38]]

 [[337  38]]

 [[338  38]]

 [[339  38]]

 [[340  38]]

 [[341  39]]

 [[342  39]]

 [[343  39]]

 [[344  39]]

 [[345  39]]

 [[346  39]]

 [[347  39]]

 [[348  39]]

 [[349  40]]

 [[350  40]]

 [[351  40]]

 [[352  40]]

 [[353  40]]

 [[354  40]]

 [[355  40]]

 [[356  40]]

 [[357  40]]

 [[358  40]]

 [[359  40]]

 [[360  40]]

 [[361  40]]

 [[362  40]]

 [[363  40]]

 [[364  40]]

 [[365  40]]

 [[366  40]]

 [[367  40]]

 [[368  40]]

 [[369  39]]

 [[370  39]]

 [[371  39]]

 [[372  39]]

 [[373  38]]

 [[374  38]]

 [[375  38]]

 [[376  37]]

 [[377  37]]

 [[378  36]]

 [[379  35]]

 [[380  34]]

 [[380  33]]

 [[381  32]]

 [[381  31]]

 [[381  30]]

 [[381  29]]

 [[381  28]]

 [[381  27]]

 [[381  26]]

 [[381  25]]

 [[381  24]]

 [[381  23]]

 [[381  22]]

 [[382  21]]

 [[382  20]]

 [[382  19]]

 [[382  18]]

 [[383  17]]

 [[383  16]]

 [[384  15]]

 [[384  14]]

 [[384  13]]

 [[383  12]]

 [[383  11]]

 [[383  10]]

 [[384   9]]

 [[385   8]]

 [[386   8]]

 [[387   7]]

 [[388   6]]

 [[388   5]]

 [[388   4]]

 [[389   3]]

 [[389   2]]

 [[389   1]]

 [[388   1]]

 [[387   1]]]
[[[  0   0]]

 [[302   2]]

 [[302   3]]

 [[302   4]]

 [[302   5]]

 [[301   6]]

 [[300   6]]

 [[299   5]]

 [[299   6]]

 [[299   7]]

 [[298   8]]

 [[298   9]]

 [[297  10]]

 [[297  11]]

 [[296  12]]

 [[295  13]]

 [[295  14]]

 [[294  15]]

 [[293  16]]

 [[292  17]]

 [[291  18]]

 [[290  18]]

 [[289  18]]

 [[288  19]]

 [[287  19]]

 [[286  19]]

 [[285  19]]

 [[284  19]]

 [[283  19]]

 [[282  19]]

 [[281  19]]

 [[280  19]]

 [[279  19]]

 [[278  19]]

 [[277  19]]

 [[276  19]]

 [[275  19]]

 [[274  19]]

 [[273  19]]

 [[272  19]]

 [[271  19]]

 [[270  19]]

 [[269  19]]

 [[268  19]]

 [[267  19]]

 [[266  19]]

 [[265  19]]

 [[264  19]]

 [[263  19]]

 [[262  19]]

 [[261  19]]

 [[260  18]]

 [[259  18]]

 [[258  18]]

 [[257  18]]

 [[256  18]]

 [[255  18]]

 [[254  18]]

 [[253  18]]

 [[252  18]]

 [[251  18]]

 [[250  17]]

 [[249  17]]

 [[248  17]]

 [[247  17]]

 [[246  17]]

 [[245  16]]

 [[244  16]]

 [[243  16]]

 [[242  15]]

 [[241  15]]

 [[240  14]]

 [[239  13]]

 [[238  12]]

 [[237  11]]

 [[236  11]]

 [[236  12]]

 [[236  13]]

 [[236  14]]

 [[236  15]]

 [[236  16]]

 [[236  17]]

 [[235  18]]

 [[234  19]]

 [[234  20]]

 [[233  21]]

 [[233  22]]

 [[233  23]]

 [[233  24]]

 [[234  25]]

 [[235  25]]

 [[236  24]]

 [[237  23]]

 [[238  23]]

 [[239  24]]

 [[240  25]]

 [[241  25]]

 [[242  26]]

 [[243  27]]

 [[244  27]]

 [[245  27]]

 [[246  28]]

 [[247  28]]

 [[248  28]]

 [[249  29]]

 [[250  29]]

 [[251  29]]

 [[252  29]]

 [[253  29]]

 [[254  29]]

 [[255  30]]

 [[256  30]]

 [[257  30]]

 [[258  30]]

 [[259  30]]

 [[260  30]]

 [[261  30]]

 [[262  30]]

 [[263  30]]

 [[264  30]]

 [[265  30]]

 [[266  31]]

 [[267  31]]

 [[268  31]]

 [[269  30]]

 [[270  30]]

 [[271  30]]

 [[272  30]]

 [[273  30]]

 [[274  30]]

 [[275  30]]

 [[276  30]]

 [[277  30]]

 [[278  30]]

 [[279  30]]

 [[280  30]]

 [[281  30]]

 [[282  30]]

 [[283  30]]

 [[284  30]]

 [[285  30]]

 [[286  30]]

 [[287  30]]

 [[288  30]]

 [[289  30]]

 [[290  30]]

 [[291  30]]

 [[292  30]]

 [[293  29]]

 [[294  28]]

 [[294  27]]

 [[295  26]]

 [[296  25]]

 [[297  24]]

 [[298  23]]

 [[298  22]]

 [[298  21]]

 [[299  20]]

 [[299  19]]

 [[300  18]]

 [[300  17]]

 [[300  16]]

 [[300  15]]

 [[301  14]]

 [[301  13]]

 [[302  12]]

 [[303  11]]

 [[304  10]]

 [[305  10]]

 [[304  10]]

 [[303   9]]

 [[304   8]]

 [[304   7]]

 [[304   6]]

 [[304   5]]

 [[305   4]]

 [[304   3]]

 [[303   2]]

 [[304   1]]

 [[303   1]]]
[[[  0   0]]

 [[223   2]]

 [[222   2]]

 [[221   3]]

 [[220   3]]

 [[219   4]]

 [[218   5]]

 [[217   5]]

 [[216   6]]

 [[215   6]]

 [[214   7]]

 [[213   7]]

 [[212   7]]

 [[211   7]]

 [[210   8]]

 [[209   8]]

 [[208   8]]

 [[207   8]]

 [[206   8]]

 [[205   8]]

 [[204   8]]

 [[203   8]]

 [[202   8]]

 [[201   8]]

 [[200   8]]

 [[199   9]]

 [[198   9]]

 [[197   9]]

 [[196   9]]

 [[195   9]]

 [[194   9]]

 [[193   9]]

 [[192   9]]

 [[191   9]]

 [[190   9]]

 [[189   9]]

 [[188   9]]

 [[187   9]]

 [[186   9]]

 [[185   9]]

 [[184   9]]

 [[183   9]]

 [[182   9]]

 [[181   9]]

 [[180   8]]

 [[179   8]]

 [[178   8]]

 [[177   8]]

 [[176   8]]

 [[175   8]]

 [[174   8]]

 [[173   7]]

 [[172   7]]

 [[171   7]]

 [[170   6]]

 [[169   6]]

 [[168   5]]

 [[167   5]]

 [[167   6]]

 [[168   7]]

 [[168   8]]

 [[168   9]]

 [[169  10]]

 [[169  11]]

 [[169  12]]

 [[169  13]]

 [[169  14]]

 [[169  15]]

 [[170  16]]

 [[170  17]]

 [[170  18]]

 [[170  19]]

 [[170  20]]

 [[170  21]]

 [[170  22]]

 [[171  23]]

 [[172  24]]

 [[173  24]]

 [[174  24]]

 [[175  25]]

 [[176  25]]

 [[177  25]]

 [[178  25]]

 [[179  25]]

 [[180  25]]

 [[181  26]]

 [[182  26]]

 [[183  26]]

 [[184  26]]

 [[185  26]]

 [[186  26]]

 [[187  26]]

 [[188  26]]

 [[189  26]]

 [[190  26]]

 [[191  26]]

 [[192  26]]

 [[193  26]]

 [[194  26]]

 [[195  26]]

 [[196  26]]

 [[197  26]]

 [[198  26]]

 [[199  26]]

 [[200  26]]

 [[201  26]]

 [[202  26]]

 [[203  26]]

 [[204  26]]

 [[205  26]]

 [[206  25]]

 [[207  25]]

 [[208  26]]

 [[209  26]]

 [[210  26]]

 [[211  26]]

 [[212  26]]

 [[213  25]]

 [[214  25]]

 [[215  24]]

 [[216  24]]

 [[217  23]]

 [[218  23]]

 [[219  22]]

 [[220  21]]

 [[221  21]]

 [[222  20]]

 [[223  19]]

 [[224  18]]

 [[225  18]]

 [[226  17]]

 [[227  16]]

 [[228  15]]

 [[229  15]]

 [[230  14]]

 [[230  13]]

 [[230  12]]

 [[230  11]]

 [[230  10]]

 [[230   9]]

 [[230   8]]

 [[230   7]]

 [[230   6]]

 [[229   5]]

 [[229   4]]

 [[229   3]]

 [[229   2]]

 [[229   1]]

 [[228   1]]

 [[227   1]]

 [[226   1]]

 [[225   1]]]
