[[[  0   0]]

 [[304  93]]

 [[304  94]]

 [[304  95]]

 [[304  96]]

 [[305  97]]

 [[305  98]]

 [[305  99]]

 [[306 100]]

 [[307 101]]

 [[308 101]]

 [[309 102]]

 [[310 102]]

 [[311 102]]

 [[312 103]]

 [[313 103]]

 [[314 103]]

 [[315 103]]

 [[316 103]]

 [[317 104]]

 [[318 104]]

 [[319 104]]

 [[320 104]]

 [[321 104]]

 [[322 104]]

 [[323 104]]

 [[324 104]]

 [[325 104]]

 [[326 104]]

 [[327 104]]

 [[328 104]]

 [[329 104]]

 [[330 104]]

 [[331 104]]

 [[332 104]]

 [[333 104]]

 [[334 104]]

 [[335 104]]

 [[336 104]]

 [[337 104]]

 [[338 104]]

 [[339 104]]

 [[340 104]]

 [[341 104]]

 [[342 103]]

 [[343 103]]

 [[344 103]]

 [[345 103]]

 [[346 102]]

 [[347 102]]

 [[348 101]]

 [[349 100]]

 [[349  99]]

 [[349  98]]

 [[349  97]]

 [[349  96]]

 [[349  95]]

 [[348  94]]

 [[347  94]]

 [[346  94]]

 [[345  94]]

 [[344  94]]

 [[343  94]]

 [[342  94]]

 [[341  94]]

 [[340  94]]

 [[339  94]]

 [[338  94]]

 [[337  95]]

 [[336  95]]

 [[335  95]]

 [[334  95]]

 [[333  95]]

 [[332  95]]

 [[331  95]]

 [[330  95]]

 [[329  95]]

 [[328  95]]

 [[327  95]]

 [[326  95]]

 [[325  95]]

 [[324  95]]

 [[323  95]]

 [[322  95]]

 [[321  94]]

 [[320  94]]

 [[319  94]]

 [[318  94]]

 [[317  94]]

 [[316  94]]

 [[315  94]]

 [[314  94]]

 [[313  94]]

 [[312  94]]

 [[311  94]]

 [[310  93]]

 [[309  93]]

 [[308  93]]

 [[307  92]]

 [[306  92]]]
[[[ 0  0]]

 [[70 63]]

 [[70 64]]

 [[69 65]]

 [[68 66]]

 [[67 67]]

 [[66 67]]

 [[65 67]]

 [[64 67]]

 [[63 68]]

 [[62 68]]

 [[61 69]]

 [[60 69]]

 [[59 69]]

 [[58 69]]

 [[57 70]]

 [[56 70]]

 [[55 70]]

 [[54 70]]

 [[53 70]]

 [[52 70]]

 [[51 70]]

 [[50 70]]

 [[49 70]]

 [[48 71]]

 [[47 71]]

 [[46 71]]

 [[45 71]]

 [[44 71]]

 [[43 71]]

 [[42 71]]

 [[41 71]]

 [[40 71]]

 [[39 71]]

 [[38 71]]

 [[37 71]]

 [[37 72]]

 [[38 73]]

 [[38 74]]

 [[38 75]]

 [[38 76]]

 [[38 77]]

 [[38 78]]

 [[38 79]]

 [[39 80]]

 [[40 80]]

 [[41 80]]

 [[42 80]]

 [[43 80]]

 [[44 80]]

 [[45 80]]

 [[46 80]]

 [[47 80]]

 [[48 80]]

 [[49 80]]

 [[50 80]]

 [[51 80]]

 [[52 80]]

 [[53 80]]

 [[54 79]]

 [[55 79]]

 [[56 79]]

 [[57 79]]

 [[58 79]]

 [[59 78]]

 [[60 78]]

 [[61 78]]

 [[62 77]]

 [[63 77]]

 [[64 77]]

 [[65 77]]

 [[66 76]]

 [[67 76]]

 [[68 75]]

 [[69 74]]

 [[69 73]]

 [[70 72]]

 [[70 71]]

 [[70 70]]

 [[70 69]]

 [[70 68]]

 [[70 67]]

 [[71 66]]

 [[71 65]]

 [[71 64]]

 [[71 63]]]
[[[  0   0]]

 [[206  53]]

 [[205  53]]

 [[204  53]]

 [[203  53]]

 [[202  53]]

 [[201  54]]

 [[200  54]]

 [[199  54]]

 [[198  54]]

 [[197  54]]

 [[196  54]]

 [[195  54]]

 [[194  54]]

 [[193  54]]

 [[192  54]]

 [[191  54]]

 [[190  54]]

 [[189  54]]

 [[188  54]]

 [[187  54]]

 [[186  54]]

 [[185  54]]

 [[184  55]]

 [[183  55]]

 [[182  55]]

 [[181  55]]

 [[180  55]]

 [[179  55]]

 [[178  55]]

 [[177  55]]

 [[176  55]]

 [[175  56]]

 [[174  56]]

 [[173  56]]

 [[172  56]]

 [[171  56]]

 [[170  57]]

 [[169  57]]

 [[168  57]]

 [[167  57]]

 [[166  57]]

 [[165  57]]

 [[164  58]]

 [[163  58]]

 [[162  58]]

 [[161  58]]

 [[160  58]]

 [[159  58]]

 [[158  58]]

 [[157  58]]

 [[156  57]]

 [[155  57]]

 [[154  57]]

 [[153  57]]

 [[152  57]]

 [[151  57]]

 [[150  57]]

 [[149  57]]

 [[148  58]]

 [[148  59]]

 [[148  60]]

 [[149  61]]

 [[149  62]]

 [[149  63]]

 [[149  64]]

 [[149  65]]

 [[150  66]]

 [[151  66]]

 [[152  67]]

 [[153  67]]

 [[154  67]]

 [[155  67]]

 [[156  67]]

 [[157  66]]

 [[158  66]]

 [[159  66]]

 [[160  66]]

 [[161  67]]

 [[162  67]]

 [[163  67]]

 [[164  67]]

 [[165  66]]

 [[166  66]]

 [[167  66]]

 [[168  66]]

 [[169  66]]

 [[170  66]]

 [[171  65]]

 [[172  65]]

 [[173  65]]

 [[174  65]]

 [[175  64]]

 [[176  64]]

 [[177  63]]

 [[178  62]]

 [[179  62]]

 [[180  63]]

 [[181  63]]

 [[182  63]]

 [[183  63]]

 [[184  64]]

 [[185  64]]

 [[186  64]]

 [[187  64]]

 [[188  64]]

 [[189  64]]

 [[190  64]]

 [[191  64]]

 [[192  64]]

 [[193  64]]

 [[194  64]]

 [[195  63]]

 [[196  63]]

 [[197  63]]

 [[198  63]]

 [[199  63]]

 [[200  63]]

 [[201  62]]

 [[202  62]]

 [[203  62]]

 [[204  62]]

 [[205  62]]

 [[206  62]]

 [[207  61]]

 [[208  61]]

 [[209  60]]

 [[209  59]]

 [[209  58]]

 [[210  57]]

 [[210  56]]

 [[210  55]]

 [[210  54]]

 [[210  53]]

 [[210  52]]

 [[209  52]]

 [[208  52]]]
[[[  0   0]]

 [[270  48]]

 [[269  49]]

 [[268  49]]

 [[267  49]]

 [[266  50]]

 [[265  50]]

 [[264  50]]

 [[263  50]]

 [[262  50]]

 [[261  50]]

 [[260  50]]

 [[259  50]]

 [[258  50]]

 [[257  51]]

 [[256  51]]

 [[255  52]]

 [[254  53]]

 [[253  54]]

 [[253  55]]

 [[253  56]]

 [[253  57]]

 [[253  58]]

 [[253  59]]

 [[254  60]]

 [[253  61]]

 [[253  62]]

 [[252  63]]

 [[252  64]]

 [[252  65]]

 [[252  66]]

 [[252  67]]

 [[252  68]]

 [[253  69]]

 [[253  70]]

 [[253  71]]

 [[253  72]]

 [[253  73]]

 [[253  74]]

 [[253  75]]

 [[253  76]]

 [[253  77]]

 [[253  78]]

 [[253  79]]

 [[253  80]]

 [[253  81]]

 [[253  82]]

 [[253  83]]

 [[253  84]]

 [[253  85]]

 [[253  86]]

 [[253  87]]

 [[253  88]]

 [[253  89]]

 [[253  90]]

 [[253  91]]

 [[253  92]]

 [[253  93]]

 [[253  94]]

 [[253  95]]

 [[253  96]]

 [[253  97]]

 [[253  98]]

 [[252  99]]

 [[252 100]]

 [[252 101]]

 [[251 102]]

 [[251 103]]

 [[251 104]]

 [[251 105]]

 [[251 106]]

 [[252 107]]

 [[252 108]]

 [[252 109]]

 [[252 110]]

 [[253 111]]

 [[253 112]]

 [[253 113]]

 [[253 114]]

 [[252 115]]

 [[252 116]]

 [[252 117]]

 [[252 118]]

 [[253 119]]

 [[254 120]]

 [[254 121]]

 [[255 122]]

 [[256 122]]

 [[257 122]]

 [[258 122]]

 [[259 122]]

 [[260 121]]

 [[261 121]]

 [[262 121]]

 [[263 122]]

 [[264 123]]

 [[265 124]]

 [[266 124]]

 [[267 125]]

 [[268 125]]

 [[269 126]]

 [[270 126]]

 [[271 126]]

 [[272 126]]

 [[273 126]]

 [[274 126]]

 [[275 126]]

 [[276 126]]

 [[277 126]]

 [[278 126]]

 [[279 125]]

 [[280 125]]

 [[281 125]]

 [[282 125]]

 [[283 125]]

 [[284 125]]

 [[285 125]]

 [[286 125]]

 [[287 125]]

 [[288 125]]

 [[289 125]]

 [[290 125]]

 [[291 125]]

 [[292 125]]

 [[293 125]]

 [[294 124]]

 [[295 123]]

 [[296 123]]

 [[297 123]]

 [[298 123]]

 [[299 123]]

 [[300 123]]

 [[301 122]]

 [[301 121]]

 [[301 120]]

 [[301 119]]

 [[301 118]]

 [[301 117]]

 [[301 116]]

 [[301 115]]

 [[300 114]]

 [[300 113]]

 [[300 112]]

 [[300 111]]

 [[300 110]]

 [[300 109]]

 [[299 108]]

 [[299 107]]

 [[299 106]]

 [[299 105]]

 [[300 104]]

 [[300 103]]

 [[299 102]]

 [[299 101]]

 [[299 100]]

 [[298  99]]

 [[298  98]]

 [[298  97]]

 [[298  96]]

 [[298  95]]

 [[298  94]]

 [[298  93]]

 [[298  92]]

 [[298  91]]

 [[298  90]]

 [[298  89]]

 [[299  88]]

 [[299  87]]

 [[299  86]]

 [[299  85]]

 [[298  84]]

 [[298  83]]

 [[298  82]]

 [[298  81]]

 [[298  80]]

 [[298  79]]

 [[298  78]]

 [[298  77]]

 [[298  76]]

 [[297  75]]

 [[297  74]]

 [[297  73]]

 [[297  72]]

 [[297  71]]

 [[297  70]]

 [[297  69]]

 [[298  68]]

 [[298  67]]

 [[298  66]]

 [[298  65]]

 [[298  64]]

 [[298  63]]

 [[298  62]]

 [[297  61]]

 [[297  60]]

 [[298  59]]

 [[298  58]]

 [[298  57]]

 [[298  56]]

 [[297  55]]

 [[298  54]]

 [[298  53]]

 [[298  52]]

 [[297  51]]

 [[296  51]]

 [[295  51]]

 [[294  51]]

 [[293  51]]

 [[292  51]]

 [[291  51]]

 [[290  51]]

 [[289  51]]

 [[288  51]]

 [[287  51]]

 [[286  51]]

 [[285  51]]

 [[284  52]]

 [[283  52]]

 [[282  52]]

 [[281  52]]

 [[280  52]]

 [[279  51]]

 [[278  50]]

 [[277  49]]

 [[276  49]]

 [[275  49]]

 [[274  48]]

 [[273  47]]

 [[272  47]]]
[[[  0   0]]

 [[263  52]]

 [[264  53]]

 [[265  54]]

 [[266  53]]

 [[267  53]]

 [[268  53]]

 [[269  53]]

 [[270  54]]

 [[271  53]]

 [[272  53]]

 [[273  53]]

 [[274  54]]

 [[275  54]]

 [[276  54]]

 [[277  54]]

 [[278  54]]

 [[279  55]]

 [[280  54]]

 [[281  55]]

 [[282  55]]

 [[283  55]]

 [[284  55]]

 [[285  55]]

 [[286  55]]

 [[287  55]]

 [[288  55]]

 [[289  55]]

 [[290  56]]

 [[291  57]]

 [[292  58]]

 [[293  59]]

 [[293  60]]

 [[294  60]]

 [[295  60]]

 [[296  61]]

 [[296  62]]

 [[296  63]]

 [[296  64]]

 [[296  65]]

 [[296  66]]

 [[295  67]]

 [[295  68]]

 [[295  69]]

 [[295  70]]

 [[295  71]]

 [[294  72]]

 [[293  72]]

 [[293  73]]

 [[293  74]]

 [[293  75]]

 [[294  76]]

 [[294  77]]

 [[294  78]]

 [[294  79]]

 [[294  80]]

 [[294  81]]

 [[294  82]]

 [[294  83]]

 [[294  84]]

 [[294  85]]

 [[294  86]]

 [[295  87]]

 [[295  88]]

 [[295  89]]

 [[295  90]]

 [[296  91]]

 [[296  92]]

 [[297  93]]

 [[296  94]]

 [[296  95]]

 [[296  96]]

 [[296  97]]

 [[296  98]]

 [[296  99]]

 [[296 100]]

 [[296 101]]

 [[296 102]]

 [[296 103]]

 [[295 104]]

 [[295 105]]

 [[295 106]]

 [[295 107]]

 [[296 108]]

 [[295 109]]

 [[295 110]]

 [[294 111]]

 [[294 112]]

 [[294 113]]

 [[295 114]]

 [[296 115]]

 [[297 116]]

 [[297 117]]

 [[297 118]]

 [[296 119]]

 [[295 120]]

 [[294 120]]

 [[293 121]]

 [[292 121]]

 [[291 121]]

 [[290 121]]

 [[289 121]]

 [[288 121]]

 [[287 121]]

 [[286 121]]

 [[285 121]]

 [[284 121]]

 [[283 121]]

 [[282 122]]

 [[281 122]]

 [[280 122]]

 [[279 121]]

 [[278 121]]

 [[277 122]]

 [[276 122]]

 [[275 122]]

 [[274 123]]

 [[273 122]]

 [[272 123]]

 [[271 122]]

 [[270 122]]

 [[269 121]]

 [[268 120]]

 [[267 120]]

 [[266 119]]

 [[265 119]]

 [[264 118]]

 [[263 118]]

 [[262 118]]

 [[261 118]]

 [[260 118]]

 [[259 117]]

 [[258 117]]

 [[257 116]]

 [[257 115]]

 [[256 114]]

 [[256 113]]

 [[256 112]]

 [[255 111]]

 [[255 110]]

 [[255 109]]

 [[255 108]]

 [[256 107]]

 [[257 107]]

 [[257 106]]

 [[256 105]]

 [[255 104]]

 [[255 103]]

 [[256 102]]

 [[256 101]]

 [[256 100]]

 [[256  99]]

 [[256  98]]

 [[256  97]]

 [[256  96]]

 [[256  95]]

 [[256  94]]

 [[256  93]]

 [[256  92]]

 [[256  91]]

 [[257  90]]

 [[256  89]]

 [[256  88]]

 [[256  87]]

 [[256  86]]

 [[256  85]]

 [[257  84]]

 [[257  83]]

 [[257  82]]

 [[256  81]]

 [[256  80]]

 [[256  79]]

 [[256  78]]

 [[256  77]]

 [[256  76]]

 [[256  75]]

 [[256  74]]

 [[255  73]]

 [[255  72]]

 [[255  71]]

 [[255  70]]

 [[255  69]]

 [[255  68]]

 [[254  67]]

 [[254  66]]

 [[254  65]]

 [[254  64]]

 [[255  63]]

 [[255  62]]

 [[256  61]]

 [[256  60]]

 [[256  59]]

 [[256  58]]

 [[256  57]]

 [[256  56]]

 [[257  55]]

 [[258  54]]

 [[259  54]]

 [[260  53]]

 [[261  53]]]
[[[ 0  0]]

 [[65 41]]

 [[65 42]]

 [[64 43]]

 [[64 44]]

 [[63 45]]

 [[62 46]]

 [[61 47]]

 [[60 47]]

 [[59 47]]

 [[58 47]]

 [[57 47]]

 [[56 48]]

 [[55 48]]

 [[54 48]]

 [[53 48]]

 [[52 48]]

 [[51 48]]

 [[50 49]]

 [[49 49]]

 [[48 49]]

 [[47 49]]

 [[46 49]]

 [[45 49]]

 [[44 49]]

 [[43 49]]

 [[42 49]]

 [[41 50]]

 [[40 50]]

 [[39 50]]

 [[38 50]]

 [[37 50]]

 [[36 50]]

 [[36 51]]

 [[36 52]]

 [[36 53]]

 [[36 54]]

 [[36 55]]

 [[36 56]]

 [[36 57]]

 [[36 58]]

 [[37 59]]

 [[38 59]]

 [[39 59]]

 [[40 59]]

 [[41 59]]

 [[42 59]]

 [[43 59]]

 [[44 58]]

 [[45 58]]

 [[46 58]]

 [[47 58]]

 [[48 58]]

 [[49 58]]

 [[50 58]]

 [[51 57]]

 [[52 57]]

 [[53 57]]

 [[54 57]]

 [[55 57]]

 [[56 57]]

 [[57 56]]

 [[58 56]]

 [[59 56]]

 [[60 56]]

 [[61 55]]

 [[62 55]]

 [[63 55]]

 [[64 55]]

 [[65 54]]

 [[65 53]]

 [[66 52]]

 [[66 51]]

 [[67 50]]

 [[67 49]]

 [[67 48]]

 [[67 47]]

 [[67 46]]

 [[67 45]]

 [[67 44]]

 [[67 43]]

 [[66 42]]

 [[66 41]]]
[[[  0   0]]

 [[359  39]]

 [[358  39]]

 [[357  39]]

 [[356  40]]

 [[355  41]]

 [[355  42]]

 [[355  43]]

 [[356  44]]

 [[356  45]]

 [[355  46]]

 [[355  47]]

 [[354  48]]

 [[353  49]]

 [[352  48]]

 [[351  48]]

 [[351  49]]

 [[350  50]]

 [[350  51]]

 [[350  52]]

 [[350  53]]

 [[350  54]]

 [[350  55]]

 [[350  56]]

 [[350  57]]

 [[350  58]]

 [[350  59]]

 [[350  60]]

 [[351  60]]

 [[352  59]]

 [[353  59]]

 [[354  59]]

 [[355  58]]

 [[356  59]]

 [[357  59]]

 [[358  60]]

 [[359  61]]

 [[359  62]]

 [[360  63]]

 [[360  64]]

 [[360  65]]

 [[360  66]]

 [[360  67]]

 [[360  68]]

 [[360  69]]

 [[359  70]]

 [[358  70]]

 [[357  70]]

 [[356  69]]

 [[355  69]]

 [[354  68]]

 [[353  68]]

 [[352  68]]

 [[351  67]]

 [[350  66]]

 [[349  65]]

 [[348  65]]

 [[347  66]]

 [[346  66]]

 [[345  66]]

 [[344  67]]

 [[343  67]]

 [[342  67]]

 [[341  67]]

 [[340  67]]

 [[339  67]]

 [[338  67]]

 [[337  67]]

 [[336  67]]

 [[335  67]]

 [[334  67]]

 [[333  67]]

 [[332  67]]

 [[331  67]]

 [[330  67]]

 [[329  67]]

 [[328  67]]

 [[327  67]]

 [[326  67]]

 [[325  67]]

 [[324  67]]

 [[323  67]]

 [[322  67]]

 [[321  67]]

 [[320  67]]

 [[319  67]]

 [[318  67]]

 [[317  67]]

 [[316  67]]

 [[315  67]]

 [[314  66]]

 [[313  66]]

 [[312  66]]

 [[311  66]]

 [[310  65]]

 [[309  65]]

 [[308  65]]

 [[307  65]]

 [[306  64]]

 [[305  65]]

 [[305  66]]

 [[305  67]]

 [[305  68]]

 [[306  69]]

 [[306  70]]

 [[306  71]]

 [[306  72]]

 [[306  73]]

 [[307  73]]

 [[308  74]]

 [[309  74]]

 [[310  75]]

 [[311  75]]

 [[312  76]]

 [[313  76]]

 [[314  76]]

 [[315  76]]

 [[316  76]]

 [[317  77]]

 [[318  77]]

 [[319  77]]

 [[320  77]]

 [[321  77]]

 [[322  77]]

 [[323  77]]

 [[324  77]]

 [[325  77]]

 [[326  77]]

 [[327  77]]

 [[328  77]]

 [[329  78]]

 [[330  78]]

 [[331  78]]

 [[332  78]]

 [[333  78]]

 [[334  78]]

 [[335  77]]

 [[336  77]]

 [[337  77]]

 [[338  77]]

 [[339  77]]

 [[340  77]]

 [[341  77]]

 [[342  76]]

 [[343  76]]

 [[344  76]]

 [[345  75]]

 [[346  74]]

 [[347  74]]

 [[348  73]]

 [[349  73]]

 [[350  74]]

 [[351  75]]

 [[351  76]]

 [[352  77]]

 [[352  78]]

 [[352  79]]

 [[352  80]]

 [[352  81]]

 [[352  82]]

 [[352  83]]

 [[351  84]]

 [[351  85]]

 [[351  86]]

 [[352  87]]

 [[352  88]]

 [[352  89]]

 [[353  89]]

 [[354  90]]

 [[355  91]]

 [[356  92]]

 [[356  93]]

 [[356  94]]

 [[356  95]]

 [[356  96]]

 [[356  97]]

 [[356  98]]

 [[356  99]]

 [[356 100]]

 [[355 101]]

 [[355 102]]

 [[355 103]]

 [[356 104]]

 [[357 104]]

 [[358 105]]

 [[359 105]]

 [[360 105]]

 [[361 105]]

 [[362 106]]

 [[363 106]]

 [[364 106]]

 [[365 107]]

 [[366 107]]

 [[367 107]]

 [[368 107]]

 [[369 108]]

 [[370 108]]

 [[371 108]]

 [[372 108]]

 [[373 109]]

 [[374 109]]

 [[375 109]]

 [[376 110]]

 [[377 110]]

 [[378 110]]

 [[379 110]]

 [[380 110]]

 [[381 110]]

 [[382 110]]

 [[383 110]]

 [[384 110]]

 [[385 110]]

 [[386 110]]

 [[387 110]]

 [[388 110]]

 [[389 110]]

 [[390 110]]

 [[391 110]]

 [[392 109]]

 [[393 109]]

 [[394 109]]

 [[395 109]]

 [[396 109]]

 [[397 109]]

 [[398 108]]

 [[399 108]]

 [[400 107]]

 [[401 107]]

 [[402 106]]

 [[403 105]]

 [[403 104]]

 [[403 103]]

 [[403 102]]

 [[404 101]]

 [[404 100]]

 [[404  99]]

 [[404  98]]

 [[404  97]]

 [[404  96]]

 [[404  95]]

 [[404  94]]

 [[403  94]]

 [[402  94]]

 [[401  95]]

 [[400  95]]

 [[399  95]]

 [[398  95]]

 [[397  95]]

 [[396  95]]

 [[395  95]]

 [[394  95]]

 [[393  95]]

 [[392  95]]

 [[391  95]]

 [[390  95]]

 [[389  95]]

 [[388  95]]

 [[387  95]]

 [[386  95]]

 [[385  95]]

 [[384  95]]

 [[383  95]]

 [[382  95]]

 [[381  95]]

 [[380  95]]

 [[379  95]]

 [[378  95]]

 [[377  95]]

 [[376  95]]

 [[375  94]]

 [[374  94]]

 [[373  94]]

 [[372  94]]

 [[371  94]]

 [[370  94]]

 [[369  94]]

 [[368  93]]

 [[367  93]]

 [[366  93]]

 [[365  93]]

 [[364  93]]

 [[363  93]]

 [[362  92]]

 [[361  92]]

 [[360  91]]

 [[359  91]]

 [[358  91]]

 [[357  90]]

 [[357  89]]

 [[356  88]]

 [[356  87]]

 [[356  86]]

 [[356  85]]

 [[356  84]]

 [[356  83]]

 [[356  82]]

 [[356  81]]

 [[356  80]]

 [[356  79]]

 [[356  78]]

 [[356  77]]

 [[357  76]]

 [[357  75]]

 [[358  74]]

 [[359  73]]

 [[360  73]]

 [[361  73]]

 [[362  73]]

 [[363  73]]

 [[364  74]]

 [[365  74]]

 [[366  74]]

 [[367  75]]

 [[368  75]]

 [[369  76]]

 [[370  76]]

 [[371  77]]

 [[372  77]]

 [[373  77]]

 [[374  77]]

 [[375  77]]

 [[376  77]]

 [[377  77]]

 [[378  77]]

 [[379  77]]

 [[380  77]]

 [[381  77]]

 [[382  77]]

 [[383  77]]

 [[384  77]]

 [[385  77]]

 [[386  77]]

 [[387  77]]

 [[388  78]]

 [[389  78]]

 [[390  78]]

 [[391  78]]

 [[392  78]]

 [[393  78]]

 [[394  78]]

 [[395  78]]

 [[396  77]]

 [[397  77]]

 [[398  77]]

 [[399  77]]

 [[400  77]]

 [[401  77]]

 [[402  77]]

 [[403  77]]

 [[404  76]]

 [[404  75]]

 [[404  74]]

 [[404  73]]

 [[403  72]]

 [[403  71]]

 [[403  70]]

 [[404  69]]

 [[404  68]]

 [[404  67]]

 [[404  66]]

 [[404  65]]

 [[404  64]]

 [[405  63]]

 [[404  62]]

 [[404  61]]

 [[403  62]]

 [[402  62]]

 [[401  63]]

 [[400  63]]

 [[399  63]]

 [[398  63]]

 [[397  63]]

 [[396  63]]

 [[395  63]]

 [[394  63]]

 [[393  63]]

 [[392  63]]

 [[391  63]]

 [[390  63]]

 [[389  63]]

 [[388  63]]

 [[387  63]]

 [[386  63]]

 [[385  63]]

 [[384  63]]

 [[383  63]]

 [[382  63]]

 [[381  63]]

 [[380  63]]

 [[379  63]]

 [[378  62]]

 [[377  62]]

 [[376  62]]

 [[375  62]]

 [[374  62]]

 [[373  62]]

 [[372  62]]

 [[371  62]]

 [[370  62]]

 [[369  61]]

 [[368  61]]

 [[367  61]]

 [[366  61]]

 [[365  60]]

 [[364  60]]

 [[363  60]]

 [[362  59]]

 [[361  59]]

 [[360  58]]

 [[360  57]]

 [[359  56]]

 [[359  55]]

 [[359  54]]

 [[359  53]]

 [[360  52]]

 [[360  51]]

 [[360  50]]

 [[360  49]]

 [[360  48]]

 [[360  47]]

 [[361  46]]

 [[361  45]]

 [[361  44]]

 [[361  43]]

 [[362  42]]

 [[362  41]]

 [[362  40]]

 [[362  39]]

 [[361  38]]]
[[[  0   0]]

 [[ 92  36]]

 [[ 91  36]]

 [[ 90  36]]

 [[ 89  36]]

 [[ 88  36]]

 [[ 87  36]]

 [[ 86  36]]

 [[ 85  36]]

 [[ 84  36]]

 [[ 83  36]]

 [[ 82  36]]

 [[ 81  37]]

 [[ 80  38]]

 [[ 79  39]]

 [[ 78  40]]

 [[ 78  41]]

 [[ 78  42]]

 [[ 78  43]]

 [[ 78  44]]

 [[ 78  45]]

 [[ 78  46]]

 [[ 78  47]]

 [[ 78  48]]

 [[ 78  49]]

 [[ 78  50]]

 [[ 78  51]]

 [[ 78  52]]

 [[ 78  53]]

 [[ 78  54]]

 [[ 79  55]]

 [[ 79  56]]

 [[ 79  57]]

 [[ 79  58]]

 [[ 79  59]]

 [[ 79  60]]

 [[ 79  61]]

 [[ 80  62]]

 [[ 80  63]]

 [[ 80  64]]

 [[ 80  65]]

 [[ 80  66]]

 [[ 80  67]]

 [[ 80  68]]

 [[ 80  69]]

 [[ 80  70]]

 [[ 80  71]]

 [[ 80  72]]

 [[ 80  73]]

 [[ 80  74]]

 [[ 80  75]]

 [[ 80  76]]

 [[ 80  77]]

 [[ 80  78]]

 [[ 80  79]]

 [[ 80  80]]

 [[ 80  81]]

 [[ 79  82]]

 [[ 78  82]]

 [[ 77  82]]

 [[ 76  82]]

 [[ 75  82]]

 [[ 75  83]]

 [[ 75  84]]

 [[ 75  85]]

 [[ 76  86]]

 [[ 77  85]]

 [[ 78  84]]

 [[ 79  83]]

 [[ 80  83]]

 [[ 81  83]]

 [[ 82  83]]

 [[ 83  83]]

 [[ 84  83]]

 [[ 85  83]]

 [[ 86  83]]

 [[ 87  83]]

 [[ 88  83]]

 [[ 89  82]]

 [[ 90  82]]

 [[ 91  82]]

 [[ 92  82]]

 [[ 93  82]]

 [[ 94  83]]

 [[ 95  83]]

 [[ 96  83]]

 [[ 97  82]]

 [[ 98  82]]

 [[ 99  81]]

 [[100  81]]

 [[101  81]]

 [[102  80]]

 [[103  80]]

 [[104  79]]

 [[105  79]]

 [[106  79]]

 [[107  79]]

 [[108  79]]

 [[109  78]]

 [[110  77]]

 [[110  76]]

 [[110  75]]

 [[110  74]]

 [[111  73]]

 [[111  72]]

 [[111  71]]

 [[111  70]]

 [[110  69]]

 [[110  68]]

 [[109  67]]

 [[108  66]]

 [[107  65]]

 [[107  64]]

 [[107  63]]

 [[108  62]]

 [[108  61]]

 [[107  60]]

 [[107  59]]

 [[107  58]]

 [[106  57]]

 [[106  56]]

 [[105  55]]

 [[105  54]]

 [[105  53]]

 [[105  52]]

 [[105  51]]

 [[105  50]]

 [[105  49]]

 [[105  48]]

 [[105  47]]

 [[105  46]]

 [[106  45]]

 [[106  44]]

 [[105  43]]

 [[105  42]]

 [[105  41]]

 [[104  40]]

 [[104  39]]

 [[103  38]]

 [[102  37]]

 [[101  37]]

 [[100  36]]

 [[ 99  36]]

 [[ 98  36]]

 [[ 97  36]]

 [[ 96  35]]

 [[ 95  35]]

 [[ 94  35]]]
[[[  0   0]]

 [[ 95  38]]

 [[ 96  38]]

 [[ 97  39]]

 [[ 98  40]]

 [[ 99  41]]

 [[ 99  42]]

 [[100  43]]

 [[100  44]]

 [[100  45]]

 [[100  46]]

 [[100  47]]

 [[100  48]]

 [[100  49]]

 [[100  50]]

 [[ 99  51]]

 [[100  52]]

 [[100  53]]

 [[100  54]]

 [[100  55]]

 [[101  56]]

 [[101  57]]

 [[102  58]]

 [[102  59]]

 [[103  60]]

 [[103  61]]

 [[103  62]]

 [[103  63]]

 [[103  64]]

 [[103  65]]

 [[103  66]]

 [[103  67]]

 [[103  68]]

 [[103  69]]

 [[103  70]]

 [[102  71]]

 [[102  72]]

 [[102  73]]

 [[101  74]]

 [[100  75]]

 [[ 99  75]]

 [[100  76]]

 [[ 99  77]]

 [[ 98  78]]

 [[ 97  78]]

 [[ 96  79]]

 [[ 95  79]]

 [[ 94  79]]

 [[ 93  79]]

 [[ 92  79]]

 [[ 91  79]]

 [[ 90  79]]

 [[ 89  79]]

 [[ 88  80]]

 [[ 87  79]]

 [[ 86  79]]

 [[ 85  79]]

 [[ 84  79]]

 [[ 83  78]]

 [[ 82  77]]

 [[ 82  76]]

 [[ 82  75]]

 [[ 82  74]]

 [[ 82  73]]

 [[ 82  72]]

 [[ 82  71]]

 [[ 82  70]]

 [[ 82  69]]

 [[ 82  68]]

 [[ 83  67]]

 [[ 82  66]]

 [[ 82  65]]

 [[ 82  64]]

 [[ 82  63]]

 [[ 82  62]]

 [[ 82  61]]

 [[ 81  60]]

 [[ 81  59]]

 [[ 81  58]]

 [[ 81  57]]

 [[ 81  56]]

 [[ 81  55]]

 [[ 81  54]]

 [[ 81  53]]

 [[ 80  52]]

 [[ 79  51]]

 [[ 79  50]]

 [[ 79  49]]

 [[ 79  48]]

 [[ 79  47]]

 [[ 80  46]]

 [[ 81  45]]

 [[ 82  45]]

 [[ 83  44]]

 [[ 84  43]]

 [[ 85  42]]

 [[ 86  41]]

 [[ 87  40]]

 [[ 88  40]]

 [[ 89  40]]

 [[ 90  40]]

 [[ 91  40]]

 [[ 92  40]]

 [[ 93  39]]]
[[[  0   0]]

 [[255  35]]

 [[255  36]]

 [[255  37]]

 [[255  38]]

 [[256  39]]

 [[257  40]]

 [[258  40]]

 [[259  40]]

 [[260  40]]

 [[261  40]]

 [[262  40]]

 [[263  40]]

 [[264  40]]

 [[265  40]]

 [[266  40]]

 [[267  40]]

 [[268  40]]

 [[269  40]]

 [[270  40]]

 [[271  40]]

 [[272  40]]

 [[273  39]]

 [[274  39]]

 [[275  39]]

 [[276  39]]

 [[277  40]]

 [[278  41]]

 [[279  41]]

 [[280  42]]

 [[281  42]]

 [[282  42]]

 [[283  42]]

 [[284  42]]

 [[285  42]]

 [[286  42]]

 [[287  42]]

 [[288  42]]

 [[289  42]]

 [[290  42]]

 [[291  42]]

 [[292  42]]

 [[293  42]]

 [[294  42]]

 [[295  42]]

 [[296  41]]

 [[297  41]]

 [[298  41]]

 [[299  41]]

 [[300  41]]

 [[301  42]]

 [[302  43]]

 [[303  43]]

 [[304  44]]

 [[305  44]]

 [[306  44]]

 [[307  44]]

 [[308  44]]

 [[309  44]]

 [[310  44]]

 [[311  44]]

 [[312  44]]

 [[313  44]]

 [[314  44]]

 [[315  44]]

 [[316  44]]

 [[317  44]]

 [[318  44]]

 [[319  45]]

 [[320  45]]

 [[321  45]]

 [[322  45]]

 [[323  45]]

 [[324  46]]

 [[325  47]]

 [[325  48]]

 [[326  48]]

 [[327  49]]

 [[328  49]]

 [[329  49]]

 [[330  49]]

 [[331  49]]

 [[332  49]]

 [[333  49]]

 [[334  49]]

 [[335  49]]

 [[336  49]]

 [[337  49]]

 [[337  48]]

 [[338  47]]

 [[338  46]]

 [[339  45]]

 [[340  45]]

 [[341  44]]

 [[342  44]]

 [[343  44]]

 [[344  44]]

 [[345  44]]

 [[346  44]]

 [[347  43]]

 [[348  42]]

 [[347  41]]

 [[346  40]]

 [[345  39]]

 [[344  39]]

 [[343  39]]

 [[342  40]]

 [[341  41]]

 [[340  41]]

 [[339  41]]

 [[338  41]]

 [[337  42]]

 [[336  42]]

 [[336  43]]

 [[335  44]]

 [[334  44]]

 [[333  44]]

 [[332  44]]

 [[331  43]]

 [[330  42]]

 [[329  42]]

 [[328  41]]

 [[327  40]]

 [[328  39]]

 [[329  39]]

 [[330  38]]

 [[331  38]]

 [[331  37]]

 [[332  36]]

 [[332  35]]

 [[332  34]]

 [[331  34]]

 [[330  34]]

 [[329  34]]

 [[328  34]]

 [[327  34]]

 [[326  35]]

 [[325  35]]

 [[325  36]]

 [[324  37]]

 [[324  38]]

 [[323  39]]

 [[322  40]]

 [[321  40]]

 [[320  40]]

 [[319  41]]

 [[318  41]]

 [[317  40]]

 [[316  40]]

 [[315  40]]

 [[314  40]]

 [[313  39]]

 [[312  39]]

 [[311  39]]

 [[310  39]]

 [[309  39]]

 [[308  39]]

 [[307  39]]

 [[306  38]]

 [[305  38]]

 [[304  38]]

 [[303  38]]

 [[302  38]]

 [[301  37]]

 [[300  36]]

 [[299  35]]

 [[298  35]]

 [[297  35]]

 [[296  35]]

 [[295  35]]

 [[294  35]]

 [[293  35]]

 [[292  35]]

 [[291  35]]

 [[290  35]]

 [[289  35]]

 [[288  35]]

 [[287  35]]

 [[286  35]]

 [[285  35]]

 [[284  35]]

 [[283  35]]

 [[282  35]]

 [[281  35]]

 [[280  35]]

 [[279  35]]

 [[278  35]]

 [[277  34]]

 [[276  34]]

 [[275  34]]

 [[274  34]]

 [[273  34]]

 [[272  34]]

 [[271  34]]

 [[270  34]]

 [[269  34]]

 [[268  34]]

 [[267  34]]

 [[266  34]]

 [[265  34]]

 [[264  34]]

 [[263  34]]

 [[262  34]]

 [[261  34]]

 [[260  34]]

 [[259  34]]

 [[258  34]]

 [[257  34]]

 [[256  34]]]
[[[  0   0]]

 [[435  20]]

 [[434  20]]

 [[433  20]]

 [[432  20]]

 [[431  21]]

 [[430  21]]

 [[429  21]]

 [[428  21]]

 [[427  22]]

 [[426  22]]

 [[425  22]]

 [[424  22]]

 [[423  22]]

 [[422  22]]

 [[421  22]]

 [[420  22]]

 [[419  22]]

 [[418  22]]

 [[417  22]]

 [[416  23]]

 [[415  23]]

 [[414  24]]

 [[413  24]]

 [[412  24]]

 [[411  24]]

 [[410  24]]

 [[409  24]]

 [[408  25]]

 [[407  25]]

 [[406  25]]

 [[405  25]]

 [[404  25]]

 [[403  25]]

 [[402  25]]

 [[401  26]]

 [[400  26]]

 [[399  26]]

 [[398  25]]

 [[397  25]]

 [[396  26]]

 [[395  26]]

 [[394  26]]

 [[393  26]]

 [[392  26]]

 [[391  26]]

 [[390  26]]

 [[389  26]]

 [[389  27]]

 [[389  28]]

 [[390  29]]

 [[391  30]]

 [[392  30]]

 [[393  31]]

 [[394  31]]

 [[395  31]]

 [[396  31]]

 [[397  31]]

 [[398  31]]

 [[399  31]]

 [[400  31]]

 [[401  31]]

 [[402  31]]

 [[403  31]]

 [[404  31]]

 [[405  32]]

 [[406  32]]

 [[407  32]]

 [[408  32]]

 [[409  32]]

 [[410  32]]

 [[411  33]]

 [[412  33]]

 [[413  33]]

 [[414  33]]

 [[415  33]]

 [[416  33]]

 [[417  33]]

 [[418  33]]

 [[419  34]]

 [[420  34]]

 [[421  35]]

 [[422  35]]

 [[423  35]]

 [[424  36]]

 [[425  36]]

 [[426  36]]

 [[427  36]]

 [[428  36]]

 [[429  36]]

 [[430  36]]

 [[431  36]]

 [[432  36]]

 [[433  36]]

 [[434  35]]

 [[435  36]]

 [[436  36]]

 [[437  36]]

 [[438  37]]

 [[439  37]]

 [[440  37]]

 [[441  37]]

 [[442  37]]

 [[443  38]]

 [[444  38]]

 [[445  39]]

 [[446  39]]

 [[447  39]]

 [[448  39]]

 [[449  40]]

 [[450  40]]

 [[451  41]]

 [[452  42]]

 [[453  42]]

 [[454  42]]

 [[455  42]]

 [[456  43]]

 [[457  43]]

 [[458  43]]

 [[459  43]]

 [[460  43]]

 [[461  43]]

 [[462  43]]

 [[463  43]]

 [[464  43]]

 [[465  43]]

 [[466  44]]

 [[467  44]]

 [[468  44]]

 [[469  45]]

 [[470  45]]

 [[471  45]]

 [[472  44]]

 [[473  43]]

 [[474  43]]

 [[475  43]]

 [[476  43]]

 [[477  43]]

 [[478  43]]

 [[479  42]]

 [[480  42]]

 [[481  42]]

 [[482  42]]

 [[483  42]]

 [[484  42]]

 [[485  42]]

 [[486  42]]

 [[487  42]]

 [[488  42]]

 [[489  41]]

 [[490  41]]

 [[491  41]]

 [[492  41]]

 [[493  41]]

 [[494  41]]

 [[495  40]]

 [[496  41]]

 [[497  41]]

 [[498  41]]

 [[499  42]]

 [[500  42]]

 [[501  42]]

 [[502  41]]

 [[503  40]]

 [[504  39]]

 [[505  39]]

 [[506  39]]

 [[507  39]]

 [[508  39]]

 [[509  40]]

 [[510  41]]

 [[511  42]]

 [[512  42]]

 [[513  43]]

 [[514  43]]

 [[515  43]]

 [[516  43]]

 [[517  43]]

 [[518  43]]

 [[519  43]]

 [[520  44]]

 [[521  44]]

 [[522  45]]

 [[523  46]]

 [[524  47]]

 [[525  47]]

 [[526  47]]

 [[527  47]]

 [[528  48]]

 [[529  48]]

 [[530  48]]

 [[531  47]]

 [[532  47]]

 [[533  46]]

 [[534  45]]

 [[535  46]]

 [[535  47]]

 [[536  47]]

 [[537  47]]

 [[538  46]]

 [[539  45]]

 [[539  44]]

 [[540  43]]

 [[539  42]]

 [[538  42]]

 [[537  42]]

 [[536  42]]

 [[535  42]]

 [[534  42]]

 [[533  42]]

 [[532  42]]

 [[531  41]]

 [[530  41]]

 [[529  40]]

 [[528  40]]

 [[527  41]]

 [[526  40]]

 [[525  40]]

 [[524  40]]

 [[523  40]]

 [[522  39]]

 [[521  39]]

 [[520  39]]

 [[519  40]]

 [[518  40]]

 [[517  40]]

 [[516  40]]

 [[515  39]]

 [[515  38]]

 [[515  37]]

 [[515  36]]

 [[515  35]]

 [[515  34]]

 [[514  34]]

 [[513  34]]

 [[512  33]]

 [[511  33]]

 [[510  33]]

 [[509  33]]

 [[508  33]]

 [[507  33]]

 [[506  33]]

 [[505  33]]

 [[504  33]]

 [[503  33]]

 [[502  33]]

 [[501  33]]

 [[500  32]]

 [[499  32]]

 [[498  32]]

 [[497  32]]

 [[496  32]]

 [[495  32]]

 [[494  31]]

 [[493  30]]

 [[492  30]]

 [[491  29]]

 [[490  29]]

 [[489  29]]

 [[488  29]]

 [[487  29]]

 [[486  29]]

 [[485  29]]

 [[484  29]]

 [[483  28]]

 [[482  28]]

 [[481  28]]

 [[480  28]]

 [[479  28]]

 [[478  28]]

 [[477  28]]

 [[476  28]]

 [[475  27]]

 [[474  26]]

 [[473  26]]

 [[472  26]]

 [[471  26]]

 [[470  26]]

 [[469  26]]

 [[468  26]]

 [[467  25]]

 [[466  25]]

 [[465  25]]

 [[464  25]]

 [[463  24]]

 [[462  24]]

 [[461  24]]

 [[460  24]]

 [[459  24]]

 [[458  24]]

 [[457  24]]

 [[456  23]]

 [[455  23]]

 [[454  23]]

 [[453  23]]

 [[452  23]]

 [[451  23]]

 [[450  22]]

 [[449  22]]

 [[448  22]]

 [[447  22]]

 [[446  22]]

 [[445  22]]

 [[444  22]]

 [[443  21]]

 [[442  21]]

 [[441  20]]

 [[440  20]]

 [[439  19]]

 [[438  19]]

 [[437  19]]]
[[[  0   0]]

 [[436  25]]

 [[437  25]]

 [[438  25]]

 [[439  25]]

 [[440  26]]

 [[441  26]]

 [[442  26]]

 [[443  26]]

 [[444  26]]

 [[445  26]]

 [[446  27]]

 [[447  27]]

 [[448  28]]

 [[449  27]]

 [[450  28]]

 [[451  27]]

 [[452  26]]

 [[453  26]]

 [[454  26]]

 [[455  27]]

 [[456  27]]

 [[457  28]]

 [[457  29]]

 [[458  29]]

 [[459  29]]

 [[460  29]]

 [[461  29]]

 [[462  29]]

 [[463  29]]

 [[464  29]]

 [[465  29]]

 [[466  29]]

 [[467  29]]

 [[468  30]]

 [[469  31]]

 [[470  30]]

 [[471  30]]

 [[472  30]]

 [[473  31]]

 [[474  31]]

 [[475  31]]

 [[476  32]]

 [[477  32]]

 [[478  33]]

 [[479  33]]

 [[480  34]]

 [[480  35]]

 [[479  36]]

 [[478  37]]

 [[477  37]]

 [[476  37]]

 [[475  38]]

 [[474  38]]

 [[473  38]]

 [[472  38]]

 [[471  38]]

 [[470  38]]

 [[469  38]]

 [[468  38]]

 [[467  38]]

 [[466  38]]

 [[465  38]]

 [[464  38]]

 [[463  37]]

 [[462  37]]

 [[461  37]]

 [[460  37]]

 [[459  37]]

 [[458  36]]

 [[457  37]]

 [[456  37]]

 [[455  37]]

 [[454  36]]

 [[453  36]]

 [[452  36]]

 [[451  36]]

 [[450  35]]

 [[449  35]]

 [[448  35]]

 [[447  35]]

 [[446  35]]

 [[445  34]]

 [[444  33]]

 [[443  32]]

 [[442  32]]

 [[441  33]]

 [[440  32]]

 [[439  32]]

 [[438  32]]

 [[437  31]]

 [[436  31]]

 [[435  31]]

 [[434  31]]

 [[433  31]]

 [[432  30]]

 [[431  30]]

 [[430  29]]

 [[430  28]]

 [[431  27]]

 [[432  27]]

 [[433  26]]

 [[434  26]]]
[[[  0   0]]

 [[252  19]]

 [[253  20]]

 [[253  21]]

 [[254  22]]

 [[255  22]]

 [[256  23]]

 [[256  24]]

 [[257  24]]

 [[258  25]]

 [[259  25]]

 [[260  25]]

 [[261  25]]

 [[262  25]]

 [[263  25]]

 [[264  25]]

 [[265  25]]

 [[266  25]]

 [[267  26]]

 [[268  25]]

 [[269  25]]

 [[270  25]]

 [[271  25]]

 [[272  25]]

 [[273  25]]

 [[274  25]]

 [[275  25]]

 [[276  25]]

 [[277  25]]

 [[278  26]]

 [[279  26]]

 [[280  26]]

 [[281  26]]

 [[282  26]]

 [[283  26]]

 [[284  27]]

 [[285  27]]

 [[286  27]]

 [[287  27]]

 [[288  27]]

 [[289  27]]

 [[290  27]]

 [[291  27]]

 [[292  27]]

 [[293  27]]

 [[294  27]]

 [[295  26]]

 [[296  26]]

 [[297  26]]

 [[298  26]]

 [[299  27]]

 [[300  28]]

 [[301  27]]

 [[302  27]]

 [[303  27]]

 [[304  27]]

 [[305  27]]

 [[306  28]]

 [[307  28]]

 [[308  28]]

 [[309  28]]

 [[310  28]]

 [[311  28]]

 [[312  29]]

 [[313  29]]

 [[314  29]]

 [[315  29]]

 [[316  29]]

 [[317  29]]

 [[318  29]]

 [[319  28]]

 [[320  28]]

 [[321  28]]

 [[322  28]]

 [[323  28]]

 [[324  27]]

 [[325  27]]

 [[326  26]]

 [[327  26]]

 [[328  26]]

 [[329  26]]

 [[330  26]]

 [[331  25]]

 [[331  24]]

 [[331  23]]

 [[331  22]]

 [[331  21]]

 [[331  20]]

 [[331  19]]

 [[330  19]]

 [[329  19]]

 [[328  19]]

 [[327  19]]

 [[326  20]]

 [[325  21]]

 [[324  22]]

 [[323  23]]

 [[322  23]]

 [[321  23]]

 [[320  23]]

 [[319  23]]

 [[318  23]]

 [[317  23]]

 [[316  23]]

 [[315  23]]

 [[314  23]]

 [[313  23]]

 [[312  23]]

 [[311  23]]

 [[310  22]]

 [[309  22]]

 [[308  22]]

 [[307  22]]

 [[306  22]]

 [[305  22]]

 [[304  22]]

 [[303  22]]

 [[302  21]]

 [[301  21]]

 [[300  22]]

 [[299  21]]

 [[298  20]]

 [[297  20]]

 [[296  20]]

 [[295  20]]

 [[294  20]]

 [[293  20]]

 [[292  19]]

 [[291  20]]

 [[290  20]]

 [[289  20]]

 [[288  20]]

 [[287  20]]

 [[286  20]]

 [[285  20]]

 [[284  20]]

 [[283  20]]

 [[282  20]]

 [[281  20]]

 [[280  20]]

 [[279  20]]

 [[278  20]]

 [[277  19]]

 [[276  19]]

 [[275  19]]

 [[274  19]]

 [[273  19]]

 [[272  19]]

 [[271  19]]

 [[270  19]]

 [[269  19]]

 [[268  19]]

 [[267  19]]

 [[266  19]]

 [[265  19]]

 [[264  19]]

 [[263  19]]

 [[262  19]]

 [[261  19]]

 [[260  19]]

 [[259  19]]

 [[258  19]]

 [[257  19]]

 [[256  19]]

 [[255  19]]

 [[254  19]]

 [[253  19]]

 [[252  19]]]
[[[  0   0]]

 [[210  14]]

 [[211  15]]

 [[211  16]]

 [[211  17]]

 [[211  18]]

 [[210  19]]

 [[210  20]]

 [[210  21]]

 [[210  22]]

 [[210  23]]

 [[210  24]]

 [[210  25]]

 [[210  26]]

 [[210  27]]

 [[210  28]]

 [[210  29]]

 [[211  30]]

 [[211  31]]

 [[210  32]]

 [[209  33]]

 [[208  33]]

 [[207  33]]

 [[206  34]]

 [[205  34]]

 [[204  34]]

 [[203  34]]

 [[202  34]]

 [[201  34]]

 [[200  34]]

 [[199  34]]

 [[198  34]]

 [[197  34]]

 [[196  34]]

 [[195  35]]

 [[194  35]]

 [[193  35]]

 [[192  35]]

 [[191  35]]

 [[190  35]]

 [[189  35]]

 [[188  35]]

 [[187  35]]

 [[186  35]]

 [[185  35]]

 [[184  35]]

 [[183  35]]

 [[182  35]]

 [[181  35]]

 [[180  35]]

 [[179  35]]

 [[178  35]]

 [[177  35]]

 [[176  35]]

 [[175  35]]

 [[174  36]]

 [[173  36]]

 [[172  36]]

 [[171  36]]

 [[170  36]]

 [[169  37]]

 [[168  36]]

 [[167  36]]

 [[166  36]]

 [[165  36]]

 [[164  37]]

 [[163  37]]

 [[162  37]]

 [[161  37]]

 [[160  37]]

 [[159  37]]

 [[158  37]]

 [[157  38]]

 [[156  38]]

 [[155  38]]

 [[154  38]]

 [[153  38]]

 [[152  38]]

 [[151  37]]

 [[150  37]]

 [[149  37]]

 [[148  36]]

 [[147  36]]

 [[146  37]]

 [[146  38]]

 [[146  39]]

 [[147  40]]

 [[147  41]]

 [[147  42]]

 [[148  43]]

 [[148  44]]

 [[148  45]]

 [[148  46]]

 [[149  47]]

 [[150  47]]

 [[151  47]]

 [[152  47]]

 [[153  46]]

 [[154  46]]

 [[155  46]]

 [[156  46]]

 [[157  46]]

 [[158  46]]

 [[159  46]]

 [[160  46]]

 [[161  46]]

 [[162  46]]

 [[163  46]]

 [[164  46]]

 [[165  46]]

 [[166  46]]

 [[167  46]]

 [[168  46]]

 [[169  45]]

 [[170  45]]

 [[171  45]]

 [[172  45]]

 [[173  44]]

 [[174  44]]

 [[175  44]]

 [[176  43]]

 [[177  43]]

 [[178  43]]

 [[179  44]]

 [[180  44]]

 [[181  44]]

 [[182  44]]

 [[183  44]]

 [[184  44]]

 [[185  44]]

 [[186  44]]

 [[187  44]]

 [[188  44]]

 [[189  44]]

 [[190  44]]

 [[191  44]]

 [[192  44]]

 [[193  44]]

 [[194  44]]

 [[195  44]]

 [[196  43]]

 [[197  43]]

 [[198  43]]

 [[199  43]]

 [[200  43]]

 [[201  43]]

 [[202  43]]

 [[203  42]]

 [[204  42]]

 [[205  42]]

 [[206  42]]

 [[207  42]]

 [[208  42]]

 [[209  42]]

 [[210  42]]

 [[211  42]]

 [[212  43]]

 [[212  44]]

 [[213  45]]

 [[214  46]]

 [[214  47]]

 [[215  47]]

 [[216  47]]

 [[217  47]]

 [[218  47]]

 [[219  47]]

 [[220  46]]

 [[221  46]]

 [[222  45]]

 [[223  45]]

 [[224  45]]

 [[225  45]]

 [[226  45]]

 [[227  45]]

 [[228  45]]

 [[229  45]]

 [[230  45]]

 [[231  45]]

 [[232  45]]

 [[233  45]]

 [[234  45]]

 [[235  44]]

 [[236  44]]

 [[237  45]]

 [[238  45]]

 [[239  45]]

 [[240  45]]

 [[241  44]]

 [[242  44]]

 [[243  45]]

 [[244  45]]

 [[245  45]]

 [[246  45]]

 [[247  44]]

 [[248  44]]

 [[249  44]]

 [[249  43]]

 [[249  42]]

 [[249  41]]

 [[248  41]]

 [[247  42]]

 [[246  41]]

 [[245  42]]

 [[244  42]]

 [[243  42]]

 [[242  42]]

 [[241  42]]

 [[240  43]]

 [[239  43]]

 [[238  43]]

 [[237  43]]

 [[236  43]]

 [[235  42]]

 [[235  41]]

 [[234  41]]

 [[233  41]]

 [[232  41]]

 [[231  40]]

 [[230  40]]

 [[229  40]]

 [[229  41]]

 [[229  42]]

 [[229  43]]

 [[228  44]]

 [[227  44]]

 [[226  44]]

 [[225  43]]

 [[224  43]]

 [[223  43]]

 [[222  43]]

 [[221  44]]

 [[220  44]]

 [[219  44]]

 [[218  44]]

 [[217  44]]

 [[216  44]]

 [[215  43]]

 [[215  42]]

 [[214  41]]

 [[213  41]]

 [[212  40]]

 [[212  39]]

 [[211  39]]

 [[210  38]]

 [[209  37]]

 [[210  36]]

 [[210  35]]

 [[210  34]]

 [[210  33]]

 [[210  32]]

 [[211  31]]

 [[212  30]]

 [[213  30]]

 [[214  29]]

 [[214  28]]

 [[215  27]]

 [[214  26]]

 [[214  25]]

 [[214  24]]

 [[214  23]]

 [[213  22]]

 [[213  21]]

 [[213  20]]

 [[212  19]]

 [[212  18]]

 [[212  17]]

 [[213  16]]

 [[214  16]]

 [[215  16]]

 [[216  16]]

 [[217  16]]

 [[218  16]]

 [[219  16]]

 [[220  16]]

 [[221  16]]

 [[222  16]]

 [[223  17]]

 [[224  16]]

 [[225  16]]

 [[226  16]]

 [[226  15]]

 [[226  14]]

 [[226  13]]

 [[225  13]]

 [[224  13]]

 [[223  13]]

 [[222  13]]

 [[221  13]]

 [[220  13]]

 [[219  13]]

 [[218  13]]

 [[217  13]]

 [[216  13]]

 [[215  13]]

 [[214  13]]

 [[213  13]]

 [[212  13]]]
