[[[  0   0]]

 [[445 139]]

 [[444 139]]

 [[443 140]]

 [[442 141]]

 [[441 141]]

 [[440 142]]

 [[439 143]]

 [[439 144]]

 [[438 145]]

 [[437 145]]

 [[436 146]]

 [[437 146]]

 [[438 146]]

 [[439 146]]

 [[440 146]]

 [[441 147]]

 [[442 148]]

 [[443 149]]

 [[443 150]]

 [[444 151]]

 [[444 152]]

 [[445 152]]

 [[446 152]]

 [[447 152]]

 [[448 152]]

 [[449 153]]

 [[450 154]]

 [[450 155]]

 [[451 155]]

 [[452 156]]

 [[453 157]]

 [[454 158]]

 [[455 158]]

 [[456 159]]

 [[457 160]]

 [[458 161]]

 [[458 162]]

 [[458 163]]

 [[459 163]]

 [[460 164]]

 [[461 164]]

 [[462 164]]

 [[463 164]]

 [[464 164]]

 [[465 164]]

 [[466 165]]

 [[467 166]]

 [[468 167]]

 [[469 168]]

 [[469 169]]

 [[469 170]]

 [[469 171]]

 [[470 172]]

 [[471 173]]

 [[472 174]]

 [[473 175]]

 [[474 176]]

 [[475 177]]

 [[476 178]]

 [[477 178]]

 [[478 179]]

 [[479 180]]

 [[480 180]]

 [[481 181]]

 [[482 182]]

 [[482 183]]

 [[483 183]]

 [[484 184]]

 [[485 185]]

 [[486 186]]

 [[487 186]]

 [[488 187]]

 [[489 188]]

 [[489 189]]

 [[490 190]]

 [[491 190]]

 [[492 190]]

 [[493 191]]

 [[494 192]]

 [[495 193]]

 [[496 194]]

 [[497 195]]

 [[497 196]]

 [[497 197]]

 [[498 198]]

 [[499 199]]

 [[499 200]]

 [[500 201]]

 [[501 201]]

 [[502 201]]

 [[503 201]]

 [[504 201]]

 [[505 201]]

 [[506 201]]

 [[507 201]]

 [[508 202]]

 [[508 203]]

 [[508 204]]

 [[509 204]]

 [[510 204]]

 [[511 204]]

 [[512 205]]

 [[513 206]]

 [[514 207]]

 [[514 208]]

 [[514 209]]

 [[515 209]]

 [[516 209]]

 [[517 209]]

 [[518 210]]

 [[519 211]]

 [[519 212]]

 [[519 213]]

 [[519 214]]

 [[520 215]]

 [[521 215]]

 [[522 214]]

 [[523 214]]

 [[524 214]]

 [[525 213]]

 [[526 213]]

 [[527 214]]

 [[526 215]]

 [[527 216]]

 [[527 217]]

 [[528 218]]

 [[529 219]]

 [[530 220]]

 [[531 221]]

 [[531 222]]

 [[532 222]]

 [[533 222]]

 [[534 222]]

 [[535 222]]

 [[536 222]]

 [[537 223]]

 [[538 223]]

 [[539 223]]

 [[540 224]]

 [[541 225]]

 [[542 226]]

 [[542 227]]

 [[542 228]]

 [[542 229]]

 [[543 229]]

 [[544 229]]

 [[545 229]]

 [[546 230]]

 [[547 230]]

 [[548 231]]

 [[549 231]]

 [[550 231]]

 [[551 232]]

 [[552 233]]

 [[552 234]]

 [[552 235]]

 [[553 236]]

 [[553 237]]

 [[554 238]]

 [[555 239]]

 [[556 239]]

 [[557 240]]

 [[558 241]]

 [[559 242]]

 [[560 243]]

 [[561 243]]

 [[562 244]]

 [[563 244]]

 [[564 244]]

 [[565 245]]

 [[566 245]]

 [[567 244]]

 [[568 245]]

 [[569 246]]

 [[570 247]]

 [[570 248]]

 [[571 249]]

 [[571 250]]

 [[571 251]]

 [[572 252]]

 [[573 253]]

 [[574 254]]

 [[575 253]]

 [[576 253]]

 [[577 254]]

 [[578 254]]

 [[579 254]]

 [[580 255]]

 [[581 255]]

 [[582 256]]

 [[583 257]]

 [[584 257]]

 [[585 257]]

 [[586 258]]

 [[587 258]]

 [[588 258]]

 [[589 258]]

 [[590 258]]

 [[591 258]]

 [[592 258]]

 [[593 258]]

 [[594 258]]

 [[595 258]]

 [[596 258]]

 [[597 258]]

 [[597 257]]

 [[597 256]]

 [[596 256]]

 [[595 256]]

 [[594 255]]

 [[593 254]]

 [[593 253]]

 [[592 252]]

 [[591 252]]

 [[590 252]]

 [[589 253]]

 [[588 253]]

 [[587 253]]

 [[586 253]]

 [[585 252]]

 [[584 252]]

 [[583 252]]

 [[582 252]]

 [[581 252]]

 [[580 251]]

 [[579 250]]

 [[579 249]]

 [[578 248]]

 [[577 247]]

 [[577 246]]

 [[577 245]]

 [[577 244]]

 [[577 243]]

 [[577 242]]

 [[577 241]]

 [[576 241]]

 [[575 242]]

 [[574 243]]

 [[573 243]]

 [[572 243]]

 [[571 243]]

 [[570 242]]

 [[569 242]]

 [[568 241]]

 [[568 240]]

 [[568 239]]

 [[569 238]]

 [[568 237]]

 [[567 236]]

 [[566 235]]

 [[565 235]]

 [[564 235]]

 [[563 235]]

 [[562 234]]

 [[561 234]]

 [[560 233]]

 [[559 232]]

 [[558 231]]

 [[557 231]]

 [[556 231]]

 [[555 230]]

 [[554 229]]

 [[554 228]]

 [[554 227]]

 [[554 226]]

 [[553 225]]

 [[553 224]]

 [[552 223]]

 [[552 222]]

 [[552 221]]

 [[552 220]]

 [[552 219]]

 [[551 218]]

 [[551 217]]

 [[550 216]]

 [[550 215]]

 [[550 214]]

 [[550 213]]

 [[549 213]]

 [[548 214]]

 [[547 214]]

 [[547 215]]

 [[547 216]]

 [[546 217]]

 [[545 218]]

 [[544 218]]

 [[543 219]]

 [[542 219]]

 [[541 220]]

 [[540 220]]

 [[539 219]]

 [[539 218]]

 [[538 217]]

 [[537 216]]

 [[537 215]]

 [[536 214]]

 [[535 214]]

 [[534 213]]

 [[534 212]]

 [[534 211]]

 [[533 210]]

 [[532 210]]

 [[531 209]]

 [[530 210]]

 [[529 210]]

 [[528 210]]

 [[527 211]]

 [[526 210]]

 [[525 209]]

 [[524 209]]

 [[523 209]]

 [[522 208]]

 [[521 207]]

 [[521 206]]

 [[521 205]]

 [[521 204]]

 [[520 203]]

 [[520 202]]

 [[520 201]]

 [[520 200]]

 [[520 199]]

 [[519 199]]

 [[518 198]]

 [[517 198]]

 [[516 199]]

 [[515 199]]

 [[514 199]]

 [[513 198]]

 [[512 198]]

 [[511 197]]

 [[510 197]]

 [[509 197]]

 [[508 196]]

 [[507 195]]

 [[507 194]]

 [[507 193]]

 [[506 192]]

 [[505 192]]

 [[504 191]]

 [[503 191]]

 [[502 190]]

 [[501 189]]

 [[500 188]]

 [[499 188]]

 [[498 187]]

 [[498 186]]

 [[497 185]]

 [[497 184]]

 [[496 183]]

 [[495 183]]

 [[494 182]]

 [[493 181]]

 [[492 180]]

 [[491 180]]

 [[490 180]]

 [[489 180]]

 [[488 180]]

 [[487 180]]

 [[486 179]]

 [[486 178]]

 [[485 177]]

 [[485 176]]

 [[484 175]]

 [[483 175]]

 [[482 174]]

 [[481 173]]

 [[480 172]]

 [[479 172]]

 [[478 172]]

 [[477 171]]

 [[476 170]]

 [[476 169]]

 [[477 168]]

 [[478 168]]

 [[479 168]]

 [[480 168]]

 [[481 168]]

 [[481 167]]

 [[482 166]]

 [[482 165]]

 [[482 164]]

 [[483 163]]

 [[484 163]]

 [[485 164]]

 [[486 164]]

 [[487 164]]

 [[487 163]]

 [[488 162]]

 [[489 161]]

 [[490 161]]

 [[491 161]]

 [[491 160]]

 [[491 159]]

 [[490 159]]

 [[489 158]]

 [[488 158]]

 [[487 157]]

 [[486 157]]

 [[485 158]]

 [[484 158]]

 [[484 159]]

 [[483 160]]

 [[482 161]]

 [[481 161]]

 [[480 161]]

 [[479 160]]

 [[479 161]]

 [[479 162]]

 [[479 163]]

 [[479 164]]

 [[479 165]]

 [[478 166]]

 [[477 167]]

 [[476 167]]

 [[475 167]]

 [[474 167]]

 [[473 168]]

 [[472 167]]

 [[472 166]]

 [[472 165]]

 [[472 164]]

 [[471 163]]

 [[472 162]]

 [[471 161]]

 [[471 160]]

 [[470 159]]

 [[469 158]]

 [[468 157]]

 [[468 156]]

 [[467 156]]

 [[466 155]]

 [[465 155]]

 [[464 155]]

 [[463 155]]

 [[462 155]]

 [[461 156]]

 [[460 155]]

 [[459 155]]

 [[458 154]]

 [[458 153]]

 [[458 152]]

 [[457 151]]

 [[456 150]]

 [[455 149]]

 [[454 148]]

 [[453 147]]

 [[452 147]]

 [[451 146]]

 [[450 145]]

 [[450 144]]

 [[449 143]]

 [[449 142]]

 [[449 141]]

 [[448 140]]

 [[448 139]]

 [[448 138]]

 [[447 138]]]
[[[  0   0]]

 [[406 111]]

 [[406 112]]

 [[406 113]]

 [[405 114]]

 [[405 115]]

 [[405 116]]

 [[405 117]]

 [[405 118]]

 [[405 119]]

 [[405 120]]

 [[406 121]]

 [[407 121]]

 [[408 120]]

 [[409 120]]

 [[410 120]]

 [[411 119]]

 [[412 120]]

 [[413 120]]

 [[414 121]]

 [[414 122]]

 [[414 123]]

 [[414 124]]

 [[415 125]]

 [[416 126]]

 [[417 127]]

 [[418 127]]

 [[419 128]]

 [[420 128]]

 [[421 129]]

 [[422 130]]

 [[422 131]]

 [[423 132]]

 [[424 133]]

 [[424 134]]

 [[424 135]]

 [[425 136]]

 [[426 136]]

 [[427 136]]

 [[428 137]]

 [[429 137]]

 [[430 137]]

 [[431 137]]

 [[432 137]]

 [[433 138]]

 [[434 139]]

 [[435 140]]

 [[436 141]]

 [[436 140]]

 [[436 139]]

 [[436 138]]

 [[436 137]]

 [[437 136]]

 [[437 135]]

 [[437 134]]

 [[437 133]]

 [[436 133]]

 [[435 133]]

 [[434 132]]

 [[433 132]]

 [[432 132]]

 [[431 131]]

 [[430 130]]

 [[430 129]]

 [[429 128]]

 [[428 128]]

 [[427 128]]

 [[426 129]]

 [[425 128]]

 [[424 127]]

 [[424 126]]

 [[425 125]]

 [[425 124]]

 [[425 123]]

 [[426 122]]

 [[425 121]]

 [[424 120]]

 [[423 120]]

 [[422 119]]

 [[422 118]]

 [[421 118]]

 [[420 117]]

 [[419 118]]

 [[418 119]]

 [[417 118]]

 [[416 117]]

 [[415 117]]

 [[414 116]]

 [[413 115]]

 [[413 114]]

 [[412 113]]

 [[411 112]]

 [[411 111]]

 [[410 110]]

 [[409 110]]

 [[408 110]]

 [[407 110]]]
[[[  0   0]]

 [[ 37  83]]

 [[ 36  84]]

 [[ 35  85]]

 [[ 34  86]]

 [[ 33  87]]

 [[ 33  88]]

 [[ 33  89]]

 [[ 33  90]]

 [[ 33  91]]

 [[ 33  92]]

 [[ 33  93]]

 [[ 33  94]]

 [[ 33  95]]

 [[ 33  96]]

 [[ 33  97]]

 [[ 33  98]]

 [[ 32  99]]

 [[ 32 100]]

 [[ 32 101]]

 [[ 31 102]]

 [[ 30 103]]

 [[ 29 104]]

 [[ 29 105]]

 [[ 29 106]]

 [[ 28 107]]

 [[ 27 108]]

 [[ 26 108]]

 [[ 25 109]]

 [[ 24 110]]

 [[ 23 111]]

 [[ 23 112]]

 [[ 22 113]]

 [[ 21 113]]

 [[ 20 114]]

 [[ 19 114]]

 [[ 18 114]]

 [[ 17 114]]

 [[ 16 114]]

 [[ 15 114]]

 [[ 14 114]]

 [[ 13 115]]

 [[ 14 116]]

 [[ 14 117]]

 [[ 13 118]]

 [[ 13 119]]

 [[ 12 120]]

 [[ 12 121]]

 [[ 12 122]]

 [[ 11 123]]

 [[ 11 124]]

 [[ 11 125]]

 [[ 10 126]]

 [[ 10 127]]

 [[ 10 128]]

 [[ 11 128]]

 [[ 12 129]]

 [[ 13 129]]

 [[ 14 129]]

 [[ 15 129]]

 [[ 16 130]]

 [[ 17 130]]

 [[ 18 131]]

 [[ 19 132]]

 [[ 20 132]]

 [[ 21 133]]

 [[ 22 133]]

 [[ 23 134]]

 [[ 24 134]]

 [[ 25 134]]

 [[ 26 135]]

 [[ 27 135]]

 [[ 28 135]]

 [[ 29 136]]

 [[ 30 137]]

 [[ 31 138]]

 [[ 32 139]]

 [[ 32 140]]

 [[ 33 140]]

 [[ 34 141]]

 [[ 35 141]]

 [[ 36 141]]

 [[ 37 142]]

 [[ 38 143]]

 [[ 39 143]]

 [[ 40 144]]

 [[ 41 144]]

 [[ 42 144]]

 [[ 43 144]]

 [[ 44 144]]

 [[ 45 144]]

 [[ 46 144]]

 [[ 47 145]]

 [[ 48 145]]

 [[ 49 146]]

 [[ 50 147]]

 [[ 51 148]]

 [[ 52 148]]

 [[ 53 149]]

 [[ 54 150]]

 [[ 55 150]]

 [[ 56 151]]

 [[ 57 152]]

 [[ 57 153]]

 [[ 58 153]]

 [[ 59 154]]

 [[ 60 154]]

 [[ 61 154]]

 [[ 62 154]]

 [[ 63 155]]

 [[ 64 155]]

 [[ 65 156]]

 [[ 66 156]]

 [[ 67 156]]

 [[ 68 157]]

 [[ 69 158]]

 [[ 70 159]]

 [[ 71 160]]

 [[ 72 161]]

 [[ 73 162]]

 [[ 74 163]]

 [[ 75 163]]

 [[ 76 163]]

 [[ 77 163]]

 [[ 78 164]]

 [[ 79 164]]

 [[ 80 164]]

 [[ 81 164]]

 [[ 82 164]]

 [[ 83 164]]

 [[ 84 165]]

 [[ 84 166]]

 [[ 85 166]]

 [[ 86 166]]

 [[ 87 167]]

 [[ 88 168]]

 [[ 89 169]]

 [[ 90 170]]

 [[ 91 170]]

 [[ 92 171]]

 [[ 93 172]]

 [[ 94 173]]

 [[ 94 174]]

 [[ 95 175]]

 [[ 96 176]]

 [[ 96 177]]

 [[ 97 178]]

 [[ 98 178]]

 [[ 99 179]]

 [[100 180]]

 [[101 180]]

 [[102 181]]

 [[103 181]]

 [[104 181]]

 [[105 181]]

 [[106 181]]

 [[107 181]]

 [[108 182]]

 [[109 183]]

 [[108 184]]

 [[107 185]]

 [[107 186]]

 [[107 187]]

 [[107 188]]

 [[107 189]]

 [[106 190]]

 [[106 191]]

 [[106 192]]

 [[107 192]]

 [[108 192]]

 [[109 192]]

 [[110 193]]

 [[111 192]]

 [[112 192]]

 [[113 193]]

 [[113 194]]

 [[114 195]]

 [[114 196]]

 [[113 197]]

 [[113 198]]

 [[112 199]]

 [[111 199]]

 [[110 200]]

 [[109 200]]

 [[109 201]]

 [[110 202]]

 [[111 203]]

 [[112 202]]

 [[113 203]]

 [[114 203]]

 [[115 202]]

 [[116 202]]

 [[117 202]]

 [[118 203]]

 [[119 203]]

 [[120 203]]

 [[120 202]]

 [[121 201]]

 [[121 200]]

 [[120 199]]

 [[121 198]]

 [[121 197]]

 [[121 196]]

 [[120 195]]

 [[120 194]]

 [[120 193]]

 [[120 192]]

 [[120 191]]

 [[120 190]]

 [[120 189]]

 [[119 188]]

 [[118 187]]

 [[118 186]]

 [[118 185]]

 [[117 184]]

 [[117 183]]

 [[116 182]]

 [[115 182]]

 [[114 182]]

 [[113 181]]

 [[113 180]]

 [[112 179]]

 [[111 179]]

 [[110 178]]

 [[110 177]]

 [[109 176]]

 [[109 175]]

 [[108 175]]

 [[107 174]]

 [[107 173]]

 [[106 173]]

 [[105 172]]

 [[104 172]]

 [[103 171]]

 [[103 170]]

 [[102 169]]

 [[101 169]]

 [[100 169]]

 [[ 99 169]]

 [[ 98 168]]

 [[ 97 167]]

 [[ 96 166]]

 [[ 95 165]]

 [[ 94 164]]

 [[ 93 163]]

 [[ 92 162]]

 [[ 91 162]]

 [[ 90 162]]

 [[ 89 161]]

 [[ 88 161]]

 [[ 87 161]]

 [[ 86 161]]

 [[ 85 160]]

 [[ 84 160]]

 [[ 83 159]]

 [[ 82 158]]

 [[ 82 157]]

 [[ 81 157]]

 [[ 80 157]]

 [[ 79 157]]

 [[ 78 157]]

 [[ 77 157]]

 [[ 76 156]]

 [[ 75 156]]

 [[ 74 156]]

 [[ 73 155]]

 [[ 72 154]]

 [[ 72 153]]

 [[ 72 152]]

 [[ 71 151]]

 [[ 71 150]]

 [[ 70 149]]

 [[ 69 149]]

 [[ 68 149]]

 [[ 67 148]]

 [[ 66 148]]

 [[ 65 148]]

 [[ 64 147]]

 [[ 63 147]]

 [[ 62 146]]

 [[ 61 146]]

 [[ 60 145]]

 [[ 59 144]]

 [[ 58 143]]

 [[ 57 143]]

 [[ 56 143]]

 [[ 55 143]]

 [[ 54 143]]

 [[ 53 143]]

 [[ 52 142]]

 [[ 51 142]]

 [[ 50 142]]

 [[ 49 141]]

 [[ 48 141]]

 [[ 47 141]]

 [[ 46 140]]

 [[ 45 140]]

 [[ 44 139]]

 [[ 44 138]]

 [[ 43 138]]

 [[ 42 137]]

 [[ 41 136]]

 [[ 40 136]]

 [[ 39 135]]

 [[ 38 134]]

 [[ 37 133]]

 [[ 36 132]]

 [[ 35 132]]

 [[ 34 131]]

 [[ 33 131]]

 [[ 32 130]]

 [[ 31 130]]

 [[ 30 130]]

 [[ 29 129]]

 [[ 28 129]]

 [[ 27 129]]

 [[ 26 128]]

 [[ 25 128]]

 [[ 24 127]]

 [[ 23 126]]

 [[ 22 125]]

 [[ 21 124]]

 [[ 20 124]]

 [[ 19 123]]

 [[ 19 122]]

 [[ 18 121]]

 [[ 18 120]]

 [[ 18 119]]

 [[ 17 118]]

 [[ 17 117]]

 [[ 18 116]]

 [[ 19 116]]

 [[ 20 116]]

 [[ 21 116]]

 [[ 22 115]]

 [[ 23 115]]

 [[ 24 115]]

 [[ 25 114]]

 [[ 26 114]]

 [[ 27 113]]

 [[ 28 113]]

 [[ 29 113]]

 [[ 30 113]]

 [[ 31 112]]

 [[ 32 112]]

 [[ 33 111]]

 [[ 33 110]]

 [[ 33 109]]

 [[ 33 108]]

 [[ 33 107]]

 [[ 33 106]]

 [[ 33 105]]

 [[ 34 104]]

 [[ 35 103]]

 [[ 36 102]]

 [[ 37 102]]

 [[ 38 101]]

 [[ 39 100]]

 [[ 40  99]]

 [[ 41  99]]

 [[ 42  98]]

 [[ 42  97]]

 [[ 42  96]]

 [[ 41  95]]

 [[ 41  94]]

 [[ 40  93]]

 [[ 39  92]]

 [[ 39  91]]

 [[ 38  90]]

 [[ 39  89]]

 [[ 39  88]]

 [[ 38  87]]

 [[ 38  86]]

 [[ 38  85]]

 [[ 38  84]]

 [[ 38  83]]]
