[[[  0   0]]

 [[138 216]]

 [[138 217]]

 [[137 218]]

 [[137 219]]

 [[137 220]]

 [[137 221]]

 [[137 222]]

 [[137 223]]

 [[137 224]]

 [[137 225]]

 [[137 226]]

 [[137 227]]

 [[137 228]]

 [[137 229]]

 [[136 230]]

 [[136 231]]

 [[135 232]]

 [[134 233]]

 [[133 234]]

 [[132 234]]

 [[131 235]]

 [[130 235]]

 [[129 236]]

 [[128 236]]

 [[127 236]]

 [[126 236]]

 [[125 237]]

 [[124 237]]

 [[123 238]]

 [[122 238]]

 [[121 239]]

 [[120 239]]

 [[119 240]]

 [[118 241]]

 [[117 241]]

 [[116 242]]

 [[115 242]]

 [[114 242]]

 [[113 242]]

 [[112 243]]

 [[111 243]]

 [[110 243]]

 [[109 244]]

 [[108 244]]

 [[107 244]]

 [[106 245]]

 [[105 245]]

 [[104 245]]

 [[103 246]]

 [[102 246]]

 [[101 246]]

 [[100 247]]

 [[ 99 247]]

 [[ 98 247]]

 [[ 97 248]]

 [[ 96 248]]

 [[ 95 248]]

 [[ 94 248]]

 [[ 93 249]]

 [[ 92 249]]

 [[ 91 249]]

 [[ 90 250]]

 [[ 89 250]]

 [[ 88 250]]

 [[ 87 251]]

 [[ 86 251]]

 [[ 85 251]]

 [[ 84 252]]

 [[ 83 252]]

 [[ 82 252]]

 [[ 81 253]]

 [[ 80 253]]

 [[ 79 254]]

 [[ 78 254]]

 [[ 77 254]]

 [[ 76 254]]

 [[ 75 255]]

 [[ 74 255]]

 [[ 73 255]]

 [[ 72 256]]

 [[ 71 256]]

 [[ 70 256]]

 [[ 69 256]]

 [[ 68 257]]

 [[ 67 257]]

 [[ 66 257]]

 [[ 65 257]]

 [[ 64 257]]

 [[ 63 258]]

 [[ 62 258]]

 [[ 61 258]]

 [[ 60 258]]

 [[ 59 258]]

 [[ 60 258]]

 [[ 61 258]]

 [[ 62 258]]

 [[ 63 258]]

 [[ 64 258]]

 [[ 65 258]]

 [[ 66 258]]

 [[ 67 258]]

 [[ 68 258]]

 [[ 69 258]]

 [[ 70 258]]

 [[ 71 258]]

 [[ 72 258]]

 [[ 73 258]]

 [[ 74 258]]

 [[ 75 258]]

 [[ 76 258]]

 [[ 77 258]]

 [[ 78 258]]

 [[ 79 258]]

 [[ 80 258]]

 [[ 81 258]]

 [[ 82 258]]

 [[ 83 258]]

 [[ 84 258]]

 [[ 85 258]]

 [[ 86 258]]

 [[ 87 258]]

 [[ 88 258]]

 [[ 89 258]]

 [[ 90 257]]

 [[ 91 257]]

 [[ 92 257]]

 [[ 93 257]]

 [[ 94 256]]

 [[ 95 256]]

 [[ 96 256]]

 [[ 97 255]]

 [[ 98 255]]

 [[ 99 254]]

 [[100 254]]

 [[101 253]]

 [[102 253]]

 [[103 253]]

 [[104 253]]

 [[105 253]]

 [[106 253]]

 [[107 253]]

 [[108 253]]

 [[109 253]]

 [[110 252]]

 [[111 251]]

 [[112 251]]

 [[113 250]]

 [[114 250]]

 [[115 249]]

 [[116 249]]

 [[117 249]]

 [[118 248]]

 [[119 248]]

 [[120 248]]

 [[121 247]]

 [[122 247]]

 [[123 246]]

 [[124 246]]

 [[125 245]]

 [[126 245]]

 [[127 245]]

 [[128 244]]

 [[129 244]]

 [[130 244]]

 [[131 245]]

 [[132 246]]

 [[133 247]]

 [[133 248]]

 [[133 249]]

 [[134 250]]

 [[134 251]]

 [[134 252]]

 [[134 253]]

 [[134 254]]

 [[134 255]]

 [[134 256]]

 [[134 257]]

 [[134 258]]

 [[135 258]]

 [[136 258]]

 [[137 258]]

 [[138 258]]

 [[139 258]]

 [[140 258]]

 [[141 258]]

 [[141 257]]

 [[141 256]]

 [[142 255]]

 [[142 254]]

 [[142 253]]

 [[142 252]]

 [[142 251]]

 [[141 250]]

 [[141 249]]

 [[141 248]]

 [[141 247]]

 [[140 246]]

 [[140 245]]

 [[140 244]]

 [[140 243]]

 [[140 242]]

 [[140 241]]

 [[141 240]]

 [[141 239]]

 [[141 238]]

 [[140 237]]

 [[140 236]]

 [[140 235]]

 [[140 234]]

 [[140 233]]

 [[140 232]]

 [[140 231]]

 [[140 230]]

 [[140 229]]

 [[140 228]]

 [[140 227]]

 [[140 226]]

 [[140 225]]

 [[139 224]]

 [[139 223]]

 [[139 222]]

 [[139 221]]

 [[139 220]]

 [[139 219]]

 [[138 218]]

 [[138 217]]

 [[139 216]]

 [[139 215]]]
[[[  0   0]]

 [[ 89 191]]

 [[ 89 192]]

 [[ 88 193]]

 [[ 87 194]]

 [[ 86 195]]

 [[ 85 196]]

 [[ 84 197]]

 [[ 83 197]]

 [[ 82 197]]

 [[ 81 197]]

 [[ 80 197]]

 [[ 79 197]]

 [[ 78 196]]

 [[ 77 196]]

 [[ 76 195]]

 [[ 75 194]]

 [[ 74 194]]

 [[ 73 194]]

 [[ 72 195]]

 [[ 72 196]]

 [[ 72 197]]

 [[ 72 198]]

 [[ 72 199]]

 [[ 72 200]]

 [[ 72 201]]

 [[ 72 202]]

 [[ 72 203]]

 [[ 72 204]]

 [[ 72 205]]

 [[ 73 205]]

 [[ 74 206]]

 [[ 75 205]]

 [[ 76 205]]

 [[ 77 205]]

 [[ 78 204]]

 [[ 79 204]]

 [[ 80 203]]

 [[ 81 203]]

 [[ 82 203]]

 [[ 83 202]]

 [[ 84 202]]

 [[ 85 201]]

 [[ 86 201]]

 [[ 87 201]]

 [[ 88 201]]

 [[ 89 201]]

 [[ 90 201]]

 [[ 91 200]]

 [[ 92 200]]

 [[ 93 200]]

 [[ 94 200]]

 [[ 95 200]]

 [[ 96 200]]

 [[ 97 200]]

 [[ 98 200]]

 [[ 99 200]]

 [[100 199]]

 [[100 198]]

 [[100 197]]

 [[ 99 196]]

 [[ 98 195]]

 [[ 97 194]]

 [[ 96 194]]

 [[ 95 193]]

 [[ 94 192]]

 [[ 93 191]]

 [[ 92 190]]

 [[ 91 190]]]
[[[  0   0]]

 [[ 29 172]]

 [[ 28 173]]

 [[ 27 174]]

 [[ 26 175]]

 [[ 26 176]]

 [[ 25 177]]

 [[ 24 178]]

 [[ 24 179]]

 [[ 23 180]]

 [[ 23 181]]

 [[ 23 182]]

 [[ 22 183]]

 [[ 21 184]]

 [[ 21 185]]

 [[ 21 186]]

 [[ 21 187]]

 [[ 22 188]]

 [[ 22 189]]

 [[ 22 190]]

 [[ 23 191]]

 [[ 23 192]]

 [[ 24 193]]

 [[ 24 194]]

 [[ 25 195]]

 [[ 26 196]]

 [[ 26 197]]

 [[ 27 198]]

 [[ 28 199]]

 [[ 29 199]]

 [[ 30 200]]

 [[ 31 201]]

 [[ 32 202]]

 [[ 33 203]]

 [[ 34 203]]

 [[ 35 204]]

 [[ 36 204]]

 [[ 37 205]]

 [[ 38 205]]

 [[ 39 206]]

 [[ 40 206]]

 [[ 41 207]]

 [[ 42 206]]

 [[ 43 206]]

 [[ 44 205]]

 [[ 45 205]]

 [[ 46 204]]

 [[ 47 203]]

 [[ 48 203]]

 [[ 49 203]]

 [[ 50 202]]

 [[ 51 202]]

 [[ 52 201]]

 [[ 53 201]]

 [[ 54 200]]

 [[ 55 200]]

 [[ 56 200]]

 [[ 57 200]]

 [[ 58 200]]

 [[ 59 199]]

 [[ 60 199]]

 [[ 61 199]]

 [[ 62 198]]

 [[ 63 197]]

 [[ 63 196]]

 [[ 63 195]]

 [[ 63 194]]

 [[ 63 193]]

 [[ 62 192]]

 [[ 62 191]]

 [[ 62 190]]

 [[ 62 189]]

 [[ 61 188]]

 [[ 61 187]]

 [[ 61 186]]

 [[ 61 185]]

 [[ 60 184]]

 [[ 59 183]]

 [[ 58 183]]

 [[ 57 184]]

 [[ 56 184]]

 [[ 55 185]]

 [[ 54 185]]

 [[ 53 186]]

 [[ 53 187]]

 [[ 53 188]]

 [[ 52 189]]

 [[ 52 190]]

 [[ 52 191]]

 [[ 52 192]]

 [[ 51 193]]

 [[ 51 194]]

 [[ 51 195]]

 [[ 51 196]]

 [[ 50 197]]

 [[ 49 198]]

 [[ 48 198]]

 [[ 47 199]]

 [[ 46 199]]

 [[ 45 199]]

 [[ 44 199]]

 [[ 43 199]]

 [[ 42 199]]

 [[ 41 199]]

 [[ 40 199]]

 [[ 39 199]]

 [[ 38 198]]

 [[ 37 198]]

 [[ 36 198]]

 [[ 35 197]]

 [[ 34 196]]

 [[ 33 195]]

 [[ 33 194]]

 [[ 32 193]]

 [[ 32 192]]

 [[ 31 192]]

 [[ 30 191]]

 [[ 29 190]]

 [[ 29 189]]

 [[ 29 188]]

 [[ 29 187]]

 [[ 29 186]]

 [[ 29 185]]

 [[ 29 184]]

 [[ 29 183]]

 [[ 30 182]]

 [[ 30 181]]

 [[ 30 180]]

 [[ 31 179]]

 [[ 31 178]]

 [[ 31 177]]

 [[ 32 176]]

 [[ 32 175]]

 [[ 32 174]]

 [[ 32 173]]

 [[ 32 172]]

 [[ 32 171]]

 [[ 31 171]]]
[[[  0   0]]

 [[113 154]]

 [[113 155]]

 [[113 156]]

 [[114 157]]

 [[115 157]]

 [[116 158]]

 [[117 159]]

 [[118 160]]

 [[118 161]]

 [[118 162]]

 [[118 163]]

 [[118 164]]

 [[118 165]]

 [[118 166]]

 [[118 167]]

 [[118 168]]

 [[118 169]]

 [[118 170]]

 [[118 171]]

 [[118 172]]

 [[118 173]]

 [[119 174]]

 [[118 175]]

 [[118 176]]

 [[118 177]]

 [[117 178]]

 [[116 178]]

 [[115 179]]

 [[114 179]]

 [[113 179]]

 [[112 180]]

 [[111 180]]

 [[110 180]]

 [[109 181]]

 [[108 182]]

 [[107 182]]

 [[106 182]]

 [[105 181]]

 [[104 180]]

 [[103 179]]

 [[102 178]]

 [[101 177]]

 [[100 176]]

 [[ 99 175]]

 [[ 99 174]]

 [[ 99 173]]

 [[ 99 172]]

 [[ 99 171]]

 [[100 170]]

 [[100 169]]

 [[ 99 168]]

 [[ 98 168]]

 [[ 97 167]]

 [[ 96 167]]

 [[ 95 168]]

 [[ 94 168]]

 [[ 94 169]]

 [[ 93 170]]

 [[ 93 171]]

 [[ 93 172]]

 [[ 93 173]]

 [[ 94 174]]

 [[ 94 175]]

 [[ 95 176]]

 [[ 95 177]]

 [[ 96 178]]

 [[ 96 179]]

 [[ 97 180]]

 [[ 98 181]]

 [[ 98 182]]

 [[ 99 183]]

 [[ 99 184]]

 [[ 99 185]]

 [[100 186]]

 [[100 187]]

 [[100 188]]

 [[101 189]]

 [[102 189]]

 [[103 189]]

 [[104 188]]

 [[105 188]]

 [[106 187]]

 [[107 186]]

 [[108 185]]

 [[109 185]]

 [[110 184]]

 [[111 184]]

 [[112 184]]

 [[113 184]]

 [[114 184]]

 [[115 184]]

 [[116 183]]

 [[117 183]]

 [[118 183]]

 [[119 182]]

 [[120 182]]

 [[121 182]]

 [[122 181]]

 [[123 181]]

 [[124 180]]

 [[125 179]]

 [[125 178]]

 [[126 177]]

 [[126 176]]

 [[126 175]]

 [[126 174]]

 [[127 173]]

 [[127 172]]

 [[128 171]]

 [[128 170]]

 [[128 169]]

 [[128 168]]

 [[128 167]]

 [[127 166]]

 [[127 165]]

 [[126 164]]

 [[126 163]]

 [[126 162]]

 [[125 161]]

 [[125 160]]

 [[124 159]]

 [[123 158]]

 [[122 157]]

 [[121 156]]

 [[120 155]]

 [[119 155]]

 [[118 154]]

 [[117 154]]

 [[116 153]]

 [[115 153]]

 [[114 153]]]
[[[  0   0]]

 [[ 85 152]]

 [[ 84 152]]

 [[ 83 153]]

 [[ 82 154]]

 [[ 82 155]]

 [[ 82 156]]

 [[ 82 157]]

 [[ 83 158]]

 [[ 83 159]]

 [[ 83 160]]

 [[ 82 161]]

 [[ 81 162]]

 [[ 80 161]]

 [[ 79 161]]

 [[ 78 161]]

 [[ 77 161]]

 [[ 76 162]]

 [[ 75 162]]

 [[ 74 162]]

 [[ 73 162]]

 [[ 72 162]]

 [[ 71 162]]

 [[ 70 162]]

 [[ 69 162]]

 [[ 68 163]]

 [[ 67 163]]

 [[ 66 163]]

 [[ 65 163]]

 [[ 64 164]]

 [[ 63 164]]

 [[ 62 165]]

 [[ 61 165]]

 [[ 60 166]]

 [[ 59 166]]

 [[ 58 167]]

 [[ 57 167]]

 [[ 56 166]]

 [[ 55 165]]

 [[ 55 164]]

 [[ 54 163]]

 [[ 54 162]]

 [[ 53 161]]

 [[ 52 161]]

 [[ 51 161]]

 [[ 50 161]]

 [[ 49 161]]

 [[ 48 161]]

 [[ 47 162]]

 [[ 46 162]]

 [[ 45 163]]

 [[ 45 164]]

 [[ 46 165]]

 [[ 47 166]]

 [[ 47 167]]

 [[ 48 168]]

 [[ 48 169]]

 [[ 49 170]]

 [[ 50 170]]

 [[ 51 170]]

 [[ 52 170]]

 [[ 53 170]]

 [[ 54 170]]

 [[ 55 169]]

 [[ 56 169]]

 [[ 57 169]]

 [[ 58 169]]

 [[ 59 168]]

 [[ 60 168]]

 [[ 61 168]]

 [[ 62 167]]

 [[ 63 167]]

 [[ 64 167]]

 [[ 65 167]]

 [[ 66 167]]

 [[ 67 166]]

 [[ 68 166]]

 [[ 69 166]]

 [[ 70 166]]

 [[ 71 165]]

 [[ 72 165]]

 [[ 73 165]]

 [[ 74 165]]

 [[ 75 164]]

 [[ 76 164]]

 [[ 77 164]]

 [[ 78 163]]

 [[ 79 163]]

 [[ 80 162]]

 [[ 81 162]]

 [[ 82 162]]

 [[ 83 162]]

 [[ 84 162]]

 [[ 85 162]]

 [[ 86 161]]

 [[ 87 161]]

 [[ 88 161]]

 [[ 89 160]]

 [[ 90 160]]

 [[ 91 160]]

 [[ 92 160]]

 [[ 93 159]]

 [[ 94 159]]

 [[ 95 159]]

 [[ 96 158]]

 [[ 97 157]]

 [[ 97 156]]

 [[ 97 155]]

 [[ 97 154]]

 [[ 97 153]]

 [[ 97 152]]

 [[ 97 151]]

 [[ 96 151]]

 [[ 95 151]]

 [[ 94 151]]

 [[ 93 151]]

 [[ 92 151]]

 [[ 91 152]]

 [[ 90 152]]

 [[ 89 151]]

 [[ 88 151]]

 [[ 87 151]]]
[[[  0   0]]

 [[567  72]]

 [[566  73]]

 [[565  74]]

 [[564  75]]

 [[563  76]]

 [[563  77]]

 [[563  78]]

 [[564  79]]

 [[565  80]]

 [[565  81]]

 [[565  82]]

 [[565  83]]

 [[565  84]]

 [[565  85]]

 [[565  86]]

 [[565  87]]

 [[564  88]]

 [[563  89]]

 [[562  89]]

 [[561  88]]

 [[560  87]]

 [[559  86]]

 [[559  85]]

 [[559  84]]

 [[559  83]]

 [[560  82]]

 [[560  81]]

 [[560  80]]

 [[559  79]]

 [[559  78]]

 [[559  77]]

 [[559  76]]

 [[559  75]]

 [[558  74]]

 [[557  74]]

 [[556  74]]

 [[555  74]]

 [[554  74]]

 [[554  75]]

 [[555  76]]

 [[555  77]]

 [[556  78]]

 [[556  79]]

 [[556  80]]

 [[556  81]]

 [[556  82]]

 [[557  83]]

 [[557  84]]

 [[557  85]]

 [[556  86]]

 [[556  87]]

 [[556  88]]

 [[556  89]]

 [[555  90]]

 [[555  91]]

 [[556  91]]

 [[557  90]]

 [[558  90]]

 [[559  91]]

 [[560  92]]

 [[561  93]]

 [[561  94]]

 [[561  95]]

 [[562  96]]

 [[562  97]]

 [[562  98]]

 [[561  99]]

 [[561 100]]

 [[561 101]]

 [[560 102]]

 [[559 103]]

 [[558 104]]

 [[558 105]]

 [[559 106]]

 [[559 107]]

 [[559 108]]

 [[559 109]]

 [[558 110]]

 [[557 111]]

 [[558 111]]

 [[559 111]]

 [[560 111]]

 [[561 111]]

 [[562 110]]

 [[563 109]]

 [[564 109]]

 [[565 109]]

 [[566 108]]

 [[566 107]]

 [[566 106]]

 [[567 105]]

 [[566 104]]

 [[566 103]]

 [[566 102]]

 [[565 101]]

 [[565 100]]

 [[566  99]]

 [[566  98]]

 [[567  97]]

 [[567  96]]

 [[567  95]]

 [[567  94]]

 [[567  93]]

 [[568  92]]

 [[568  91]]

 [[568  90]]

 [[568  89]]

 [[567  88]]

 [[567  87]]

 [[566  86]]

 [[567  85]]

 [[567  84]]

 [[567  83]]

 [[567  82]]

 [[567  81]]

 [[566  80]]

 [[566  79]]

 [[566  78]]

 [[566  77]]

 [[566  76]]

 [[566  75]]

 [[567  74]]

 [[568  73]]

 [[568  72]]

 [[568  71]]]
[[[  0   0]]

 [[569  37]]

 [[568  37]]

 [[567  38]]

 [[567  39]]

 [[567  40]]

 [[566  41]]

 [[566  42]]

 [[566  43]]

 [[566  44]]

 [[565  45]]

 [[565  46]]

 [[565  47]]

 [[565  48]]

 [[565  49]]

 [[565  50]]

 [[564  51]]

 [[564  52]]

 [[564  53]]

 [[564  54]]

 [[564  55]]

 [[564  56]]

 [[564  57]]

 [[564  58]]

 [[564  59]]

 [[564  60]]

 [[564  61]]

 [[564  62]]

 [[564  63]]

 [[564  64]]

 [[565  65]]

 [[566  65]]

 [[567  66]]

 [[568  66]]

 [[569  67]]

 [[569  68]]

 [[569  69]]

 [[570  69]]

 [[571  69]]

 [[572  69]]

 [[573  68]]

 [[573  67]]

 [[574  66]]

 [[574  65]]

 [[574  64]]

 [[574  63]]

 [[574  62]]

 [[574  61]]

 [[574  60]]

 [[574  59]]

 [[574  58]]

 [[574  57]]

 [[575  56]]

 [[575  55]]

 [[575  54]]

 [[575  53]]

 [[575  52]]

 [[575  51]]

 [[575  50]]

 [[575  49]]

 [[575  48]]

 [[575  47]]

 [[575  46]]

 [[575  45]]

 [[575  44]]

 [[575  43]]

 [[575  42]]

 [[575  41]]

 [[574  40]]

 [[573  39]]

 [[572  38]]

 [[571  37]]]
[[[  0   0]]

 [[556  10]]

 [[555  11]]

 [[555  12]]

 [[554  13]]

 [[553  14]]

 [[552  14]]

 [[551  15]]

 [[550  16]]

 [[549  16]]

 [[548  17]]

 [[547  17]]

 [[546  17]]

 [[545  17]]

 [[544  17]]

 [[543  18]]

 [[542  18]]

 [[541  19]]

 [[540  19]]

 [[539  19]]

 [[538  19]]

 [[537  19]]

 [[536  20]]

 [[535  19]]

 [[534  19]]

 [[533  18]]

 [[532  18]]

 [[531  17]]

 [[530  17]]

 [[529  17]]

 [[528  17]]

 [[527  17]]

 [[526  16]]

 [[525  16]]

 [[524  16]]

 [[523  16]]

 [[522  17]]

 [[521  16]]

 [[520  16]]

 [[519  16]]

 [[518  17]]

 [[517  18]]

 [[516  19]]

 [[515  19]]

 [[514  19]]

 [[513  19]]

 [[512  19]]

 [[511  19]]

 [[510  19]]

 [[509  19]]

 [[508  18]]

 [[507  17]]

 [[506  16]]

 [[506  15]]

 [[505  14]]

 [[504  13]]

 [[503  12]]

 [[502  12]]

 [[501  12]]

 [[500  12]]

 [[499  12]]

 [[500  13]]

 [[500  14]]

 [[500  15]]

 [[500  16]]

 [[501  17]]

 [[502  18]]

 [[502  19]]

 [[501  20]]

 [[501  21]]

 [[502  22]]

 [[503  22]]

 [[504  22]]

 [[505  23]]

 [[506  23]]

 [[507  23]]

 [[508  23]]

 [[509  23]]

 [[510  23]]

 [[511  23]]

 [[512  23]]

 [[513  23]]

 [[514  23]]

 [[515  23]]

 [[516  23]]

 [[517  22]]

 [[518  21]]

 [[519  20]]

 [[520  20]]

 [[521  20]]

 [[522  20]]

 [[523  20]]

 [[524  20]]

 [[525  20]]

 [[526  21]]

 [[526  22]]

 [[527  23]]

 [[528  23]]

 [[529  23]]

 [[530  24]]

 [[531  25]]

 [[532  25]]

 [[533  25]]

 [[534  25]]

 [[535  25]]

 [[536  25]]

 [[537  25]]

 [[538  26]]

 [[539  26]]

 [[540  26]]

 [[541  26]]

 [[542  25]]

 [[541  24]]

 [[541  23]]

 [[541  22]]

 [[542  21]]

 [[543  21]]

 [[544  21]]

 [[545  21]]

 [[546  22]]

 [[547  22]]

 [[548  22]]

 [[549  21]]

 [[549  20]]

 [[550  19]]

 [[550  18]]

 [[551  17]]

 [[552  17]]

 [[553  17]]

 [[554  18]]

 [[555  19]]

 [[555  20]]

 [[556  21]]

 [[556  22]]

 [[557  22]]

 [[557  21]]

 [[557  20]]

 [[557  19]]

 [[557  18]]

 [[556  17]]

 [[556  16]]

 [[557  15]]

 [[557  14]]

 [[557  13]]

 [[557  12]]

 [[557  11]]

 [[558  10]]

 [[558   9]]]
[[[  0   0]]

 [[396   2]]

 [[397   3]]

 ..., 
 [[399   1]]

 [[398   1]]

 [[397   1]]]
[[[  0   0]]

 [[115   2]]

 [[114   3]]

 [[115   4]]

 [[115   5]]

 [[114   6]]

 [[113   6]]

 [[112   6]]

 [[111   6]]

 [[112   7]]

 [[113   7]]

 [[114   6]]

 [[115   6]]

 [[116   6]]

 [[117   7]]

 [[118   7]]

 [[119   7]]

 [[120   7]]

 [[121   7]]

 [[122   7]]

 [[123   7]]

 [[124   7]]

 [[125   7]]

 [[126   7]]

 [[127   7]]

 [[128   6]]

 [[129   6]]

 [[130   6]]

 [[131   6]]

 [[132   6]]

 [[133   6]]

 [[134   6]]

 [[135   6]]

 [[136   6]]

 [[137   7]]

 [[138   6]]

 [[139   6]]

 [[140   6]]

 [[141   6]]

 [[142   6]]

 [[143   5]]

 [[144   4]]

 [[145   4]]

 [[146   5]]

 [[147   5]]

 [[148   6]]

 [[149   6]]

 [[150   5]]

 [[151   5]]

 [[152   5]]

 [[153   5]]

 [[154   5]]

 [[155   5]]

 [[156   5]]

 [[157   6]]

 [[158   6]]

 [[159   6]]

 [[160   6]]

 [[161   6]]

 [[162   7]]

 [[163   7]]

 [[164   7]]

 [[165   7]]

 [[166   7]]

 [[167   8]]

 [[168   8]]

 [[169   8]]

 [[170   8]]

 [[171   8]]

 [[172   8]]

 [[173   7]]

 [[174   7]]

 [[174   6]]

 [[174   5]]

 [[174   4]]

 [[174   3]]

 [[175   2]]

 [[176   2]]

 [[177   2]]

 [[178   3]]

 [[179   3]]

 [[180   3]]

 [[181   4]]

 [[182   4]]

 [[183   4]]

 [[184   4]]

 [[184   3]]

 [[185   2]]

 [[184   1]]

 [[183   1]]

 [[182   1]]

 [[181   1]]

 [[180   1]]

 [[179   1]]

 [[178   1]]

 [[177   1]]

 [[176   1]]

 [[175   1]]

 [[175   2]]

 [[174   3]]

 [[173   4]]

 [[172   4]]

 [[171   4]]

 [[170   4]]

 [[169   4]]

 [[168   4]]

 [[167   4]]

 [[166   4]]

 [[165   4]]

 [[164   4]]

 [[163   4]]

 [[162   3]]

 [[161   3]]

 [[160   3]]

 [[159   3]]

 [[158   3]]

 [[157   3]]

 [[156   3]]

 [[155   2]]

 [[154   2]]

 [[153   2]]

 [[152   2]]

 [[151   2]]

 [[150   1]]

 [[149   1]]

 [[148   1]]

 [[147   1]]

 [[146   1]]

 [[145   1]]

 [[144   1]]

 [[143   1]]

 [[142   1]]

 [[141   1]]

 [[140   1]]

 [[139   1]]

 [[138   1]]

 [[137   1]]

 [[136   1]]

 [[135   1]]

 [[134   1]]

 [[133   2]]

 [[132   2]]

 [[131   2]]

 [[130   3]]

 [[130   4]]

 [[129   5]]

 [[128   6]]

 [[127   5]]

 [[126   5]]

 [[125   5]]

 [[124   5]]

 [[123   5]]

 [[122   5]]

 [[121   6]]

 [[120   6]]

 [[119   5]]

 [[119   4]]

 [[119   3]]

 [[119   2]]

 [[118   1]]

 [[117   1]]

 [[116   1]]]
[[[ 0  0]]

 [[26  2]]

 [[25  3]]

 [[24  4]]

 [[23  4]]

 [[22  5]]

 [[21  5]]

 [[20  5]]

 [[19  5]]

 [[18  4]]

 [[17  4]]

 [[16  4]]

 [[16  5]]

 [[15  6]]

 [[14  7]]

 [[13  8]]

 [[12  8]]

 [[13  9]]

 [[13 10]]

 [[12 11]]

 [[11 10]]

 [[10  9]]

 [[ 9  8]]

 [[ 8  8]]

 [[ 7  8]]

 [[ 6  9]]

 [[ 5  8]]

 [[ 4  8]]

 [[ 3  7]]

 [[ 2  6]]

 [[ 1  6]]

 [[ 1  7]]

 [[ 1  8]]

 [[ 1  9]]

 [[ 1 10]]

 [[ 1 11]]

 [[ 1 12]]

 [[ 2 12]]

 [[ 3 12]]

 [[ 4 12]]

 [[ 5 12]]

 [[ 6 13]]

 [[ 7 13]]

 [[ 8 13]]

 [[ 9 13]]

 [[10 13]]

 [[11 13]]

 [[12 13]]

 [[13 13]]

 [[14 13]]

 [[15 12]]

 [[16 11]]

 [[17 10]]

 [[18  9]]

 [[19  9]]

 [[20  9]]

 [[21  9]]

 [[22 10]]

 [[23 10]]

 [[24 10]]

 [[25 10]]

 [[26 10]]

 [[27 11]]

 [[28 11]]

 [[29 11]]

 [[30 11]]

 [[31 10]]

 [[32  9]]

 [[33 10]]

 [[34 11]]

 [[35 11]]

 [[36 11]]

 [[37 12]]

 [[38 13]]

 [[39 12]]

 [[40 11]]

 [[40 10]]

 [[39  9]]

 [[38  8]]

 [[37  8]]

 [[36  8]]

 [[35  7]]

 [[35  6]]

 [[35  5]]

 [[35  4]]

 [[35  3]]

 [[36  2]]

 [[36  1]]

 [[35  1]]

 [[34  1]]

 [[33  1]]

 [[32  1]]

 [[31  1]]

 [[30  1]]

 [[29  1]]

 [[28  1]]

 [[27  1]]]
