[[[  0   0]]

 [[607  37]]

 [[606  38]]

 [[605  39]]

 [[604  38]]

 [[604  39]]

 [[603  40]]

 [[604  41]]

 [[604  40]]

 [[605  39]]

 [[606  39]]

 [[607  39]]

 [[608  40]]

 [[609  41]]

 [[608  42]]

 [[609  42]]

 [[610  42]]

 [[611  42]]

 [[612  41]]

 [[613  42]]

 [[613  43]]

 [[612  44]]

 [[611  45]]

 [[610  46]]

 [[609  46]]

 [[609  47]]

 [[608  48]]

 [[607  49]]

 [[607  50]]

 [[607  51]]

 [[607  52]]

 [[607  53]]

 [[606  54]]

 [[606  55]]

 [[606  56]]

 [[607  57]]

 [[607  58]]

 [[607  59]]

 [[608  60]]

 [[608  61]]

 [[609  62]]

 [[610  62]]

 [[611  62]]

 [[612  62]]

 [[613  62]]

 [[614  63]]

 [[615  63]]

 [[616  63]]

 [[617  63]]

 [[618  64]]

 [[619  64]]

 [[620  65]]

 [[621  65]]

 [[622  65]]

 [[623  66]]

 [[624  66]]

 [[625  66]]

 [[626  66]]

 [[627  66]]

 [[628  67]]

 [[629  67]]

 [[630  66]]

 [[631  66]]

 [[632  66]]

 [[633  65]]

 [[634  66]]

 [[635  67]]

 [[636  68]]

 [[637  69]]

 [[638  69]]

 [[638  68]]

 [[638  67]]

 [[638  66]]

 [[638  65]]

 [[638  64]]

 [[638  63]]

 [[638  62]]

 [[638  61]]

 [[638  60]]

 [[637  61]]

 [[636  60]]

 [[636  59]]

 [[635  60]]

 [[634  61]]

 [[633  61]]

 [[632  60]]

 [[631  60]]

 [[630  60]]

 [[629  60]]

 [[628  61]]

 [[627  60]]

 [[626  59]]

 [[625  58]]

 [[624  57]]

 [[624  56]]

 [[624  55]]

 [[624  56]]

 [[624  57]]

 [[623  58]]

 [[622  58]]

 [[621  58]]

 [[620  57]]

 [[619  57]]

 [[618  57]]

 [[617  57]]

 [[616  57]]

 [[615  57]]

 [[614  56]]

 [[613  55]]

 [[613  54]]

 [[613  53]]

 [[612  52]]

 [[612  51]]

 [[613  50]]

 [[612  50]]

 [[611  49]]

 [[610  48]]

 [[610  47]]

 [[611  46]]

 [[612  45]]

 [[613  45]]

 [[613  44]]

 [[614  43]]

 [[615  43]]

 [[615  42]]

 [[615  41]]

 [[614  40]]

 [[614  39]]

 [[614  38]]

 [[614  37]]

 [[613  37]]

 [[612  37]]

 [[611  37]]

 [[610  36]]

 [[609  36]]]
[[[  0   0]]

 [[228  28]]

 [[227  28]]

 [[226  28]]

 [[225  28]]

 [[224  28]]

 [[223  28]]

 [[222  28]]

 [[221  29]]

 [[220  29]]

 [[219  29]]

 [[218  30]]

 [[217  30]]

 [[216  30]]

 [[215  31]]

 [[214  31]]

 [[213  31]]

 [[212  32]]

 [[211  32]]

 [[210  33]]

 [[209  33]]

 [[208  33]]

 [[207  34]]

 [[206  34]]

 [[205  34]]

 [[204  34]]

 [[203  34]]

 [[202  34]]

 [[201  34]]

 [[200  35]]

 [[199  35]]

 [[198  35]]

 [[197  35]]

 [[196  35]]

 [[195  35]]

 [[194  36]]

 [[193  36]]

 [[192  36]]

 [[191  37]]

 [[190  37]]

 [[189  38]]

 [[188  38]]

 [[187  38]]

 [[186  38]]

 [[185  38]]

 [[184  39]]

 [[183  39]]

 [[182  39]]

 [[181  39]]

 [[180  39]]

 [[179  39]]

 [[178  39]]

 [[177  39]]

 [[176  39]]

 [[175  39]]

 [[174  40]]

 [[173  40]]

 [[172  40]]

 [[171  40]]

 [[170  40]]

 [[169  40]]

 [[168  40]]

 [[167  41]]

 [[166  41]]

 [[166  42]]

 [[166  43]]

 [[165  44]]

 [[164  45]]

 [[163  45]]

 [[162  46]]

 [[161  46]]

 [[160  46]]

 [[159  46]]

 [[158  46]]

 [[157  47]]

 [[156  47]]

 [[155  47]]

 [[154  47]]

 [[153  47]]

 [[152  48]]

 [[151  48]]

 [[150  48]]

 [[149  49]]

 [[148  49]]

 [[147  49]]

 [[146  50]]

 [[145  50]]

 [[144  50]]

 [[143  51]]

 [[142  51]]

 [[141  51]]

 [[140  51]]

 [[139  51]]

 [[138  51]]

 [[137  51]]

 [[136  51]]

 [[135  51]]

 [[134  51]]

 [[133  51]]

 [[132  51]]

 [[131  51]]

 [[130  51]]

 [[129  51]]

 [[128  51]]

 [[127  52]]

 [[127  53]]

 [[127  54]]

 [[127  55]]

 [[128  56]]

 [[128  57]]

 [[128  58]]

 [[129  58]]

 [[130  58]]

 [[131  58]]

 [[132  58]]

 [[133  58]]

 [[134  58]]

 [[135  58]]

 [[136  58]]

 [[137  58]]

 [[138  57]]

 [[139  57]]

 [[140  57]]

 [[141  57]]

 [[142  57]]

 [[143  57]]

 [[144  57]]

 [[145  56]]

 [[146  56]]

 [[147  56]]

 [[148  56]]

 [[149  55]]

 [[150  55]]

 [[151  54]]

 [[151  53]]

 [[152  52]]

 [[153  52]]

 [[154  51]]

 [[155  51]]

 [[156  51]]

 [[157  51]]

 [[158  51]]

 [[159  51]]

 [[160  51]]

 [[161  51]]

 [[162  51]]

 [[163  50]]

 [[164  50]]

 [[165  50]]

 [[166  49]]

 [[166  48]]

 [[167  47]]

 [[168  46]]

 [[169  46]]

 [[170  46]]

 [[171  46]]

 [[172  46]]

 [[173  46]]

 [[174  46]]

 [[175  45]]

 [[176  45]]

 [[177  45]]

 [[178  45]]

 [[179  44]]

 [[180  43]]

 [[181  43]]

 [[182  43]]

 [[183  43]]

 [[184  43]]

 [[185  43]]

 [[186  43]]

 [[187  43]]

 [[188  42]]

 [[189  42]]

 [[190  42]]

 [[191  41]]

 [[192  40]]

 [[193  40]]

 [[194  39]]

 [[195  39]]

 [[196  39]]

 [[197  39]]

 [[198  39]]

 [[199  39]]

 [[200  39]]

 [[201  38]]

 [[202  38]]

 [[203  38]]

 [[204  38]]

 [[205  38]]

 [[206  37]]

 [[207  37]]

 [[208  36]]

 [[209  36]]

 [[210  36]]

 [[211  36]]

 [[212  36]]

 [[213  36]]

 [[214  35]]

 [[215  34]]

 [[216  34]]

 [[217  34]]

 [[218  34]]

 [[219  33]]

 [[220  33]]

 [[221  33]]

 [[222  32]]

 [[223  31]]

 [[224  31]]

 [[225  31]]

 [[226  31]]

 [[227  31]]

 [[228  31]]

 [[229  31]]

 [[230  31]]

 [[231  31]]

 [[232  31]]

 [[233  30]]

 [[234  30]]

 [[235  30]]

 [[236  30]]

 [[237  30]]

 [[237  29]]

 [[237  28]]

 [[237  27]]

 [[236  27]]

 [[235  27]]

 [[234  27]]

 [[233  27]]

 [[232  27]]

 [[231  27]]

 [[230  27]]]
[[[  0   0]]

 [[231  17]]

 [[230  17]]

 [[229  17]]

 [[228  17]]

 [[227  17]]

 [[226  17]]

 [[225  17]]

 [[224  17]]

 [[223  17]]

 [[222  17]]

 [[221  18]]

 [[220  18]]

 [[219  19]]

 [[218  19]]

 [[217  20]]

 [[216  20]]

 [[215  20]]

 [[214  20]]

 [[213  20]]

 [[212  21]]

 [[211  21]]

 [[210  21]]

 [[209  22]]

 [[208  22]]

 [[207  22]]

 [[206  22]]

 [[205  23]]

 [[204  23]]

 [[203  23]]

 [[202  22]]

 [[201  22]]

 [[200  23]]

 [[199  23]]

 [[198  23]]

 [[197  23]]

 [[196  23]]

 [[195  24]]

 [[194  24]]

 [[193  24]]

 [[192  24]]

 [[191  24]]

 [[190  25]]

 [[189  25]]

 [[188  25]]

 [[187  25]]

 [[186  26]]

 [[185  26]]

 [[184  26]]

 [[183  26]]

 [[182  26]]

 [[181  26]]

 [[180  27]]

 [[179  27]]

 [[178  27]]

 [[177  26]]

 [[176  26]]

 [[175  26]]

 [[174  26]]

 [[173  26]]

 [[172  26]]

 [[171  26]]

 [[170  26]]

 [[169  26]]

 [[168  26]]

 [[167  26]]

 [[166  27]]

 [[165  27]]

 [[164  27]]

 [[163  27]]

 [[163  28]]

 [[163  29]]

 [[162  30]]

 [[161  31]]

 [[160  31]]

 [[159  32]]

 [[158  32]]

 [[157  32]]

 [[156  32]]

 [[155  32]]

 [[154  32]]

 [[153  32]]

 [[152  33]]

 [[151  33]]

 [[150  33]]

 [[149  33]]

 [[148  34]]

 [[147  34]]

 [[146  34]]

 [[145  34]]

 [[144  34]]

 [[143  35]]

 [[142  35]]

 [[141  35]]

 [[140  35]]

 [[139  35]]

 [[138  35]]

 [[137  36]]

 [[136  36]]

 [[135  36]]

 [[134  36]]

 [[133  36]]

 [[132  36]]

 [[131  36]]

 [[130  36]]

 [[129  36]]

 [[128  36]]

 [[127  36]]

 [[126  36]]

 [[125  36]]

 [[125  37]]

 [[125  38]]

 [[125  39]]

 [[126  40]]

 [[126  41]]

 [[127  42]]

 [[127  43]]

 [[128  43]]

 [[129  43]]

 [[130  43]]

 [[131  43]]

 [[132  43]]

 [[133  42]]

 [[134  42]]

 [[135  42]]

 [[136  42]]

 [[137  42]]

 [[138  42]]

 [[139  42]]

 [[140  42]]

 [[141  41]]

 [[142  41]]

 [[143  41]]

 [[144  41]]

 [[145  41]]

 [[146  41]]

 [[147  40]]

 [[148  40]]

 [[149  39]]

 [[150  38]]

 [[151  37]]

 [[152  37]]

 [[153  37]]

 [[154  37]]

 [[155  37]]

 [[156  37]]

 [[157  37]]

 [[158  37]]

 [[159  37]]

 [[160  36]]

 [[161  36]]

 [[162  36]]

 [[163  35]]

 [[164  34]]

 [[165  33]]

 [[166  32]]

 [[167  32]]

 [[168  32]]

 [[169  32]]

 [[170  32]]

 [[171  32]]

 [[172  32]]

 [[173  31]]

 [[174  31]]

 [[175  31]]

 [[176  31]]

 [[177  31]]

 [[178  31]]

 [[179  31]]

 [[180  31]]

 [[181  31]]

 [[182  30]]

 [[183  30]]

 [[184  30]]

 [[185  30]]

 [[186  30]]

 [[187  30]]

 [[188  30]]

 [[189  30]]

 [[190  29]]

 [[191  29]]

 [[192  28]]

 [[193  28]]

 [[194  28]]

 [[195  28]]

 [[196  28]]

 [[197  28]]

 [[198  27]]

 [[199  27]]

 [[200  27]]

 [[201  27]]

 [[202  27]]

 [[203  26]]

 [[204  26]]

 [[205  26]]

 [[206  26]]

 [[207  25]]

 [[208  25]]

 [[209  25]]

 [[210  25]]

 [[211  25]]

 [[212  24]]

 [[213  24]]

 [[214  23]]

 [[215  23]]

 [[216  23]]

 [[217  23]]

 [[218  23]]

 [[219  23]]

 [[220  22]]

 [[221  22]]

 [[222  21]]

 [[223  21]]

 [[224  21]]

 [[225  21]]

 [[226  21]]

 [[227  20]]

 [[228  20]]

 [[229  20]]

 [[230  20]]

 [[231  20]]

 [[232  20]]

 [[233  20]]

 [[234  19]]

 [[235  20]]

 [[236  19]]

 [[237  19]]

 [[237  18]]

 [[237  17]]

 [[236  16]]

 [[235  16]]

 [[234  16]]

 [[233  16]]]
[[[  0   0]]

 [[369   6]]

 [[368   7]]

 [[367   8]]

 [[366   8]]

 [[366   9]]

 [[366  10]]

 [[366   9]]

 [[367   8]]

 [[368   8]]

 [[369   8]]

 [[370   8]]

 [[371   9]]

 [[372  10]]

 [[372  11]]

 [[372  12]]

 [[372  13]]

 [[371  14]]

 [[371  15]]

 [[371  16]]

 [[370  17]]

 [[369  17]]

 [[368  17]]

 [[367  18]]

 [[366  18]]

 [[365  19]]

 [[364  19]]

 [[363  20]]

 [[362  21]]

 [[362  22]]

 [[362  23]]

 [[362  24]]

 [[362  25]]

 [[361  26]]

 [[361  27]]

 [[361  28]]

 [[361  29]]

 [[361  30]]

 [[361  31]]

 [[361  32]]

 [[361  33]]

 [[361  34]]

 [[361  35]]

 [[361  36]]

 [[361  37]]

 [[361  38]]

 [[361  39]]

 [[362  40]]

 [[362  41]]

 [[362  42]]

 [[362  43]]

 [[362  44]]

 [[362  45]]

 [[361  46]]

 [[361  47]]

 [[360  48]]

 [[360  49]]

 [[361  50]]

 [[361  51]]

 [[361  52]]

 [[361  53]]

 [[361  54]]

 [[362  55]]

 [[362  56]]

 [[362  57]]

 [[363  57]]

 [[364  58]]

 [[365  58]]

 [[366  58]]

 [[367  58]]

 [[368  58]]

 [[369  58]]

 [[370  59]]

 [[371  58]]

 [[372  58]]

 [[373  58]]

 [[374  58]]

 [[375  58]]

 [[376  59]]

 [[377  59]]

 [[378  59]]

 [[379  59]]

 [[380  60]]

 [[381  60]]

 [[382  60]]

 [[383  59]]

 [[384  59]]

 [[385  59]]

 [[386  59]]

 [[387  59]]

 [[388  58]]

 [[388  57]]

 [[388  56]]

 [[387  55]]

 [[387  54]]

 [[388  53]]

 [[389  52]]

 [[390  51]]

 [[390  50]]

 [[390  49]]

 [[390  48]]

 [[390  47]]

 [[389  46]]

 [[389  45]]

 [[389  44]]

 [[389  43]]

 [[389  42]]

 [[389  41]]

 [[389  40]]

 [[389  39]]

 [[389  38]]

 [[389  37]]

 [[390  36]]

 [[390  35]]

 [[390  34]]

 [[390  33]]

 [[389  32]]

 [[389  31]]

 [[389  30]]

 [[389  29]]

 [[389  28]]

 [[389  27]]

 [[390  26]]

 [[389  25]]

 [[389  24]]

 [[389  23]]

 [[388  22]]

 [[388  21]]

 [[387  20]]

 [[387  19]]

 [[386  19]]

 [[385  18]]

 [[384  18]]

 [[383  18]]

 [[382  18]]

 [[381  18]]

 [[380  18]]

 [[379  18]]

 [[378  18]]

 [[377  18]]

 [[376  17]]

 [[375  16]]

 [[376  15]]

 [[377  14]]

 [[377  13]]

 [[376  12]]

 [[375  12]]

 [[374  12]]

 [[373  11]]

 [[372  10]]

 [[372   9]]

 [[372   8]]

 [[372   7]]

 [[372   6]]

 [[371   6]]

 [[370   5]]]
[[[  0   0]]

 [[368  20]]

 [[369  20]]

 [[370  20]]

 [[371  20]]

 [[372  20]]

 [[373  20]]

 [[374  20]]

 [[375  20]]

 [[376  20]]

 [[377  20]]

 [[378  20]]

 [[379  20]]

 [[380  20]]

 [[381  21]]

 [[382  21]]

 [[383  21]]

 [[384  21]]

 [[385  22]]

 [[386  23]]

 [[386  24]]

 [[386  25]]

 [[386  26]]

 [[386  27]]

 [[386  28]]

 [[386  29]]

 [[386  30]]

 [[386  31]]

 [[386  32]]

 [[386  33]]

 [[386  34]]

 [[386  35]]

 [[386  36]]

 [[386  37]]

 [[386  38]]

 [[386  39]]

 [[386  40]]

 [[386  41]]

 [[386  42]]

 [[386  43]]

 [[386  44]]

 [[386  45]]

 [[386  46]]

 [[386  47]]

 [[387  48]]

 [[387  49]]

 [[387  50]]

 [[387  51]]

 [[387  52]]

 [[386  53]]

 [[385  54]]

 [[384  55]]

 [[383  55]]

 [[382  55]]

 [[381  55]]

 [[380  55]]

 [[379  55]]

 [[378  55]]

 [[377  55]]

 [[376  55]]

 [[375  56]]

 [[374  55]]

 [[373  55]]

 [[372  55]]

 [[371  55]]

 [[370  55]]

 [[369  55]]

 [[368  55]]

 [[367  54]]

 [[366  54]]

 [[365  53]]

 [[364  52]]

 [[364  51]]

 [[364  50]]

 [[364  49]]

 [[364  48]]

 [[364  47]]

 [[364  46]]

 [[364  45]]

 [[364  44]]

 [[364  43]]

 [[364  42]]

 [[364  41]]

 [[364  40]]

 [[364  39]]

 [[364  38]]

 [[364  37]]

 [[364  36]]

 [[364  35]]

 [[364  34]]

 [[364  33]]

 [[364  32]]

 [[364  31]]

 [[364  30]]

 [[364  29]]

 [[364  28]]

 [[364  27]]

 [[364  26]]

 [[364  25]]

 [[364  24]]

 [[364  23]]

 [[365  22]]

 [[366  21]]]
[[[  0   0]]

 [[576   2]]

 [[576   3]]

 [[576   4]]

 [[576   5]]

 [[576   6]]

 [[576   7]]

 [[575   8]]

 [[575   9]]

 [[575  10]]

 [[575  11]]

 [[575  12]]

 [[575  13]]

 [[576  14]]

 [[576  15]]

 [[575  16]]

 [[575  17]]

 [[574  18]]

 [[573  19]]

 [[572  19]]

 [[571  19]]

 [[570  19]]

 [[569  19]]

 [[568  19]]

 [[567  19]]

 [[566  19]]

 [[565  18]]

 [[564  18]]

 [[563  18]]

 [[562  18]]

 [[561  17]]

 [[560  17]]

 [[559  17]]

 [[558  17]]

 [[557  17]]

 [[556  17]]

 [[555  17]]

 [[554  17]]

 [[553  17]]

 [[552  17]]

 [[551  17]]

 [[550  17]]

 [[549  17]]

 [[548  17]]

 [[547  18]]

 [[546  19]]

 [[546  20]]

 [[547  21]]

 [[547  22]]

 [[546  23]]

 [[545  24]]

 [[544  25]]

 [[543  26]]

 [[543  27]]

 [[543  28]]

 [[542  29]]

 [[542  30]]

 [[542  31]]

 [[542  32]]

 [[542  33]]

 [[542  34]]

 [[542  35]]

 [[541  36]]

 [[541  37]]

 [[541  38]]

 [[541  39]]

 [[541  40]]

 [[541  41]]

 [[541  42]]

 [[541  43]]

 [[540  44]]

 [[540  45]]

 [[540  46]]

 [[540  47]]

 [[540  48]]

 [[540  49]]

 [[540  50]]

 [[540  51]]

 [[540  52]]

 [[540  53]]

 [[540  54]]

 [[540  55]]

 [[541  56]]

 [[542  57]]

 [[543  57]]

 [[544  57]]

 [[545  57]]

 [[546  58]]

 [[547  58]]

 [[548  58]]

 [[549  58]]

 [[550  58]]

 [[551  59]]

 [[552  59]]

 [[553  59]]

 [[554  59]]

 [[555  59]]

 [[556  59]]

 [[557  59]]

 [[558  59]]

 [[559  59]]

 [[560  59]]

 [[561  59]]

 [[562  60]]

 [[563  60]]

 [[564  60]]

 [[565  61]]

 [[565  60]]

 [[565  59]]

 [[565  58]]

 [[565  57]]

 [[564  56]]

 [[564  55]]

 [[564  54]]

 [[565  53]]

 [[565  52]]

 [[565  51]]

 [[565  50]]

 [[565  49]]

 [[565  48]]

 [[566  47]]

 [[567  47]]

 [[568  47]]

 [[569  47]]

 [[570  47]]

 [[571  47]]

 [[572  47]]

 [[573  47]]

 [[574  47]]

 [[575  47]]

 [[576  47]]

 [[577  46]]

 [[578  45]]

 [[578  44]]

 [[578  43]]

 [[579  42]]

 [[579  41]]

 [[579  40]]

 [[579  39]]

 [[579  38]]

 [[579  37]]

 [[579  36]]

 [[579  35]]

 [[579  34]]

 [[579  33]]

 [[579  32]]

 [[579  31]]

 [[579  30]]

 [[579  29]]

 [[580  28]]

 [[581  27]]

 [[582  27]]

 [[583  27]]

 [[584  27]]

 [[585  27]]

 [[586  27]]

 [[587  27]]

 [[588  28]]

 [[589  27]]

 [[589  26]]

 [[590  25]]

 [[589  24]]

 [[588  23]]

 [[587  23]]

 [[586  23]]

 [[585  23]]

 [[584  23]]

 [[583  23]]

 [[582  23]]

 [[581  22]]

 [[580  21]]

 [[580  20]]

 [[580  19]]

 [[580  18]]

 [[581  17]]

 [[580  16]]

 [[580  15]]

 [[580  14]]

 [[580  13]]

 [[580  12]]

 [[579  11]]

 [[579  10]]

 [[579   9]]

 [[579   8]]

 [[580   7]]

 [[580   6]]

 [[579   5]]

 [[579   4]]

 [[579   3]]

 [[578   2]]

 [[578   1]]

 [[577   1]]

 [[576   1]]]
[[[  0   0]]

 [[551  20]]

 [[552  20]]

 [[553  20]]

 [[554  20]]

 [[555  20]]

 [[556  20]]

 [[557  20]]

 [[558  20]]

 [[559  20]]

 [[560  20]]

 [[561  21]]

 [[562  21]]

 [[563  21]]

 [[564  22]]

 [[565  22]]

 [[566  22]]

 [[567  22]]

 [[568  22]]

 [[569  22]]

 [[570  22]]

 [[571  22]]

 [[572  22]]

 [[573  22]]

 [[574  22]]

 [[575  22]]

 [[576  22]]

 [[577  23]]

 [[577  24]]

 [[578  25]]

 [[577  26]]

 [[577  27]]

 [[577  28]]

 [[577  29]]

 [[577  30]]

 [[577  31]]

 [[577  32]]

 [[577  33]]

 [[577  34]]

 [[576  35]]

 [[576  36]]

 [[576  37]]

 [[576  38]]

 [[576  39]]

 [[576  40]]

 [[576  41]]

 [[576  42]]

 [[576  43]]

 [[575  44]]

 [[574  44]]

 [[573  44]]

 [[572  44]]

 [[571  44]]

 [[570  44]]

 [[569  44]]

 [[568  44]]

 [[567  43]]

 [[566  43]]

 [[565  43]]

 [[564  43]]

 [[563  43]]

 [[563  44]]

 [[562  45]]

 [[562  46]]

 [[562  47]]

 [[562  48]]

 [[562  49]]

 [[562  50]]

 [[562  51]]

 [[563  52]]

 [[562  53]]

 [[562  54]]

 [[561  55]]

 [[560  56]]

 [[559  56]]

 [[558  56]]

 [[557  56]]

 [[556  56]]

 [[555  55]]

 [[554  55]]

 [[553  55]]

 [[552  55]]

 [[551  55]]

 [[550  55]]

 [[549  55]]

 [[548  55]]

 [[547  55]]

 [[546  55]]

 [[545  54]]

 [[544  54]]

 [[543  53]]

 [[543  52]]

 [[542  51]]

 [[542  50]]

 [[543  49]]

 [[543  48]]

 [[543  47]]

 [[543  46]]

 [[543  45]]

 [[543  44]]

 [[543  43]]

 [[544  42]]

 [[544  41]]

 [[544  40]]

 [[544  39]]

 [[544  38]]

 [[544  37]]

 [[544  36]]

 [[544  35]]

 [[545  34]]

 [[545  33]]

 [[545  32]]

 [[545  31]]

 [[545  30]]

 [[545  29]]

 [[545  28]]

 [[546  27]]

 [[547  27]]

 [[548  26]]

 [[548  25]]

 [[548  24]]

 [[549  23]]

 [[549  22]]]
[[[  0   0]]

 [[522   2]]

 [[522   3]]

 [[522   4]]

 [[522   5]]

 [[522   6]]

 [[522   7]]

 [[522   8]]

 [[522   9]]

 [[522  10]]

 [[522  11]]

 [[523  12]]

 [[523  13]]

 [[524  14]]

 [[524  15]]

 [[523  16]]

 [[523  17]]

 [[523  18]]

 [[523  19]]

 [[523  20]]

 [[523  21]]

 [[523  22]]

 [[523  23]]

 [[523  24]]

 [[524  25]]

 [[524  26]]

 [[524  27]]

 [[524  28]]

 [[524  29]]

 [[523  30]]

 [[522  31]]

 [[521  32]]

 [[520  33]]

 [[519  33]]

 [[518  32]]

 [[517  33]]

 [[516  33]]

 [[515  32]]

 [[514  32]]

 [[513  32]]

 [[513  33]]

 [[513  34]]

 [[513  35]]

 [[513  36]]

 [[513  37]]

 [[513  38]]

 [[513  39]]

 [[512  40]]

 [[511  40]]

 [[511  41]]

 [[512  41]]

 [[513  40]]

 [[514  39]]

 [[515  40]]

 [[516  40]]

 [[517  39]]

 [[518  38]]

 [[519  38]]

 [[520  38]]

 [[521  38]]

 [[522  38]]

 [[523  37]]

 [[523  36]]

 [[523  35]]

 [[523  34]]

 [[523  33]]

 [[523  32]]

 [[523  31]]

 [[524  30]]

 [[525  30]]

 [[526  30]]

 [[527  31]]

 [[528  32]]

 [[528  33]]

 [[529  33]]

 [[530  33]]

 [[531  33]]

 [[531  32]]

 [[532  31]]

 [[532  30]]

 [[532  29]]

 [[532  28]]

 [[531  28]]

 [[530  28]]

 [[529  28]]

 [[528  27]]

 [[527  28]]

 [[526  29]]

 [[525  29]]

 [[524  28]]

 [[524  27]]

 [[524  26]]

 [[524  25]]

 [[525  24]]

 [[526  23]]

 [[527  23]]

 [[528  23]]

 [[529  23]]

 [[530  22]]

 [[531  22]]

 [[532  22]]

 [[533  22]]

 [[534  22]]

 [[535  22]]

 [[536  22]]

 [[536  21]]

 [[535  20]]

 [[535  19]]

 [[534  19]]

 [[533  19]]

 [[532  20]]

 [[531  21]]

 [[530  20]]

 [[530  19]]

 [[530  18]]

 [[529  17]]

 [[528  16]]

 [[527  15]]

 [[527  14]]

 [[527  13]]

 [[527  12]]

 [[527  11]]

 [[527  10]]

 [[528   9]]

 [[529   9]]

 [[530   9]]

 [[531   9]]

 [[530   8]]

 [[530   7]]

 [[529   6]]

 [[528   5]]

 [[528   4]]

 [[527   3]]

 [[527   2]]

 [[528   1]]

 [[527   1]]

 [[526   1]]

 [[525   1]]

 [[524   1]]

 [[523   1]]]
[[[  0   0]]

 [[481   2]]

 [[480   3]]

 [[480   4]]

 [[480   5]]

 [[480   6]]

 [[480   7]]

 [[479   8]]

 [[479   9]]

 [[478  10]]

 [[478  11]]

 [[478  12]]

 [[478  13]]

 [[477  14]]

 [[478  15]]

 [[479  15]]

 [[480  16]]

 [[481  16]]

 [[482  17]]

 [[482  18]]

 [[482  19]]

 [[482  20]]

 [[482  21]]

 [[482  22]]

 [[481  23]]

 [[481  24]]

 [[480  25]]

 [[479  26]]

 [[478  26]]

 [[477  26]]

 [[476  27]]

 [[475  27]]

 [[474  27]]

 [[473  28]]

 [[473  29]]

 [[473  30]]

 [[473  31]]

 [[473  32]]

 [[473  33]]

 [[473  34]]

 [[474  34]]

 [[475  34]]

 [[476  34]]

 [[477  33]]

 [[478  33]]

 [[479  32]]

 [[480  32]]

 [[481  33]]

 [[482  33]]

 [[483  33]]

 [[484  32]]

 [[484  31]]

 [[484  30]]

 [[484  29]]

 [[484  28]]

 [[484  27]]

 [[484  26]]

 [[484  25]]

 [[484  24]]

 [[484  23]]

 [[484  22]]

 [[484  21]]

 [[485  20]]

 [[484  19]]

 [[484  18]]

 [[485  17]]

 [[486  16]]

 [[487  16]]

 [[488  15]]

 [[489  15]]

 [[490  15]]

 [[491  15]]

 [[492  15]]

 [[493  15]]

 [[494  15]]

 [[495  15]]

 [[496  16]]

 [[497  17]]

 [[498  17]]

 [[499  18]]

 [[500  18]]

 [[501  18]]

 [[502  18]]

 [[503  18]]

 [[504  18]]

 [[505  18]]

 [[506  18]]

 [[507  18]]

 [[508  18]]

 [[509  17]]

 [[509  16]]

 [[510  15]]

 [[510  14]]

 [[510  13]]

 [[511  12]]

 [[512  11]]

 [[513  11]]

 [[514  10]]

 [[515  10]]

 [[515   9]]

 [[516   8]]

 [[517   7]]

 [[518   8]]

 [[517   7]]

 [[517   6]]

 [[517   5]]

 [[517   4]]

 [[517   3]]

 [[516   2]]

 [[516   1]]

 [[515   1]]

 [[514   1]]

 [[513   1]]

 [[513   2]]

 [[512   3]]

 [[513   4]]

 [[514   5]]

 [[514   6]]

 [[513   7]]

 [[512   8]]

 [[511   8]]

 [[510   8]]

 [[509   8]]

 [[508   9]]

 [[507  10]]

 [[506  10]]

 [[505  11]]

 [[504  12]]

 [[503  12]]

 [[502  13]]

 [[501  13]]

 [[500  13]]

 [[499  13]]

 [[498  13]]

 [[497  13]]

 [[496  12]]

 [[495  12]]

 [[494  12]]

 [[493  11]]

 [[492  11]]

 [[491  12]]

 [[490  12]]

 [[489  12]]

 [[488  13]]

 [[487  13]]

 [[486  14]]

 [[485  14]]

 [[484  14]]

 [[483  14]]

 [[482  15]]

 [[481  15]]

 [[480  14]]

 [[480  13]]

 [[479  12]]

 [[479  11]]

 [[479  10]]

 [[480   9]]

 [[481   9]]

 [[482   8]]

 [[482   7]]

 [[482   6]]

 [[481   5]]

 [[481   4]]

 [[481   3]]

 [[482   2]]

 [[483   2]]

 [[483   1]]

 [[482   1]]]
[[[  0   0]]

 [[459   2]]

 [[459   3]]

 [[459   4]]

 [[459   5]]

 [[458   6]]

 [[457   7]]

 [[456   7]]

 [[455   7]]

 [[454   7]]

 [[453   7]]

 [[452   7]]

 [[451   7]]

 [[450   8]]

 [[449   8]]

 [[448   9]]

 [[448  10]]

 [[447  11]]

 [[447  12]]

 [[448  12]]

 [[449  13]]

 [[450  13]]

 [[450  12]]

 [[450  11]]

 [[450  10]]

 [[451   9]]

 [[452   9]]

 [[453   9]]

 [[454   9]]

 [[455   9]]

 [[456   9]]

 [[457   9]]

 [[458   9]]

 [[459   9]]

 [[460   8]]

 [[461   8]]

 [[462   9]]

 [[463  10]]

 [[463  11]]

 [[464  12]]

 [[463  13]]

 [[463  14]]

 [[463  15]]

 [[463  16]]

 [[462  17]]

 [[462  18]]

 [[463  19]]

 [[463  20]]

 [[463  21]]

 [[463  22]]

 [[463  23]]

 [[463  24]]

 [[463  25]]

 [[463  26]]

 [[463  27]]

 [[463  28]]

 [[462  29]]

 [[461  29]]

 [[460  30]]

 [[459  31]]

 [[458  31]]

 [[457  31]]

 [[456  31]]

 [[455  31]]

 [[454  31]]

 [[453  30]]

 [[452  30]]

 [[451  30]]

 [[450  29]]

 [[449  28]]

 [[449  27]]

 [[449  26]]

 [[449  25]]

 [[449  24]]

 [[449  23]]

 [[450  22]]

 [[450  21]]

 [[450  20]]

 [[450  19]]

 [[451  18]]

 [[451  17]]

 [[450  17]]

 [[449  17]]

 [[448  17]]

 [[447  18]]

 [[446  18]]

 [[445  19]]

 [[446  20]]

 [[446  21]]

 [[446  22]]

 [[446  23]]

 [[446  24]]

 [[446  25]]

 [[446  26]]

 [[446  27]]

 [[446  28]]

 [[446  29]]

 [[446  30]]

 [[446  31]]

 [[447  31]]

 [[448  31]]

 [[449  32]]

 [[450  32]]

 [[451  32]]

 [[452  33]]

 [[453  33]]

 [[454  33]]

 [[455  34]]

 [[456  34]]

 [[457  34]]

 [[458  34]]

 [[459  34]]

 [[460  33]]

 [[461  32]]

 [[462  32]]

 [[463  32]]

 [[464  32]]

 [[465  33]]

 [[466  32]]

 [[467  32]]

 [[468  32]]

 [[468  31]]

 [[468  30]]

 [[468  29]]

 [[467  28]]

 [[467  27]]

 [[467  26]]

 [[467  25]]

 [[466  24]]

 [[465  23]]

 [[465  22]]

 [[465  21]]

 [[465  20]]

 [[465  19]]

 [[465  18]]

 [[465  17]]

 [[466  16]]

 [[466  15]]

 [[465  14]]

 [[465  13]]

 [[465  12]]

 [[465  11]]

 [[465  10]]

 [[466   9]]

 [[466   8]]

 [[466   7]]

 [[466   6]]

 [[466   5]]

 [[466   4]]

 [[466   3]]

 [[466   2]]

 [[466   1]]

 [[465   1]]

 [[465   2]]

 [[465   3]]

 [[465   4]]

 [[465   5]]

 [[465   6]]

 [[464   7]]

 [[463   8]]

 [[462   8]]

 [[461   7]]

 [[461   6]]

 [[462   5]]

 [[462   4]]

 [[461   3]]

 [[461   2]]

 [[461   1]]

 [[460   1]]]
[[[  0   0]]

 [[303   2]]

 [[303   3]]

 [[303   4]]

 [[304   5]]

 [[304   6]]

 [[303   7]]

 [[302   7]]

 [[301   8]]

 [[300   8]]

 [[299   7]]

 [[298   7]]

 [[297   7]]

 [[296   8]]

 [[295   9]]

 [[294  10]]

 [[294  11]]

 [[293  12]]

 [[294  13]]

 [[293  14]]

 [[292  14]]

 [[291  15]]

 [[290  15]]

 [[289  15]]

 [[288  16]]

 [[287  17]]

 [[286  17]]

 [[285  17]]

 [[284  16]]

 [[283  17]]

 [[284  17]]

 [[285  17]]

 [[286  17]]

 [[287  17]]

 [[288  17]]

 [[289  17]]

 [[290  18]]

 [[291  19]]

 [[291  20]]

 [[292  20]]

 [[292  19]]

 [[293  18]]

 [[294  18]]

 [[295  18]]

 [[296  18]]

 [[297  19]]

 [[297  20]]

 [[297  21]]

 [[297  22]]

 [[297  23]]

 [[297  24]]

 [[297  25]]

 [[297  26]]

 [[297  27]]

 [[297  28]]

 [[297  29]]

 [[297  30]]

 [[297  31]]

 [[297  32]]

 [[298  33]]

 [[299  33]]

 [[300  34]]

 [[301  34]]

 [[302  34]]

 [[303  35]]

 [[304  35]]

 [[305  35]]

 [[306  35]]

 [[307  35]]

 [[308  35]]

 [[309  35]]

 [[310  35]]

 [[311  35]]

 [[312  35]]

 [[313  35]]

 [[314  35]]

 [[315  35]]

 [[316  34]]

 [[316  33]]

 [[316  32]]

 [[317  31]]

 [[318  30]]

 [[319  29]]

 [[320  29]]

 [[321  30]]

 [[322  31]]

 [[322  32]]

 [[321  33]]

 [[321  34]]

 [[320  35]]

 [[321  36]]

 [[321  37]]

 [[321  38]]

 [[321  39]]

 [[322  40]]

 [[323  41]]

 [[324  41]]

 [[325  41]]

 [[326  42]]

 [[327  42]]

 [[326  41]]

 [[326  40]]

 [[326  39]]

 [[325  38]]

 [[324  38]]

 [[323  37]]

 [[323  36]]

 [[323  35]]

 [[323  34]]

 [[323  33]]

 [[323  32]]

 [[323  31]]

 [[323  30]]

 [[324  29]]

 [[324  28]]

 [[324  27]]

 [[324  26]]

 [[324  25]]

 [[324  24]]

 [[324  23]]

 [[323  22]]

 [[323  21]]

 [[323  20]]

 [[323  19]]

 [[323  18]]

 [[323  17]]

 [[323  16]]

 [[324  15]]

 [[325  14]]

 [[326  14]]

 [[327  13]]

 [[327  12]]

 [[327  11]]

 [[328  10]]

 [[329  10]]

 [[330  11]]

 [[331  12]]

 [[332  12]]

 [[333  11]]

 [[333  10]]

 [[332   9]]

 [[333   8]]

 [[334   7]]

 [[335   7]]

 [[336   7]]

 [[337   8]]

 [[337   9]]

 [[337  10]]

 [[338  11]]

 [[338  12]]

 [[339  13]]

 [[340  13]]

 [[341  13]]

 [[342  13]]

 [[343  12]]

 [[343  11]]

 [[342  10]]

 [[343   9]]

 [[344   9]]

 [[345   9]]

 [[346   9]]

 [[347   9]]

 [[348   8]]

 [[349   8]]

 [[350   8]]

 [[351   8]]

 [[352   9]]

 [[353  10]]

 [[353  11]]

 [[354  12]]

 [[353  13]]

 [[352  14]]

 [[351  13]]

 [[350  13]]

 [[349  12]]

 [[348  11]]

 [[347  11]]

 [[347  12]]

 [[348  12]]

 [[349  13]]

 [[350  14]]

 [[351  15]]

 [[351  16]]

 [[350  17]]

 [[349  18]]

 [[349  19]]

 [[349  20]]

 [[349  21]]

 [[349  22]]

 [[349  23]]

 [[349  24]]

 [[349  25]]

 [[349  26]]

 [[349  27]]

 [[349  28]]

 [[349  29]]

 [[349  30]]

 [[349  31]]

 [[350  32]]

 [[350  33]]

 [[350  34]]

 [[350  35]]

 [[350  36]]

 [[350  37]]

 [[351  38]]

 [[352  38]]

 [[353  37]]

 [[353  36]]

 [[353  35]]

 [[353  34]]

 [[353  33]]

 [[354  32]]

 [[354  31]]

 [[354  30]]

 [[354  29]]

 [[353  28]]

 [[353  27]]

 [[353  26]]

 [[353  25]]

 [[353  24]]

 [[352  23]]

 [[352  22]]

 [[353  21]]

 [[353  20]]

 [[354  19]]

 [[355  18]]

 [[356  18]]

 [[357  18]]

 [[357  17]]

 [[358  16]]

 [[358  15]]

 [[358  14]]

 [[358  13]]

 [[358  12]]

 [[357  11]]

 [[357  10]]

 [[357   9]]

 [[356  10]]

 [[355  10]]

 [[354  10]]

 [[353  10]]

 [[352   9]]

 [[351   8]]

 [[352   7]]

 [[353   6]]

 [[354   6]]

 [[355   6]]

 [[356   6]]

 [[357   6]]

 [[358   6]]

 [[359   7]]

 [[360   8]]

 [[361   9]]

 [[361  10]]

 [[361  11]]

 [[361  12]]

 [[360  13]]

 [[361  13]]

 [[362  13]]

 [[363  13]]

 [[364  12]]

 [[364  11]]

 [[364  10]]

 [[364   9]]

 [[364   8]]

 [[364   7]]

 [[364   6]]

 [[363   6]]

 [[362   6]]

 [[361   6]]

 [[360   5]]

 [[359   4]]

 [[359   3]]

 [[360   2]]

 [[360   1]]

 [[359   1]]

 [[358   1]]

 [[359   2]]

 [[359   3]]

 [[358   4]]

 [[357   5]]

 [[356   5]]

 [[355   5]]

 [[354   4]]

 [[354   3]]

 [[353   3]]

 [[352   3]]

 [[352   4]]

 [[351   5]]

 [[351   6]]

 [[350   7]]

 [[349   6]]

 [[348   5]]

 [[347   5]]

 [[346   5]]

 [[345   5]]

 [[344   5]]

 [[343   4]]

 [[342   4]]

 [[341   4]]

 [[340   3]]

 [[339   2]]

 [[339   1]]

 [[338   2]]

 [[337   3]]

 [[336   2]]

 [[335   1]]

 [[334   1]]

 [[333   1]]

 [[333   2]]

 [[334   3]]

 [[334   4]]

 [[333   5]]

 [[332   5]]

 [[331   6]]

 [[330   6]]

 [[329   7]]

 [[328   8]]

 [[327   7]]

 [[326   7]]

 [[325   8]]

 [[324   9]]

 [[324  10]]

 [[324  11]]

 [[323  12]]

 [[322  13]]

 [[321  13]]

 [[320  14]]

 [[319  14]]

 [[318  14]]

 [[317  13]]

 [[317  12]]

 [[317  11]]

 [[318  10]]

 [[318   9]]

 [[319   8]]

 [[319   7]]

 [[319   6]]

 [[320   5]]

 [[321   5]]

 [[322   5]]

 [[323   5]]

 [[322   4]]

 [[323   3]]

 [[324   3]]

 [[325   3]]

 [[325   2]]

 [[325   1]]

 [[324   2]]

 [[323   1]]

 [[322   1]]

 [[321   1]]

 [[320   1]]

 [[319   1]]

 [[318   1]]

 [[317   1]]

 [[318   1]]

 [[319   1]]

 [[320   2]]

 [[320   3]]

 [[320   4]]

 [[319   5]]

 [[318   6]]

 [[317   6]]

 [[316   6]]

 [[315   6]]

 [[314   6]]

 [[313   6]]

 [[312   6]]

 [[311   7]]

 [[310   7]]

 [[309   7]]

 [[308   6]]

 [[307   7]]

 [[306   6]]

 [[305   6]]

 [[304   5]]

 [[305   4]]

 [[306   3]]

 [[307   2]]

 [[308   2]]

 [[309   2]]

 [[310   1]]

 [[309   1]]

 [[308   1]]

 [[307   1]]

 [[306   1]]

 [[305   1]]]
[[[  0   0]]

 [[305   9]]

 [[306   9]]

 [[307   9]]

 [[308   9]]

 [[309   9]]

 [[310   9]]

 [[311   9]]

 [[312   9]]

 [[313  10]]

 [[314  10]]

 [[315  10]]

 [[316  11]]

 [[317  12]]

 [[317  13]]

 [[316  14]]

 [[316  15]]

 [[316  16]]

 [[315  17]]

 [[315  18]]

 [[315  19]]

 [[315  20]]

 [[315  21]]

 [[315  22]]

 [[315  23]]

 [[315  24]]

 [[315  25]]

 [[315  26]]

 [[315  27]]

 [[315  28]]

 [[315  29]]

 [[315  30]]

 [[315  31]]

 [[314  32]]

 [[313  32]]

 [[312  32]]

 [[311  33]]

 [[310  33]]

 [[309  33]]

 [[308  33]]

 [[307  33]]

 [[306  33]]

 [[305  33]]

 [[304  32]]

 [[303  32]]

 [[302  32]]

 [[301  31]]

 [[300  30]]

 [[300  29]]

 [[300  28]]

 [[300  27]]

 [[300  26]]

 [[300  25]]

 [[300  24]]

 [[300  23]]

 [[300  22]]

 [[300  21]]

 [[300  20]]

 [[300  19]]

 [[300  18]]

 [[300  17]]

 [[299  17]]

 [[298  16]]

 [[297  16]]

 [[296  15]]

 [[295  14]]

 [[294  13]]

 [[295  12]]

 [[296  11]]

 [[297  11]]

 [[298  10]]

 [[299  10]]

 [[300  10]]

 [[301  10]]

 [[302  10]]

 [[303  10]]]
[[[  0   0]]

 [[200   2]]

 [[200   3]]

 [[200   4]]

 [[201   5]]

 [[200   6]]

 [[199   7]]

 [[198   6]]

 [[197   7]]

 [[196   7]]

 [[195   8]]

 [[195   9]]

 [[196   9]]

 [[197   9]]

 [[198   9]]

 [[199   9]]

 [[200  10]]

 [[199  11]]

 [[198  11]]

 [[197  11]]

 [[197  12]]

 [[196  13]]

 [[195  14]]

 [[194  14]]

 [[193  15]]

 [[192  14]]

 [[191  14]]

 [[190  14]]

 [[189  14]]

 [[188  14]]

 [[187  14]]

 [[186  14]]

 [[185  14]]

 [[184  13]]

 [[183  13]]

 [[182  12]]

 [[181  12]]

 [[180  12]]

 [[180  13]]

 [[179  14]]

 [[178  14]]

 [[177  15]]

 [[176  15]]

 [[176  16]]

 [[177  17]]

 [[178  17]]

 [[179  17]]

 [[180  17]]

 [[181  17]]

 [[182  17]]

 [[183  17]]

 [[184  17]]

 [[185  17]]

 [[186  17]]

 [[187  17]]

 [[188  17]]

 [[189  17]]

 [[190  17]]

 [[191  17]]

 [[192  17]]

 [[193  16]]

 [[193  15]]

 [[194  14]]

 [[195  14]]

 [[196  14]]

 [[197  13]]

 [[198  13]]

 [[199  13]]

 [[200  13]]

 [[201  13]]

 [[202  13]]

 [[203  13]]

 [[204  14]]

 [[205  14]]

 [[206  14]]

 [[207  14]]

 [[208  13]]

 [[209  13]]

 [[210  12]]

 [[211  12]]

 [[212  11]]

 [[213  11]]

 [[214  12]]

 [[215  12]]

 [[216  12]]

 [[217  12]]

 [[218  11]]

 [[219  11]]

 [[220  10]]

 [[221  10]]

 [[222   9]]

 [[223   9]]

 [[224   9]]

 [[225  10]]

 [[226  10]]

 [[227   9]]

 [[228   9]]

 [[229   9]]

 [[230   9]]

 [[231   9]]

 [[232   9]]

 [[233   9]]

 [[234   8]]

 [[234   7]]

 [[233   7]]

 [[232   7]]

 [[231   7]]

 [[230   7]]

 [[229   7]]

 [[228   7]]

 [[227   7]]

 [[226   6]]

 [[225   7]]

 [[224   8]]

 [[223   8]]

 [[222   8]]

 [[221   8]]

 [[220   8]]

 [[219   8]]

 [[218   8]]

 [[217   9]]

 [[216   9]]

 [[215   9]]

 [[214   9]]

 [[213   9]]

 [[212  10]]

 [[211  10]]

 [[210  10]]

 [[209  10]]

 [[208  10]]

 [[207  10]]

 [[206  10]]

 [[205  10]]

 [[204  10]]

 [[203   9]]

 [[204   8]]

 [[205   8]]

 [[206   7]]

 [[206   6]]

 [[205   5]]

 [[204   4]]

 [[205   3]]

 [[205   2]]

 [[205   1]]

 [[204   1]]

 [[203   1]]

 [[202   1]]

 [[201   1]]

 [[200   1]]]
