[[[  0   0]]

 [[ 28 113]]

 [[ 28 114]]

 [[ 28 115]]

 [[ 28 116]]

 [[ 28 117]]

 [[ 29 118]]

 [[ 30 118]]

 [[ 31 118]]

 [[ 32 118]]

 [[ 33 118]]

 [[ 34 117]]

 [[ 35 117]]

 [[ 36 117]]

 [[ 37 117]]

 [[ 38 118]]

 [[ 39 118]]

 [[ 40 118]]

 [[ 41 118]]

 [[ 42 118]]

 [[ 43 118]]

 [[ 44 118]]

 [[ 45 119]]

 [[ 46 119]]

 [[ 47 120]]

 [[ 48 120]]

 [[ 49 121]]

 [[ 50 121]]

 [[ 51 120]]

 [[ 52 121]]

 [[ 53 122]]

 [[ 54 123]]

 [[ 55 124]]

 [[ 55 125]]

 [[ 56 126]]

 [[ 57 127]]

 [[ 58 128]]

 [[ 58 129]]

 [[ 59 129]]

 [[ 60 129]]

 [[ 61 129]]

 [[ 62 128]]

 [[ 63 128]]

 [[ 64 127]]

 [[ 65 128]]

 [[ 66 129]]

 [[ 67 130]]

 [[ 67 131]]

 [[ 68 132]]

 [[ 69 133]]

 [[ 69 134]]

 [[ 70 135]]

 [[ 71 135]]

 [[ 72 136]]

 [[ 73 136]]

 [[ 74 136]]

 [[ 75 136]]

 [[ 76 136]]

 [[ 77 136]]

 [[ 78 136]]

 [[ 79 137]]

 [[ 80 137]]

 [[ 81 137]]

 [[ 82 138]]

 [[ 82 139]]

 [[ 82 140]]

 [[ 82 141]]

 [[ 82 142]]

 [[ 83 142]]

 [[ 84 142]]

 [[ 85 142]]

 [[ 86 142]]

 [[ 87 142]]

 [[ 88 143]]

 [[ 88 144]]

 [[ 89 145]]

 [[ 89 146]]

 [[ 90 147]]

 [[ 91 147]]

 [[ 92 147]]

 [[ 93 148]]

 [[ 94 148]]

 [[ 95 149]]

 [[ 96 150]]

 [[ 96 151]]

 [[ 96 152]]

 [[ 96 153]]

 [[ 96 154]]

 [[ 97 155]]

 [[ 98 155]]

 [[ 99 155]]

 [[100 155]]

 [[101 155]]

 [[102 156]]

 [[103 157]]

 [[104 158]]

 [[104 159]]

 [[105 160]]

 [[106 161]]

 [[107 161]]

 [[108 162]]

 [[109 162]]

 [[110 161]]

 [[111 161]]

 [[112 161]]

 [[113 161]]

 [[114 161]]

 [[115 162]]

 [[115 163]]

 [[115 164]]

 [[114 165]]

 [[113 166]]

 [[113 167]]

 [[112 168]]

 [[111 168]]

 [[112 169]]

 [[111 170]]

 [[111 171]]

 [[110 172]]

 [[110 173]]

 [[110 174]]

 [[111 174]]

 [[112 175]]

 [[113 176]]

 [[113 177]]

 [[113 178]]

 [[114 179]]

 [[115 180]]

 [[116 180]]

 [[117 179]]

 [[118 180]]

 [[119 180]]

 [[120 180]]

 [[121 181]]

 [[122 182]]

 [[122 183]]

 [[121 184]]

 [[120 185]]

 [[119 186]]

 [[119 187]]

 [[118 188]]

 [[118 189]]

 [[118 190]]

 [[118 191]]

 [[118 192]]

 [[118 193]]

 [[118 194]]

 [[118 195]]

 [[118 196]]

 [[118 197]]

 [[117 198]]

 [[116 199]]

 [[115 200]]

 [[115 201]]

 [[116 201]]

 [[117 202]]

 [[117 203]]

 [[117 204]]

 [[118 205]]

 [[118 206]]

 [[118 207]]

 [[118 208]]

 [[118 209]]

 [[119 210]]

 [[119 211]]

 [[120 212]]

 [[121 213]]

 [[120 214]]

 [[120 215]]

 [[120 216]]

 [[120 217]]

 [[120 218]]

 [[119 219]]

 [[118 220]]

 [[117 221]]

 [[117 222]]

 [[116 223]]

 [[115 223]]

 [[114 224]]

 [[113 223]]

 [[113 222]]

 [[112 221]]

 [[112 220]]

 [[111 220]]

 [[110 220]]

 [[109 220]]

 [[108 221]]

 [[107 221]]

 [[106 221]]

 [[105 221]]

 [[104 221]]

 [[103 222]]

 [[103 223]]

 [[103 224]]

 [[102 225]]

 [[101 225]]

 [[100 225]]

 [[ 99 225]]

 [[ 98 225]]

 [[ 98 226]]

 [[ 98 227]]

 [[ 99 227]]

 [[100 227]]

 [[101 227]]

 [[102 227]]

 [[103 228]]

 [[103 229]]

 [[104 229]]

 [[105 229]]

 [[106 229]]

 [[107 229]]

 [[108 229]]

 [[109 229]]

 [[110 229]]

 [[111 229]]

 [[112 229]]

 [[113 229]]

 [[114 228]]

 [[115 228]]

 [[116 229]]

 [[117 230]]

 [[118 231]]

 [[118 232]]

 [[118 233]]

 [[119 234]]

 [[118 235]]

 [[117 236]]

 [[117 237]]

 [[117 238]]

 [[118 239]]

 [[118 240]]

 [[118 241]]

 [[119 242]]

 [[119 243]]

 [[120 244]]

 [[120 245]]

 [[119 246]]

 [[119 247]]

 [[119 248]]

 [[119 249]]

 [[119 250]]

 [[119 251]]

 [[120 252]]

 [[119 253]]

 [[118 254]]

 [[117 254]]

 [[116 254]]

 [[115 254]]

 [[114 254]]

 [[114 255]]

 [[113 256]]

 [[114 257]]

 [[113 258]]

 [[114 258]]

 [[115 258]]

 [[116 258]]

 [[117 258]]

 [[118 258]]

 [[119 258]]

 [[120 258]]

 [[121 258]]

 [[122 258]]

 [[123 258]]

 [[124 258]]

 [[125 258]]

 [[126 258]]

 [[127 258]]

 [[128 258]]

 [[128 257]]

 [[128 256]]

 [[128 255]]

 [[129 254]]

 [[129 253]]

 [[129 252]]

 [[129 251]]

 [[130 250]]

 [[130 249]]

 [[130 248]]

 [[130 247]]

 [[130 246]]

 [[130 245]]

 [[130 244]]

 [[131 243]]

 [[131 242]]

 [[131 241]]

 [[131 240]]

 [[131 239]]

 [[131 238]]

 [[131 237]]

 [[131 236]]

 [[131 235]]

 [[131 234]]

 [[131 233]]

 [[130 232]]

 [[131 231]]

 [[132 230]]

 [[132 229]]

 [[132 228]]

 [[132 227]]

 [[132 226]]

 [[132 225]]

 [[133 224]]

 [[133 223]]

 [[133 222]]

 [[132 221]]

 [[131 220]]

 [[130 219]]

 [[129 218]]

 [[129 217]]

 [[129 216]]

 [[129 215]]

 [[129 214]]

 [[129 213]]

 [[129 212]]

 [[129 211]]

 [[128 210]]

 [[128 209]]

 [[128 208]]

 [[128 207]]

 [[128 206]]

 [[128 205]]

 [[128 204]]

 [[129 203]]

 [[128 202]]

 [[128 201]]

 [[128 200]]

 [[127 199]]

 [[127 198]]

 [[127 197]]

 [[127 196]]

 [[127 195]]

 [[127 194]]

 [[127 193]]

 [[127 192]]

 [[128 191]]

 [[128 190]]

 [[128 189]]

 [[128 188]]

 [[128 187]]

 [[128 186]]

 [[127 185]]

 [[127 184]]

 [[127 183]]

 [[126 183]]

 [[125 182]]

 [[124 181]]

 [[124 180]]

 [[124 179]]

 [[124 178]]

 [[124 177]]

 [[124 176]]

 [[124 175]]

 [[123 174]]

 [[122 173]]

 [[122 172]]

 [[122 171]]

 [[122 170]]

 [[122 169]]

 [[121 168]]

 [[121 167]]

 [[120 166]]

 [[119 165]]

 [[118 164]]

 [[117 163]]

 [[117 162]]

 [[117 161]]

 [[116 160]]

 [[116 159]]

 [[115 158]]

 [[114 157]]

 [[113 156]]

 [[113 155]]

 [[112 154]]

 [[111 153]]

 [[110 152]]

 [[109 152]]

 [[108 151]]

 [[108 150]]

 [[107 150]]

 [[106 149]]

 [[105 148]]

 [[104 148]]

 [[103 147]]

 [[103 146]]

 [[102 146]]

 [[101 145]]

 [[100 145]]

 [[ 99 146]]

 [[ 98 145]]

 [[ 97 145]]

 [[ 96 144]]

 [[ 95 143]]

 [[ 95 142]]

 [[ 94 141]]

 [[ 94 140]]

 [[ 93 140]]

 [[ 92 139]]

 [[ 91 138]]

 [[ 90 137]]

 [[ 89 136]]

 [[ 88 136]]

 [[ 87 136]]

 [[ 86 135]]

 [[ 85 135]]

 [[ 84 135]]

 [[ 83 134]]

 [[ 82 133]]

 [[ 82 132]]

 [[ 82 131]]

 [[ 81 130]]

 [[ 80 130]]

 [[ 79 130]]

 [[ 78 130]]

 [[ 77 130]]

 [[ 76 130]]

 [[ 75 129]]

 [[ 74 128]]

 [[ 73 127]]

 [[ 72 127]]

 [[ 71 128]]

 [[ 70 127]]

 [[ 69 127]]

 [[ 68 126]]

 [[ 67 125]]

 [[ 66 125]]

 [[ 65 125]]

 [[ 64 124]]

 [[ 63 124]]

 [[ 62 123]]

 [[ 61 122]]

 [[ 60 121]]

 [[ 59 120]]

 [[ 58 120]]

 [[ 57 120]]

 [[ 56 119]]

 [[ 55 119]]

 [[ 54 118]]

 [[ 53 117]]

 [[ 52 117]]

 [[ 51 116]]

 [[ 50 116]]

 [[ 49 116]]

 [[ 48 116]]

 [[ 47 116]]

 [[ 46 116]]

 [[ 45 115]]

 [[ 44 115]]

 [[ 43 114]]

 [[ 42 113]]

 [[ 41 113]]

 [[ 40 113]]

 [[ 39 113]]

 [[ 38 113]]

 [[ 37 112]]

 [[ 36 112]]

 [[ 35 112]]

 [[ 34 112]]

 [[ 33 112]]

 [[ 32 112]]

 [[ 31 112]]

 [[ 30 112]]

 [[ 29 112]]]
[[[  0   0]]

 [[241  56]]

 [[240  56]]

 ..., 
 [[245  56]]

 [[244  56]]

 [[243  56]]]
[[[  0   0]]

 [[118  40]]

 [[118  41]]

 [[117  42]]

 [[118  42]]

 [[119  43]]

 [[120  43]]

 [[121  43]]

 [[122  43]]

 [[123  43]]

 [[124  43]]

 [[125  43]]

 [[126  43]]

 [[127  44]]

 [[128  45]]

 [[129  45]]

 [[130  45]]

 [[131  45]]

 [[132  45]]

 [[133  45]]

 [[134  45]]

 [[135  45]]

 [[136  45]]

 [[137  46]]

 [[138  46]]

 [[139  45]]

 [[140  45]]

 [[141  45]]

 [[142  45]]

 [[143  44]]

 [[144  44]]

 [[145  44]]

 [[146  43]]

 [[147  43]]

 [[148  43]]

 [[149  43]]

 [[150  43]]

 [[151  44]]

 [[152  45]]

 [[153  46]]

 [[154  46]]

 [[155  46]]

 [[156  46]]

 [[157  45]]

 [[158  46]]

 [[159  46]]

 [[160  46]]

 [[161  46]]

 [[162  46]]

 [[163  46]]

 [[164  46]]

 [[165  47]]

 [[166  48]]

 [[166  49]]

 [[167  49]]

 [[168  48]]

 [[169  48]]

 [[170  48]]

 [[171  49]]

 [[172  49]]

 [[173  49]]

 [[174  50]]

 [[175  51]]

 [[176  51]]

 [[177  51]]

 [[178  51]]

 [[179  52]]

 [[180  52]]

 [[181  52]]

 [[182  52]]

 [[183  52]]

 [[184  53]]

 [[185  53]]

 [[186  53]]

 [[187  53]]

 [[188  53]]

 [[189  53]]

 [[190  53]]

 [[191  53]]

 [[192  54]]

 [[193  54]]

 [[194  54]]

 [[195  54]]

 [[196  54]]

 [[197  54]]

 [[198  54]]

 [[199  54]]

 [[200  55]]

 [[201  55]]

 [[202  55]]

 [[203  55]]

 [[204  55]]

 [[205  55]]

 [[206  54]]

 [[207  54]]

 [[208  54]]

 [[208  53]]

 [[207  52]]

 [[206  52]]

 [[205  51]]

 [[204  51]]

 [[203  51]]

 [[202  51]]

 [[201  50]]

 [[200  50]]

 [[199  49]]

 [[198  49]]

 [[197  49]]

 [[196  49]]

 [[195  49]]

 [[194  49]]

 [[193  49]]

 [[192  49]]

 [[191  49]]

 [[190  49]]

 [[189  49]]

 [[188  49]]

 [[187  49]]

 [[186  49]]

 [[185  49]]

 [[184  48]]

 [[183  48]]

 [[182  48]]

 [[181  47]]

 [[180  47]]

 [[179  46]]

 [[179  45]]

 [[178  45]]

 [[177  45]]

 [[176  45]]

 [[175  45]]

 [[174  45]]

 [[173  45]]

 [[172  45]]

 [[171  45]]

 [[170  45]]

 [[169  44]]

 [[168  43]]

 [[167  42]]

 [[166  42]]

 [[165  42]]

 [[164  42]]

 [[163  41]]

 [[162  41]]

 [[161  41]]

 [[160  41]]

 [[159  42]]

 [[158  42]]

 [[157  42]]

 [[156  42]]

 [[155  42]]

 [[154  41]]

 [[153  41]]

 [[152  41]]

 [[151  41]]

 [[150  40]]

 [[149  40]]

 [[148  40]]

 [[147  41]]

 [[146  40]]

 [[145  41]]

 [[144  41]]

 [[143  41]]

 [[142  41]]

 [[141  41]]

 [[140  41]]

 [[139  41]]

 [[138  41]]

 [[137  41]]

 [[136  41]]

 [[135  41]]

 [[134  41]]

 [[133  41]]

 [[132  41]]

 [[131  41]]

 [[130  41]]

 [[129  41]]

 [[128  41]]

 [[127  41]]

 [[126  41]]

 [[125  41]]

 [[124  40]]

 [[123  40]]

 [[122  39]]

 [[121  39]]

 [[120  39]]]
