[[[  0   0]]

 [[610  85]]

 [[610  86]]

 [[610  87]]

 [[609  88]]

 [[608  88]]

 [[607  88]]

 [[606  88]]

 [[605  88]]

 [[604  87]]

 [[603  88]]

 [[602  89]]

 [[601  90]]

 [[601  91]]

 [[602  92]]

 [[602  93]]

 [[603  94]]

 [[604  95]]

 [[604  96]]

 [[604  97]]

 [[604  98]]

 [[605  99]]

 [[606 100]]

 [[606 101]]

 [[605 102]]

 [[605 103]]

 [[604 104]]

 [[603 105]]

 [[603 106]]

 [[602 107]]

 [[602 108]]

 [[601 109]]

 [[600 110]]

 [[600 111]]

 [[599 112]]

 [[598 112]]

 [[597 111]]

 [[597 110]]

 [[596 109]]

 [[596 108]]

 [[596 107]]

 [[596 106]]

 [[596 105]]

 [[595 104]]

 [[595 103]]

 [[595 102]]

 [[596 101]]

 [[596 100]]

 [[596  99]]

 [[596  98]]

 [[596  97]]

 [[595  96]]

 [[595  95]]

 [[595  94]]

 [[595  93]]

 [[595  92]]

 [[595  91]]

 [[596  90]]

 [[596  89]]

 [[597  88]]

 [[598  88]]

 [[598  87]]

 [[599  86]]

 [[598  87]]

 [[597  87]]

 [[596  87]]

 [[595  87]]

 [[594  87]]

 [[593  87]]

 [[592  88]]

 [[591  89]]

 [[591  90]]

 [[591  91]]

 [[591  92]]

 [[591  93]]

 [[591  94]]

 [[591  95]]

 [[590  96]]

 [[590  97]]

 [[590  98]]

 [[589  99]]

 [[589 100]]

 [[589 101]]

 [[589 102]]

 [[588 103]]

 [[588 104]]

 [[588 105]]

 [[588 106]]

 [[588 107]]

 [[588 108]]

 [[588 109]]

 [[587 110]]

 [[587 111]]

 [[587 112]]

 [[588 112]]

 [[589 112]]

 [[590 113]]

 [[591 113]]

 [[592 113]]

 [[593 113]]

 [[594 113]]

 [[595 112]]

 [[596 113]]

 [[596 114]]

 [[596 115]]

 [[595 116]]

 [[595 117]]

 [[594 118]]

 [[593 119]]

 [[592 120]]

 [[592 121]]

 [[592 122]]

 [[593 122]]

 [[594 123]]

 [[595 123]]

 [[596 123]]

 [[597 123]]

 [[598 122]]

 [[599 122]]

 [[600 122]]

 [[601 122]]

 [[602 122]]

 [[603 122]]

 [[604 122]]

 [[605 122]]

 [[606 123]]

 [[607 123]]

 [[608 123]]

 [[608 122]]

 [[608 121]]

 [[608 120]]

 [[608 119]]

 [[608 118]]

 [[609 117]]

 [[609 116]]

 [[609 115]]

 [[608 114]]

 [[608 113]]

 [[608 112]]

 [[608 111]]

 [[608 110]]

 [[608 109]]

 [[608 108]]

 [[609 107]]

 [[610 106]]

 [[610 105]]

 [[610 104]]

 [[610 103]]

 [[610 102]]

 [[611 101]]

 [[611 100]]

 [[611  99]]

 [[611  98]]

 [[611  97]]

 [[612  96]]

 [[612  95]]

 [[612  94]]

 [[612  93]]

 [[612  92]]

 [[612  91]]

 [[612  90]]

 [[612  89]]

 [[612  88]]

 [[612  87]]

 [[612  86]]

 [[613  85]]

 [[612  84]]]
[[[  0   0]]

 [[427  22]]

 [[427  23]]

 [[426  24]]

 [[425  25]]

 [[425  26]]

 [[425  27]]

 [[424  28]]

 [[424  29]]

 [[424  30]]

 [[424  31]]

 [[424  32]]

 [[424  33]]

 [[424  34]]

 [[424  35]]

 [[424  36]]

 [[424  37]]

 [[424  38]]

 [[424  39]]

 [[424  40]]

 [[425  41]]

 [[425  42]]

 [[425  41]]

 [[424  40]]

 [[424  39]]

 [[424  38]]

 [[424  37]]

 [[424  36]]

 [[424  35]]

 [[424  34]]

 [[424  33]]

 [[424  32]]

 [[424  31]]

 [[424  30]]

 [[424  29]]

 [[425  28]]

 [[426  28]]

 [[427  29]]

 [[428  29]]

 [[429  30]]

 [[430  30]]

 [[431  31]]

 [[432  32]]

 [[432  33]]

 [[433  34]]

 [[432  35]]

 [[433  36]]

 [[433  37]]

 [[434  38]]

 [[434  39]]

 [[435  39]]

 [[436  39]]

 [[437  40]]

 [[438  40]]

 [[439  41]]

 [[439  42]]

 [[440  43]]

 [[441  44]]

 [[442  45]]

 [[442  46]]

 [[443  47]]

 [[443  48]]

 [[443  49]]

 [[443  50]]

 [[443  51]]

 [[444  52]]

 [[444  53]]

 [[445  54]]

 [[446  54]]

 [[447  53]]

 [[448  53]]

 [[449  53]]

 [[450  52]]

 [[450  51]]

 [[450  50]]

 [[449  49]]

 [[448  48]]

 [[448  47]]

 [[448  46]]

 [[449  45]]

 [[449  44]]

 [[449  43]]

 [[449  42]]

 [[450  41]]

 [[450  40]]

 [[450  39]]

 [[451  38]]

 [[450  37]]

 [[450  36]]

 [[449  36]]

 [[448  37]]

 [[448  38]]

 [[447  39]]

 [[446  39]]

 [[445  39]]

 [[444  39]]

 [[443  38]]

 [[442  37]]

 [[441  36]]

 [[441  35]]

 [[440  34]]

 [[440  33]]

 [[439  32]]

 [[438  31]]

 [[438  30]]

 [[438  29]]

 [[438  28]]

 [[438  27]]

 [[438  26]]

 [[438  25]]

 [[437  24]]

 [[438  25]]

 [[438  26]]

 [[438  27]]

 [[438  28]]

 [[438  29]]

 [[437  30]]

 [[437  31]]

 [[437  32]]

 [[436  33]]

 [[435  33]]

 [[434  32]]

 [[434  31]]

 [[433  30]]

 [[433  29]]

 [[432  29]]

 [[431  28]]

 [[432  27]]

 [[431  26]]

 [[431  25]]

 [[430  24]]

 [[429  23]]

 [[429  22]]]
[[[  0   0]]

 [[626  13]]

 [[626  14]]

 [[626  15]]

 [[627  16]]

 [[627  17]]

 [[627  18]]

 [[626  19]]

 [[626  20]]

 [[626  21]]

 [[625  22]]

 [[625  23]]

 [[624  24]]

 [[623  24]]

 [[622  25]]

 [[621  26]]

 [[621  27]]

 [[621  28]]

 [[621  29]]

 [[621  30]]

 [[621  31]]

 [[621  32]]

 [[620  33]]

 [[620  34]]

 [[620  35]]

 [[620  36]]

 [[620  37]]

 [[620  38]]

 [[620  39]]

 [[620  40]]

 [[620  41]]

 [[620  42]]

 [[620  43]]

 [[620  44]]

 [[620  45]]

 [[619  46]]

 [[619  47]]

 [[619  48]]

 [[618  49]]

 [[618  50]]

 [[618  51]]

 [[617  52]]

 [[617  53]]

 [[616  54]]

 [[615  55]]

 [[615  56]]

 [[615  57]]

 [[614  58]]

 [[614  59]]

 [[613  60]]

 [[612  61]]

 [[613  61]]

 [[614  61]]

 [[615  62]]

 [[615  63]]

 [[616  64]]

 [[616  65]]

 [[616  66]]

 [[615  67]]

 [[615  68]]

 [[614  69]]

 [[613  70]]

 [[613  71]]

 [[613  72]]

 [[612  73]]

 [[611  73]]

 [[611  74]]

 [[610  75]]

 [[609  75]]

 [[608  75]]

 [[607  75]]

 [[606  75]]

 [[605  74]]

 [[606  73]]

 [[605  73]]

 [[604  72]]

 [[603  73]]

 [[603  74]]

 [[604  75]]

 [[604  76]]

 [[605  76]]

 [[606  77]]

 [[607  77]]

 [[608  76]]

 [[609  76]]

 [[610  76]]

 [[611  76]]

 [[612  76]]

 [[613  76]]

 [[614  75]]

 [[615  76]]

 [[616  77]]

 [[617  77]]

 [[618  78]]

 [[618  79]]

 [[619  80]]

 [[620  80]]

 [[621  80]]

 [[622  80]]

 [[623  80]]

 [[624  79]]

 [[625  78]]

 [[625  77]]

 [[625  76]]

 [[625  75]]

 [[625  74]]

 [[625  73]]

 [[625  72]]

 [[625  71]]

 [[625  70]]

 [[625  69]]

 [[625  68]]

 [[625  67]]

 [[626  66]]

 [[626  65]]

 [[626  64]]

 [[626  63]]

 [[625  62]]

 [[625  61]]

 [[624  60]]

 [[623  59]]

 [[623  58]]

 [[623  57]]

 [[623  56]]

 [[623  55]]

 [[623  54]]

 [[623  53]]

 [[623  52]]

 [[623  51]]

 [[623  50]]

 [[623  49]]

 [[623  48]]

 [[623  47]]

 [[623  46]]

 [[623  45]]

 [[623  44]]

 [[624  43]]

 [[624  42]]

 [[624  41]]

 [[624  40]]

 [[624  39]]

 [[624  38]]

 [[624  37]]

 [[624  36]]

 [[625  35]]

 [[626  34]]

 [[627  33]]

 [[627  32]]

 [[627  31]]

 [[628  30]]

 [[628  29]]

 [[628  28]]

 [[628  27]]

 [[628  26]]

 [[628  25]]

 [[628  24]]

 [[629  23]]

 [[629  22]]

 [[629  21]]

 [[629  20]]

 [[629  19]]

 [[628  18]]

 [[629  17]]

 [[629  16]]

 [[629  15]]

 [[628  14]]

 [[627  13]]]
[[[  0   0]]

 [[431   2]]

 [[431   3]]

 [[430   4]]

 [[430   5]]

 [[430   6]]

 [[429   7]]

 [[429   8]]

 [[429   9]]

 [[429  10]]

 [[429  11]]

 [[429  12]]

 [[430  12]]

 [[431  12]]

 [[432  13]]

 [[433  13]]

 [[434  13]]

 [[435  13]]

 [[436  14]]

 [[437  14]]

 [[438  15]]

 [[438  16]]

 [[438  17]]

 [[438  18]]

 [[438  19]]

 [[438  20]]

 [[439  19]]

 [[440  19]]

 [[441  19]]

 [[442  19]]

 [[443  20]]

 [[443  21]]

 [[444  22]]

 [[445  23]]

 [[446  22]]

 [[447  22]]

 [[448  23]]

 [[449  24]]

 [[449  25]]

 [[450  26]]

 [[451  27]]

 [[451  28]]

 [[451  29]]

 [[450  30]]

 [[450  31]]

 [[450  32]]

 [[450  31]]

 [[451  30]]

 [[451  29]]

 [[451  28]]

 [[451  27]]

 [[451  26]]

 [[451  25]]

 [[451  24]]

 [[451  23]]

 [[452  22]]

 [[452  21]]

 [[452  20]]

 [[451  19]]

 [[451  18]]

 [[451  17]]

 [[451  16]]

 [[451  15]]

 [[450  14]]

 [[449  13]]

 [[448  12]]

 [[448  11]]

 [[449  10]]

 [[450   9]]

 [[451   8]]

 [[450   8]]

 [[449   8]]

 [[448   7]]

 [[447   8]]

 [[447   9]]

 [[447  10]]

 [[448  11]]

 [[448  12]]

 [[448  13]]

 [[448  14]]

 [[447  15]]

 [[448  16]]

 [[448  17]]

 [[448  18]]

 [[447  19]]

 [[447  20]]

 [[447  21]]

 [[446  22]]

 [[445  22]]

 [[444  22]]

 [[443  21]]

 [[443  20]]

 [[443  19]]

 [[443  18]]

 [[443  17]]

 [[442  16]]

 [[442  15]]

 [[442  14]]

 [[441  13]]

 [[441  12]]

 [[440  11]]

 [[440  10]]

 [[440   9]]

 [[441   8]]

 [[441   7]]

 [[441   6]]

 [[441   5]]

 [[441   4]]

 [[441   3]]

 [[441   2]]

 [[442   1]]

 [[443   1]]

 [[444   2]]

 [[445   2]]

 [[446   2]]

 [[447   1]]

 [[448   2]]

 [[449   3]]

 [[450   3]]

 [[451   3]]

 [[452   4]]

 [[453   4]]

 [[454   3]]

 [[455   2]]

 [[455   1]]

 [[454   1]]

 [[453   1]]

 [[452   1]]

 [[451   1]]

 [[450   1]]

 [[449   1]]

 [[448   1]]

 [[447   1]]

 [[446   1]]

 [[445   1]]

 [[444   1]]

 [[443   1]]

 [[442   1]]

 [[441   1]]

 [[440   1]]

 [[439   1]]

 [[438   1]]

 [[437   1]]

 [[436   1]]

 [[435   1]]

 [[434   1]]

 [[433   1]]

 [[432   1]]]
[[[  0   0]]

 [[331   2]]

 [[331   3]]

 [[330   4]]

 [[330   5]]

 [[331   6]]

 [[330   7]]

 [[330   8]]

 [[329   9]]

 [[329  10]]

 [[329  11]]

 [[329  12]]

 [[329  13]]

 [[329  14]]

 [[329  15]]

 [[329  16]]

 [[329  17]]

 [[330  18]]

 [[331  19]]

 [[331  20]]

 [[331  21]]

 [[331  22]]

 [[331  23]]

 [[331  24]]

 [[331  25]]

 [[332  26]]

 [[333  26]]

 [[334  27]]

 [[335  28]]

 [[335  29]]

 [[335  30]]

 [[336  31]]

 [[337  32]]

 [[337  33]]

 [[337  34]]

 [[337  35]]

 [[337  36]]

 [[338  37]]

 [[338  38]]

 [[338  39]]

 [[338  40]]

 [[338  41]]

 [[339  42]]

 [[339  43]]

 [[339  44]]

 [[339  45]]

 [[339  46]]

 [[340  47]]

 [[341  47]]

 [[342  47]]

 [[343  47]]

 [[343  46]]

 [[344  45]]

 [[345  44]]

 [[346  44]]

 [[347  43]]

 [[347  42]]

 [[347  41]]

 [[346  40]]

 [[346  39]]

 [[346  38]]

 [[345  37]]

 [[346  36]]

 [[347  36]]

 [[347  35]]

 [[347  34]]

 [[347  33]]

 [[347  32]]

 [[347  31]]

 [[347  30]]

 [[347  29]]

 [[347  28]]

 [[347  27]]

 [[348  26]]

 [[347  26]]

 [[346  25]]

 [[346  24]]

 [[346  23]]

 [[346  22]]

 [[346  21]]

 [[346  20]]

 [[347  19]]

 [[347  18]]

 [[347  17]]

 [[348  16]]

 [[348  15]]

 [[349  14]]

 [[349  13]]

 [[349  12]]

 [[349  11]]

 [[350  10]]

 [[350   9]]

 [[351   8]]

 [[352   7]]

 [[352   6]]

 [[352   5]]

 [[351   5]]

 [[350   5]]

 [[349   4]]

 [[348   3]]

 [[347   2]]

 [[348   1]]

 [[347   1]]

 [[346   1]]

 [[347   2]]

 [[347   3]]

 [[347   4]]

 [[347   5]]

 [[346   6]]

 [[346   7]]

 [[345   8]]

 [[344   9]]

 [[344  10]]

 [[345  11]]

 [[345  12]]

 [[346  13]]

 [[346  14]]

 [[345  15]]

 [[345  16]]

 [[345  17]]

 [[344  18]]

 [[344  19]]

 [[344  20]]

 [[344  21]]

 [[344  22]]

 [[344  23]]

 [[343  24]]

 [[343  25]]

 [[343  26]]

 [[342  27]]

 [[341  26]]

 [[341  25]]

 [[341  24]]

 [[340  23]]

 [[339  23]]

 [[338  23]]

 [[337  23]]

 [[336  23]]

 [[335  24]]

 [[334  23]]

 [[333  22]]

 [[332  21]]

 [[332  20]]

 [[333  19]]

 [[333  18]]

 [[333  17]]

 [[333  16]]

 [[333  15]]

 [[333  14]]

 [[332  13]]

 [[332  12]]

 [[333  11]]

 [[333  10]]

 [[333   9]]

 [[333   8]]

 [[332   7]]

 [[332   6]]

 [[332   5]]

 [[333   4]]

 [[333   3]]

 [[334   2]]

 [[335   1]]

 [[334   1]]

 [[333   1]]]
