[[[  0   0]]

 [[113 186]]

 [[112 187]]

 [[112 188]]

 [[111 189]]

 [[110 190]]

 [[110 191]]

 [[110 192]]

 [[111 193]]

 [[112 194]]

 [[112 195]]

 [[113 195]]

 [[114 196]]

 [[115 195]]

 [[116 195]]

 [[117 195]]

 [[118 195]]

 [[119 194]]

 [[120 194]]

 [[121 194]]

 [[122 194]]

 [[123 195]]

 [[124 195]]

 [[125 196]]

 [[126 197]]

 [[127 197]]

 [[128 197]]

 [[129 196]]

 [[129 195]]

 [[130 194]]

 [[131 194]]

 [[132 194]]

 [[133 194]]

 [[134 194]]

 [[135 193]]

 [[136 193]]

 [[137 192]]

 [[138 193]]

 [[139 193]]

 [[140 194]]

 [[140 195]]

 [[141 195]]

 [[142 195]]

 [[143 194]]

 [[144 195]]

 [[145 196]]

 [[146 196]]

 [[147 196]]

 [[148 196]]

 [[149 196]]

 [[150 197]]

 [[151 197]]

 [[152 197]]

 [[153 198]]

 [[154 198]]

 [[155 199]]

 [[156 198]]

 [[157 198]]

 [[158 197]]

 [[159 197]]

 [[160 197]]

 [[161 197]]

 [[162 196]]

 [[163 195]]

 [[164 195]]

 [[165 195]]

 [[166 195]]

 [[167 195]]

 [[168 196]]

 [[168 197]]

 [[169 198]]

 [[170 199]]

 [[170 200]]

 [[170 201]]

 [[170 202]]

 [[170 203]]

 [[170 202]]

 [[170 201]]

 [[171 200]]

 [[172 201]]

 [[172 202]]

 [[173 201]]

 [[174 201]]

 [[175 200]]

 [[176 199]]

 [[177 198]]

 [[177 197]]

 [[178 196]]

 [[179 196]]

 [[180 196]]

 [[181 197]]

 [[181 198]]

 [[182 198]]

 [[183 199]]

 [[184 199]]

 [[185 199]]

 [[186 199]]

 [[187 198]]

 [[188 198]]

 [[189 199]]

 [[190 199]]

 [[191 199]]

 [[192 199]]

 [[193 198]]

 [[194 197]]

 [[195 197]]

 [[196 196]]

 [[197 196]]

 [[198 195]]

 [[199 196]]

 [[200 197]]

 [[201 197]]

 [[202 197]]

 [[203 197]]

 [[204 197]]

 [[205 196]]

 [[206 195]]

 [[207 194]]

 [[208 193]]

 [[208 192]]

 [[208 191]]

 [[208 190]]

 [[207 190]]

 [[207 191]]

 [[206 192]]

 [[205 192]]

 [[204 192]]

 [[203 192]]

 [[202 192]]

 [[201 192]]

 [[200 191]]

 [[199 191]]

 [[198 191]]

 [[197 192]]

 [[196 192]]

 [[195 192]]

 [[194 192]]

 [[193 193]]

 [[192 192]]

 [[192 191]]

 [[191 191]]

 [[190 190]]

 [[190 189]]

 [[189 188]]

 [[189 187]]

 [[189 186]]

 [[188 186]]

 [[187 186]]

 [[187 187]]

 [[186 188]]

 [[185 188]]

 [[185 189]]

 [[184 190]]

 [[183 191]]

 [[182 191]]

 [[181 191]]

 [[180 191]]

 [[179 190]]

 [[178 191]]

 [[177 190]]

 [[177 189]]

 [[176 189]]

 [[175 188]]

 [[174 188]]

 [[173 187]]

 [[173 186]]

 [[172 185]]

 [[171 185]]

 [[170 185]]

 [[169 185]]

 [[168 185]]

 [[167 186]]

 [[166 186]]

 [[165 186]]

 [[164 185]]

 [[163 186]]

 [[163 187]]

 [[164 187]]

 [[165 187]]

 [[166 188]]

 [[166 189]]

 [[165 190]]

 [[164 190]]

 [[163 191]]

 [[162 190]]

 [[161 190]]

 [[160 190]]

 [[159 190]]

 [[158 191]]

 [[158 192]]

 [[157 193]]

 [[156 193]]

 [[155 193]]

 [[154 192]]

 [[154 191]]

 [[153 190]]

 [[153 189]]

 [[153 188]]

 [[152 187]]

 [[151 187]]

 [[151 188]]

 [[150 189]]

 [[149 189]]

 [[148 189]]

 [[147 190]]

 [[146 189]]

 [[145 189]]

 [[144 188]]

 [[143 188]]

 [[142 187]]

 [[141 187]]

 [[140 188]]

 [[139 188]]

 [[138 189]]

 [[137 189]]

 [[136 188]]

 [[135 188]]

 [[134 188]]

 [[133 188]]

 [[133 189]]

 [[132 190]]

 [[131 191]]

 [[130 190]]

 [[129 189]]

 [[129 188]]

 [[128 188]]

 [[127 188]]

 [[126 188]]

 [[125 187]]

 [[125 186]]

 [[124 186]]

 [[123 186]]

 [[122 186]]

 [[121 186]]

 [[120 186]]

 [[119 187]]

 [[118 187]]

 [[117 188]]

 [[116 188]]

 [[115 187]]

 [[114 186]]

 [[114 185]]]
[[[  0   0]]

 [[432 140]]

 [[431 141]]

 ..., 
 [[435 139]]

 [[434 139]]

 [[433 139]]]
