[[[  0   0]]

 [[532 202]]

 [[531 202]]

 [[530 202]]

 [[529 202]]

 [[528 202]]

 [[527 202]]

 [[526 202]]

 [[525 202]]

 [[524 202]]

 [[523 202]]

 [[522 202]]

 [[521 203]]

 [[520 203]]

 [[519 203]]

 [[518 203]]

 [[517 204]]

 [[516 204]]

 [[515 204]]

 [[514 204]]

 [[513 205]]

 [[512 205]]

 [[511 206]]

 [[510 207]]

 [[509 207]]

 [[508 208]]

 [[507 209]]

 [[506 209]]

 [[505 210]]

 [[504 211]]

 [[503 212]]

 [[502 213]]

 [[502 214]]

 [[501 215]]

 [[501 216]]

 [[500 217]]

 [[500 218]]

 [[499 219]]

 [[499 220]]

 [[499 221]]

 [[498 222]]

 [[498 223]]

 [[498 224]]

 [[497 225]]

 [[497 226]]

 [[497 227]]

 [[497 228]]

 [[496 229]]

 [[496 230]]

 [[496 231]]

 [[495 232]]

 [[495 233]]

 [[495 234]]

 [[494 235]]

 [[494 236]]

 [[494 237]]

 [[494 238]]

 [[493 239]]

 [[493 240]]

 [[492 241]]

 [[492 242]]

 [[492 243]]

 [[491 244]]

 [[491 245]]

 [[490 246]]

 [[490 247]]

 [[490 248]]

 [[490 249]]

 [[489 250]]

 [[489 251]]

 [[489 252]]

 [[489 253]]

 [[488 254]]

 [[488 255]]

 [[487 256]]

 [[487 257]]

 [[487 258]]

 [[488 258]]

 [[489 258]]

 [[490 258]]

 [[491 258]]

 [[492 258]]

 [[493 258]]

 [[494 258]]

 [[495 258]]

 [[495 257]]

 [[495 256]]

 [[495 255]]

 [[496 254]]

 [[496 253]]

 [[496 252]]

 [[496 251]]

 [[497 250]]

 [[497 249]]

 [[497 248]]

 [[498 247]]

 [[498 246]]

 [[498 245]]

 [[499 244]]

 [[499 243]]

 [[500 242]]

 [[499 241]]

 [[499 240]]

 [[499 239]]

 [[499 238]]

 [[500 237]]

 [[501 237]]

 [[501 236]]

 [[502 235]]

 [[502 234]]

 [[502 233]]

 [[503 232]]

 [[503 231]]

 [[503 230]]

 [[503 229]]

 [[504 228]]

 [[504 227]]

 [[504 226]]

 [[505 225]]

 [[505 224]]

 [[505 223]]

 [[506 222]]

 [[507 221]]

 [[507 220]]

 [[508 219]]

 [[509 218]]

 [[510 217]]

 [[511 216]]

 [[512 215]]

 [[513 214]]

 [[514 213]]

 [[515 213]]

 [[516 212]]

 [[517 212]]

 [[518 211]]

 [[519 211]]

 [[520 210]]

 [[521 210]]

 [[522 210]]

 [[523 210]]

 [[524 209]]

 [[525 209]]

 [[526 209]]

 [[527 209]]

 [[528 209]]

 [[529 209]]

 [[530 209]]

 [[531 209]]

 [[532 208]]

 [[533 208]]

 [[534 208]]

 [[535 208]]

 [[536 208]]

 [[537 208]]

 [[538 208]]

 [[539 208]]

 [[540 208]]

 [[541 208]]

 [[542 209]]

 [[543 209]]

 [[544 209]]

 [[545 209]]

 [[546 209]]

 [[547 209]]

 [[548 209]]

 [[549 209]]

 [[550 209]]

 [[551 210]]

 [[552 210]]

 [[553 210]]

 [[554 210]]

 [[555 211]]

 [[556 211]]

 [[557 211]]

 [[558 211]]

 [[559 211]]

 [[560 212]]

 [[561 212]]

 [[562 212]]

 [[563 212]]

 [[564 213]]

 [[565 213]]

 [[566 213]]

 [[567 214]]

 [[568 214]]

 [[569 215]]

 [[570 215]]

 [[571 215]]

 [[572 216]]

 [[573 216]]

 [[574 217]]

 [[575 217]]

 [[576 218]]

 [[577 218]]

 [[578 219]]

 [[579 219]]

 [[580 220]]

 [[581 220]]

 [[582 221]]

 [[583 221]]

 [[584 222]]

 [[585 222]]

 [[586 223]]

 [[587 223]]

 [[588 224]]

 [[589 224]]

 [[590 225]]

 [[591 226]]

 [[592 226]]

 [[593 227]]

 [[594 228]]

 [[595 228]]

 [[596 229]]

 [[597 230]]

 [[598 231]]

 [[599 231]]

 [[600 232]]

 [[601 233]]

 [[602 234]]

 [[603 235]]

 [[604 236]]

 [[605 236]]

 [[606 237]]

 [[607 238]]

 [[608 239]]

 [[608 240]]

 [[609 241]]

 [[610 242]]

 [[611 242]]

 [[612 243]]

 [[613 243]]

 [[614 244]]

 [[614 245]]

 [[615 246]]

 [[615 247]]

 [[615 248]]

 [[615 249]]

 [[615 250]]

 [[616 251]]

 [[615 252]]

 [[616 253]]

 [[615 254]]

 [[616 255]]

 [[616 256]]

 [[616 257]]

 [[616 258]]

 [[617 258]]

 [[618 258]]

 [[619 258]]

 [[620 258]]

 [[621 258]]

 [[622 258]]

 [[622 257]]

 [[622 256]]

 [[622 255]]

 [[622 254]]

 [[622 253]]

 [[622 252]]

 [[622 251]]

 [[622 250]]

 [[621 249]]

 [[621 248]]

 [[621 247]]

 [[620 246]]

 [[619 245]]

 [[618 244]]

 [[618 243]]

 [[617 242]]

 [[617 241]]

 [[616 240]]

 [[616 239]]

 [[616 238]]

 [[616 237]]

 [[615 237]]

 [[614 236]]

 [[613 236]]

 [[612 235]]

 [[611 234]]

 [[611 233]]

 [[610 232]]

 [[609 232]]

 [[608 231]]

 [[607 230]]

 [[606 229]]

 [[605 229]]

 [[604 228]]

 [[603 227]]

 [[602 227]]

 [[601 226]]

 [[600 225]]

 [[599 224]]

 [[598 223]]

 [[597 222]]

 [[596 221]]

 [[595 221]]

 [[594 220]]

 [[593 220]]

 [[592 219]]

 [[591 219]]

 [[590 218]]

 [[589 217]]

 [[588 217]]

 [[587 217]]

 [[586 216]]

 [[585 215]]

 [[584 215]]

 [[583 214]]

 [[582 214]]

 [[581 213]]

 [[580 213]]

 [[579 213]]

 [[578 213]]

 [[577 213]]

 [[576 212]]

 [[575 211]]

 [[574 211]]

 [[573 210]]

 [[572 210]]

 [[571 209]]

 [[570 209]]

 [[569 208]]

 [[568 208]]

 [[567 208]]

 [[566 208]]

 [[565 207]]

 [[564 207]]

 [[563 207]]

 [[562 206]]

 [[561 206]]

 [[560 206]]

 [[559 206]]

 [[558 206]]

 [[557 206]]

 [[556 205]]

 [[555 204]]

 [[554 204]]

 [[553 204]]

 [[552 203]]

 [[551 202]]

 [[550 202]]

 [[549 201]]

 [[548 201]]

 [[547 201]]

 [[546 202]]

 [[545 202]]

 [[544 202]]

 [[543 202]]

 [[542 202]]

 [[541 202]]

 [[540 202]]

 [[539 202]]

 [[538 202]]

 [[537 202]]

 [[536 202]]

 [[535 201]]

 [[534 201]]]
[[[  0   0]]

 [[ 57 163]]

 [[ 57 164]]

 [[ 57 165]]

 [[ 57 166]]

 [[ 57 167]]

 [[ 57 168]]

 [[ 57 169]]

 [[ 56 170]]

 [[ 56 171]]

 [[ 55 172]]

 [[ 54 173]]

 [[ 54 174]]

 [[ 53 175]]

 [[ 52 176]]

 [[ 51 176]]

 [[ 50 177]]

 [[ 49 178]]

 [[ 48 178]]

 [[ 47 179]]

 [[ 47 180]]

 [[ 46 181]]

 [[ 45 181]]

 [[ 44 182]]

 [[ 43 182]]

 [[ 42 183]]

 [[ 41 183]]

 [[ 40 184]]

 [[ 39 185]]

 [[ 38 185]]

 [[ 37 186]]

 [[ 36 186]]

 [[ 35 186]]

 [[ 34 187]]

 [[ 33 187]]

 [[ 32 187]]

 [[ 31 188]]

 [[ 30 188]]

 [[ 29 188]]

 [[ 28 189]]

 [[ 27 189]]

 [[ 26 189]]

 [[ 25 190]]

 [[ 24 190]]

 [[ 23 191]]

 [[ 22 191]]

 [[ 21 191]]

 [[ 20 191]]

 [[ 19 191]]

 [[ 18 191]]

 [[ 17 192]]

 [[ 16 192]]

 [[ 15 192]]

 [[ 14 192]]

 [[ 13 193]]

 [[ 12 193]]

 [[ 11 193]]

 [[ 10 193]]

 [[  9 193]]

 [[  8 193]]

 [[  7 193]]

 [[  6 193]]

 [[  5 193]]

 [[  4 193]]

 [[  3 193]]

 [[  2 193]]

 [[  1 193]]

 [[  1 194]]

 [[  1 195]]

 [[  1 196]]

 [[  1 197]]

 [[  1 198]]

 [[  1 199]]

 [[  1 200]]

 [[  2 200]]

 [[  3 201]]

 [[  4 201]]

 [[  5 202]]

 [[  5 203]]

 [[  4 204]]

 [[  4 205]]

 [[  4 206]]

 [[  4 207]]

 [[  4 208]]

 [[  4 209]]

 [[  4 210]]

 [[  5 210]]

 [[  6 211]]

 [[  7 211]]

 [[  8 211]]

 [[  9 211]]

 [[ 10 212]]

 [[ 11 212]]

 [[ 12 211]]

 [[ 13 211]]

 [[ 14 212]]

 [[ 15 212]]

 [[ 16 212]]

 [[ 17 212]]

 [[ 18 212]]

 [[ 19 212]]

 [[ 20 212]]

 [[ 21 212]]

 [[ 22 212]]

 [[ 23 211]]

 [[ 24 211]]

 [[ 25 211]]

 [[ 26 210]]

 [[ 27 210]]

 [[ 28 210]]

 [[ 29 210]]

 [[ 30 210]]

 [[ 31 209]]

 [[ 32 208]]

 [[ 33 208]]

 [[ 34 208]]

 [[ 35 208]]

 [[ 36 208]]

 [[ 37 207]]

 [[ 38 207]]

 [[ 39 207]]

 [[ 40 206]]

 [[ 41 206]]

 [[ 42 206]]

 [[ 43 205]]

 [[ 44 205]]

 [[ 45 204]]

 [[ 46 203]]

 [[ 47 203]]

 [[ 48 203]]

 [[ 49 202]]

 [[ 50 201]]

 [[ 51 201]]

 [[ 52 200]]

 [[ 53 199]]

 [[ 54 198]]

 [[ 55 198]]

 [[ 56 197]]

 [[ 57 197]]

 [[ 58 196]]

 [[ 59 195]]

 [[ 60 195]]

 [[ 61 194]]

 [[ 62 193]]

 [[ 63 192]]

 [[ 63 191]]

 [[ 63 190]]

 [[ 64 189]]

 [[ 63 188]]

 [[ 63 187]]

 [[ 63 186]]

 [[ 63 185]]

 [[ 63 184]]

 [[ 63 183]]

 [[ 63 182]]

 [[ 63 181]]

 [[ 63 180]]

 [[ 63 179]]

 [[ 63 178]]

 [[ 62 177]]

 [[ 62 176]]

 [[ 62 175]]

 [[ 62 174]]

 [[ 61 173]]

 [[ 60 172]]

 [[ 60 171]]

 [[ 59 170]]

 [[ 59 169]]

 [[ 59 168]]

 [[ 58 167]]

 [[ 58 166]]

 [[ 58 165]]

 [[ 58 164]]

 [[ 58 163]]

 [[ 58 162]]]
[[[  0   0]]

 [[ 42 123]]

 [[ 41 123]]

 [[ 40 124]]

 [[ 40 125]]

 [[ 39 126]]

 [[ 38 127]]

 [[ 37 128]]

 [[ 36 129]]

 [[ 35 129]]

 [[ 34 130]]

 [[ 33 130]]

 [[ 32 131]]

 [[ 31 131]]

 [[ 30 132]]

 [[ 29 132]]

 [[ 28 133]]

 [[ 27 134]]

 [[ 26 134]]

 [[ 25 134]]

 [[ 24 134]]

 [[ 23 135]]

 [[ 22 135]]

 [[ 21 136]]

 [[ 20 136]]

 [[ 19 137]]

 [[ 18 137]]

 [[ 17 138]]

 [[ 16 138]]

 [[ 15 138]]

 [[ 14 138]]

 [[ 13 138]]

 [[ 12 138]]

 [[ 11 139]]

 [[ 10 139]]

 [[  9 139]]

 [[  8 140]]

 [[  7 140]]

 [[  6 140]]

 [[  5 141]]

 [[  4 141]]

 [[  3 141]]

 [[  2 141]]

 [[  1 141]]

 [[  1 142]]

 [[  1 143]]

 [[  1 144]]

 [[  1 145]]

 [[  1 146]]

 [[  1 147]]

 [[  1 148]]

 [[  2 148]]

 [[  3 148]]

 [[  4 148]]

 [[  5 148]]

 [[  6 147]]

 [[  7 147]]

 [[  8 147]]

 [[  9 146]]

 [[ 10 147]]

 [[ 11 146]]

 [[ 12 146]]

 [[ 13 145]]

 [[ 14 145]]

 [[ 15 146]]

 [[ 16 146]]

 [[ 17 146]]

 [[ 18 145]]

 [[ 19 144]]

 [[ 20 144]]

 [[ 21 143]]

 [[ 22 143]]

 [[ 23 143]]

 [[ 24 142]]

 [[ 25 142]]

 [[ 26 142]]

 [[ 27 141]]

 [[ 28 141]]

 [[ 29 140]]

 [[ 30 140]]

 [[ 31 139]]

 [[ 32 139]]

 [[ 33 139]]

 [[ 34 139]]

 [[ 35 138]]

 [[ 36 138]]

 [[ 37 138]]

 [[ 38 138]]

 [[ 39 139]]

 [[ 39 140]]

 [[ 39 141]]

 [[ 39 142]]

 [[ 38 143]]

 [[ 38 144]]

 [[ 37 145]]

 [[ 36 145]]

 [[ 35 145]]

 [[ 34 146]]

 [[ 33 147]]

 [[ 32 147]]

 [[ 31 148]]

 [[ 30 149]]

 [[ 29 149]]

 [[ 28 149]]

 [[ 27 150]]

 [[ 26 150]]

 [[ 25 151]]

 [[ 24 151]]

 [[ 23 151]]

 [[ 22 152]]

 [[ 21 152]]

 [[ 20 152]]

 [[ 19 152]]

 [[ 18 152]]

 [[ 17 152]]

 [[ 17 153]]

 [[ 16 154]]

 [[ 15 154]]

 [[ 14 155]]

 [[ 13 155]]

 [[ 12 155]]

 [[ 11 155]]

 [[ 10 155]]

 [[  9 155]]

 [[  8 155]]

 [[  7 155]]

 [[  6 155]]

 [[  5 156]]

 [[  4 156]]

 [[  3 156]]

 [[  2 156]]

 [[  1 156]]

 [[  1 157]]

 [[  1 158]]

 [[  1 159]]

 [[  1 160]]

 [[  1 161]]

 [[  1 162]]

 [[  1 163]]

 [[  1 164]]

 [[  2 164]]

 [[  3 164]]

 [[  4 164]]

 [[  5 164]]

 [[  6 164]]

 [[  7 164]]

 [[  8 163]]

 [[  9 163]]

 [[ 10 163]]

 [[ 11 163]]

 [[ 12 163]]

 [[ 13 162]]

 [[ 14 162]]

 [[ 15 161]]

 [[ 16 161]]

 [[ 17 161]]

 [[ 18 161]]

 [[ 19 160]]

 [[ 20 160]]

 [[ 21 160]]

 [[ 22 160]]

 [[ 23 160]]

 [[ 24 159]]

 [[ 25 159]]

 [[ 26 158]]

 [[ 27 158]]

 [[ 28 158]]

 [[ 29 157]]

 [[ 30 157]]

 [[ 31 156]]

 [[ 32 156]]

 [[ 33 156]]

 [[ 34 155]]

 [[ 35 155]]

 [[ 36 154]]

 [[ 37 153]]

 [[ 38 152]]

 [[ 39 152]]

 [[ 40 151]]

 [[ 41 151]]

 [[ 42 151]]

 [[ 43 150]]

 [[ 44 150]]

 [[ 45 149]]

 [[ 46 148]]

 [[ 47 148]]

 [[ 47 147]]

 [[ 48 146]]

 [[ 49 145]]

 [[ 49 144]]

 [[ 50 143]]

 [[ 50 142]]

 [[ 50 141]]

 [[ 50 140]]

 [[ 49 139]]

 [[ 49 138]]

 [[ 48 137]]

 [[ 48 136]]

 [[ 48 135]]

 [[ 48 134]]

 [[ 47 133]]

 [[ 47 132]]

 [[ 47 131]]

 [[ 47 130]]

 [[ 46 129]]

 [[ 46 128]]

 [[ 46 127]]

 [[ 46 126]]

 [[ 45 125]]

 [[ 45 124]]

 [[ 45 123]]

 [[ 44 123]]]
[[[  0   0]]

 [[546 109]]

 [[546 110]]

 [[546 111]]

 [[546 112]]

 [[546 113]]

 [[545 114]]

 [[545 115]]

 [[545 116]]

 [[545 117]]

 [[545 118]]

 [[545 119]]

 [[545 120]]

 [[545 121]]

 [[545 122]]

 [[545 123]]

 [[545 124]]

 [[546 125]]

 [[547 126]]

 [[548 126]]

 [[549 127]]

 [[550 127]]

 [[551 127]]

 [[552 128]]

 [[553 128]]

 [[554 128]]

 [[555 129]]

 [[556 129]]

 [[557 129]]

 [[558 129]]

 [[559 130]]

 [[560 130]]

 [[561 131]]

 [[562 131]]

 [[563 131]]

 [[564 132]]

 [[565 132]]

 [[566 132]]

 [[567 133]]

 [[568 133]]

 [[569 134]]

 [[570 134]]

 [[571 134]]

 [[572 134]]

 [[573 135]]

 [[574 135]]

 [[575 135]]

 [[576 136]]

 [[577 136]]

 [[578 136]]

 [[579 136]]

 [[580 137]]

 [[581 137]]

 [[582 137]]

 [[583 137]]

 [[584 137]]

 [[585 137]]

 [[586 137]]

 [[587 137]]

 [[588 137]]

 [[589 137]]

 [[590 137]]

 [[591 137]]

 [[592 136]]

 [[593 136]]

 [[594 136]]

 [[595 135]]

 [[595 134]]

 [[595 133]]

 [[595 132]]

 [[596 131]]

 [[596 130]]

 [[596 129]]

 [[597 128]]

 [[597 127]]

 [[597 126]]

 [[598 125]]

 [[598 124]]

 [[599 123]]

 [[599 122]]

 [[599 121]]

 [[599 120]]

 [[599 119]]

 [[599 118]]

 [[598 118]]

 [[597 119]]

 [[596 119]]

 [[595 119]]

 [[594 120]]

 [[593 120]]

 [[592 120]]

 [[591 120]]

 [[590 121]]

 [[589 121]]

 [[588 121]]

 [[587 121]]

 [[586 121]]

 [[585 120]]

 [[584 120]]

 [[583 120]]

 [[582 120]]

 [[581 119]]

 [[580 119]]

 [[579 119]]

 [[578 119]]

 [[577 119]]

 [[576 118]]

 [[575 118]]

 [[574 117]]

 [[573 117]]

 [[572 117]]

 [[571 116]]

 [[570 116]]

 [[569 116]]

 [[568 115]]

 [[567 115]]

 [[566 115]]

 [[565 114]]

 [[564 114]]

 [[563 114]]

 [[562 113]]

 [[561 113]]

 [[560 113]]

 [[559 112]]

 [[558 112]]

 [[557 111]]

 [[556 111]]

 [[555 111]]

 [[554 110]]

 [[553 110]]

 [[552 109]]

 [[551 109]]

 [[550 108]]

 [[549 108]]

 [[548 108]]]
[[[  0   0]]

 [[439 108]]

 [[438 109]]

 ..., 
 [[441 109]]

 [[440 108]]

 [[440 107]]]
[[[  0   0]]

 [[444  77]]

 [[443  78]]

 [[443  79]]

 [[443  80]]

 [[443  81]]

 [[443  82]]

 [[443  83]]

 [[443  84]]

 [[443  85]]

 [[443  86]]

 [[443  87]]

 [[442  88]]

 [[442  89]]

 [[442  90]]

 [[443  91]]

 [[444  92]]

 [[445  93]]

 [[446  93]]

 [[447  93]]

 [[448  94]]

 [[449  94]]

 [[450  95]]

 [[451  95]]

 [[452  95]]

 [[453  96]]

 [[454  96]]

 [[455  96]]

 [[456  97]]

 [[457  97]]

 [[458  97]]

 [[459  97]]

 [[460  98]]

 [[461  98]]

 [[462  98]]

 [[463  98]]

 [[464  99]]

 [[465  99]]

 [[466  99]]

 [[467  99]]

 [[468  99]]

 [[469  99]]

 [[470  99]]

 [[471 100]]

 [[472 100]]

 [[473 100]]

 [[474 100]]

 [[475 100]]

 [[476 100]]

 [[477 100]]

 [[478 100]]

 [[479 100]]

 [[480 100]]

 [[481 100]]

 [[482 100]]

 [[483 100]]

 [[484 100]]

 [[485  99]]

 [[485  98]]

 [[486  97]]

 [[487  97]]

 [[488  98]]

 [[488  99]]

 [[489  99]]

 [[490 100]]

 [[490 101]]

 [[491 102]]

 [[491 103]]

 [[492 103]]

 [[493 104]]

 [[494 104]]

 [[495 104]]

 [[496 105]]

 [[497 105]]

 [[498 105]]

 [[499 105]]

 [[500 106]]

 [[501 106]]

 [[502 106]]

 [[503 107]]

 [[504 107]]

 [[505 108]]

 [[506 108]]

 [[507 108]]

 [[508 108]]

 [[509 109]]

 [[510 109]]

 [[511 109]]

 [[512 110]]

 [[513 110]]

 [[514 110]]

 [[515 111]]

 [[516 111]]

 [[517 111]]

 [[518 112]]

 [[519 112]]

 [[520 112]]

 [[521 112]]

 [[522 113]]

 [[523 113]]

 [[524 113]]

 [[525 113]]

 [[526 113]]

 [[527 113]]

 [[528 113]]

 [[529 113]]

 [[530 113]]

 [[531 113]]

 [[532 113]]

 [[533 113]]

 [[534 113]]

 [[535 113]]

 [[536 113]]

 [[537 112]]

 [[538 112]]

 [[539 111]]

 [[540 111]]

 [[540 110]]

 [[541 109]]

 [[541 108]]

 [[541 107]]

 [[541 106]]

 [[542 105]]

 [[542 104]]

 [[543 103]]

 [[542 103]]

 [[541 103]]

 [[540 103]]

 [[539 103]]

 [[538 103]]

 [[537 103]]

 [[536 104]]

 [[535 104]]

 [[534 104]]

 [[533 104]]

 [[532 104]]

 [[531 104]]

 [[530 104]]

 [[529 104]]

 [[528 104]]

 [[527 103]]

 [[526 103]]

 [[525 103]]

 [[524 103]]

 [[523 102]]

 [[522 102]]

 [[521 102]]

 [[520 102]]

 [[519 101]]

 [[518 101]]

 [[517 101]]

 [[516 100]]

 [[515 100]]

 [[514 100]]

 [[513  99]]

 [[512  99]]

 [[511  99]]

 [[510  98]]

 [[509  98]]

 [[508  98]]

 [[507  98]]

 [[506  97]]

 [[505  97]]

 [[504  97]]

 [[503  96]]

 [[502  96]]

 [[501  96]]

 [[500  95]]

 [[499  95]]

 [[498  95]]

 [[497  94]]

 [[496  94]]

 [[495  94]]

 [[494  93]]

 [[493  93]]

 [[492  94]]

 [[491  95]]

 [[490  96]]

 [[489  96]]

 [[488  95]]

 [[488  94]]

 [[488  93]]

 [[488  92]]

 [[489  91]]

 [[489  90]]

 [[489  89]]

 [[489  88]]

 [[489  87]]

 [[489  86]]

 [[488  86]]

 [[487  86]]

 [[486  86]]

 [[485  86]]

 [[484  86]]

 [[483  86]]

 [[482  86]]

 [[481  86]]

 [[480  86]]

 [[479  86]]

 [[478  86]]

 [[477  86]]

 [[476  86]]

 [[475  85]]

 [[474  85]]

 [[473  85]]

 [[472  85]]

 [[471  85]]

 [[470  85]]

 [[469  84]]

 [[468  84]]

 [[467  84]]

 [[466  84]]

 [[465  84]]

 [[464  83]]

 [[463  83]]

 [[462  83]]

 [[461  83]]

 [[460  82]]

 [[459  82]]

 [[458  82]]

 [[457  81]]

 [[456  81]]

 [[455  81]]

 [[454  80]]

 [[453  80]]

 [[452  79]]

 [[451  79]]

 [[450  78]]

 [[449  78]]

 [[448  78]]

 [[447  77]]

 [[446  76]]

 [[445  76]]]
[[[  0   0]]

 [[607   2]]

 [[606   3]]

 [[605   4]]

 [[605   5]]

 [[605   6]]

 [[604   7]]

 [[603   7]]

 [[602   7]]

 [[601   8]]

 [[600   8]]

 [[599   8]]

 [[598   8]]

 [[597   8]]

 [[596   8]]

 [[595   8]]

 [[594   7]]

 [[593   7]]

 [[592   7]]

 [[591   6]]

 [[590   5]]

 [[589   5]]

 [[588   4]]

 [[588   3]]

 [[587   4]]

 [[587   5]]

 [[587   6]]

 [[586   7]]

 [[586   8]]

 [[585   9]]

 [[584   9]]

 [[583   9]]

 [[582   9]]

 [[581  10]]

 [[581  11]]

 [[581  12]]

 [[580  13]]

 [[579  14]]

 [[578  14]]

 [[577  14]]

 [[576  14]]

 [[575  14]]

 [[574  13]]

 [[573  12]]

 [[572  12]]

 [[571  12]]

 [[570  13]]

 [[571  14]]

 [[572  14]]

 [[573  14]]

 [[574  14]]

 [[575  14]]

 [[576  14]]

 [[577  15]]

 [[577  16]]

 [[578  16]]

 [[579  17]]

 [[579  16]]

 [[580  15]]

 [[579  14]]

 [[580  13]]

 [[581  12]]

 [[582  13]]

 [[583  12]]

 [[584  12]]

 [[585  12]]

 [[586  13]]

 [[587  14]]

 [[588  15]]

 [[589  15]]

 [[590  15]]

 [[591  15]]

 [[592  15]]

 [[593  15]]

 [[594  16]]

 [[595  17]]

 [[596  17]]

 [[597  18]]

 [[598  17]]

 [[599  16]]

 [[600  16]]

 [[601  17]]

 [[602  17]]

 [[603  16]]

 [[604  15]]

 [[605  15]]

 [[606  16]]

 [[606  17]]

 [[606  18]]

 [[605  19]]

 [[604  19]]

 [[605  19]]

 [[606  19]]

 [[607  19]]

 [[608  20]]

 [[609  21]]

 [[610  21]]

 [[611  22]]

 [[612  22]]

 [[613  22]]

 [[614  22]]

 [[615  22]]

 [[616  22]]

 [[617  23]]

 [[618  24]]

 [[619  24]]

 [[620  24]]

 [[621  24]]

 [[622  24]]

 [[623  25]]

 [[624  25]]

 [[625  25]]

 [[626  26]]

 [[627  26]]

 [[628  26]]

 [[629  26]]

 [[630  26]]

 [[631  26]]

 [[632  27]]

 [[633  28]]

 [[634  28]]

 [[635  29]]

 [[636  30]]

 [[637  31]]

 [[638  31]]

 [[638  30]]

 [[638  29]]

 [[638  28]]

 [[638  27]]

 [[638  26]]

 [[637  26]]

 [[636  25]]

 [[635  26]]

 [[634  26]]

 [[633  26]]

 [[632  25]]

 [[631  24]]

 [[631  23]]

 [[632  22]]

 [[633  21]]

 [[634  20]]

 [[635  20]]

 [[636  21]]

 [[637  22]]

 [[638  22]]

 [[638  21]]

 [[638  20]]

 [[638  19]]

 [[638  18]]

 [[637  19]]

 [[636  19]]

 [[635  19]]

 [[634  18]]

 [[633  17]]

 [[633  16]]

 [[633  15]]

 [[634  14]]

 [[633  15]]

 [[633  16]]

 [[633  17]]

 [[633  18]]

 [[632  19]]

 [[631  20]]

 [[630  20]]

 [[629  19]]

 [[628  19]]

 [[629  20]]

 [[629  21]]

 [[628  22]]

 [[627  23]]

 [[626  22]]

 [[625  22]]

 [[624  21]]

 [[624  20]]

 [[623  19]]

 [[622  19]]

 [[621  19]]

 [[620  19]]

 [[619  18]]

 [[618  17]]

 [[619  16]]

 [[620  16]]

 [[621  15]]

 [[622  15]]

 [[621  14]]

 [[620  14]]

 [[619  14]]

 [[618  15]]

 [[617  14]]

 [[616  14]]

 [[615  13]]

 [[614  13]]

 [[613  13]]

 [[612  12]]

 [[611  11]]

 [[610  10]]

 [[611   9]]

 [[612   8]]

 [[613   7]]

 [[614   6]]

 [[614   5]]

 [[614   4]]

 [[614   3]]

 [[615   2]]

 [[615   1]]

 [[614   1]]

 [[613   1]]

 [[612   1]]

 [[611   1]]

 [[610   1]]

 [[609   1]]

 [[608   1]]]
