[[[  0   0]]

 [[558  19]]

 [[557  20]]

 [[557  21]]

 [[556  22]]

 [[557  23]]

 [[558  24]]

 [[558  25]]

 [[559  26]]

 [[559  27]]

 [[559  28]]

 [[560  29]]

 [[560  30]]

 [[560  31]]

 [[560  32]]

 [[561  33]]

 [[561  34]]

 [[561  35]]

 [[562  36]]

 [[563  37]]

 [[564  37]]

 [[565  37]]

 [[566  37]]

 [[567  37]]

 [[568  37]]

 [[569  37]]

 [[570  37]]

 [[571  38]]

 [[572  38]]

 [[573  38]]

 [[574  38]]

 [[575  38]]

 [[576  38]]

 [[577  37]]

 [[578  37]]

 [[579  37]]

 [[580  36]]

 [[581  36]]

 [[582  35]]

 [[583  34]]

 [[583  33]]

 [[583  32]]

 [[584  31]]

 [[585  30]]

 [[586  29]]

 [[586  28]]

 [[587  27]]

 [[588  28]]

 [[588  27]]

 [[589  26]]

 [[590  27]]

 [[591  28]]

 [[592  28]]

 [[593  29]]

 [[593  30]]

 [[594  30]]

 [[595  29]]

 [[596  29]]

 [[597  29]]

 [[598  29]]

 [[599  29]]

 [[600  29]]

 [[601  29]]

 [[602  28]]

 [[603  29]]

 [[604  29]]

 [[605  29]]

 [[606  29]]

 [[607  29]]

 [[608  28]]

 [[609  29]]

 [[610  28]]

 [[611  29]]

 [[612  29]]

 [[613  29]]

 [[614  30]]

 [[615  30]]

 [[616  30]]

 [[617  31]]

 [[618  31]]

 [[619  30]]

 [[619  29]]

 [[618  29]]

 [[617  29]]

 [[616  28]]

 [[616  27]]

 [[616  26]]

 [[615  25]]

 [[614  25]]

 [[613  25]]

 [[612  25]]

 [[611  25]]

 [[610  24]]

 [[609  24]]

 [[608  24]]

 [[607  24]]

 [[606  24]]

 [[605  24]]

 [[604  24]]

 [[603  24]]

 [[602  24]]

 [[601  24]]

 [[600  24]]

 [[599  23]]

 [[598  23]]

 [[597  23]]

 [[596  23]]

 [[595  23]]

 [[594  23]]

 [[593  22]]

 [[592  22]]

 [[591  22]]

 [[590  21]]

 [[589  21]]

 [[588  22]]

 [[587  22]]

 [[586  21]]

 [[585  21]]

 [[584  21]]

 [[583  21]]

 [[582  21]]

 [[581  21]]

 [[580  20]]

 [[579  20]]

 [[578  19]]

 [[577  19]]

 [[576  19]]

 [[575  19]]

 [[574  19]]

 [[573  19]]

 [[572  19]]

 [[571  19]]

 [[570  19]]

 [[569  19]]

 [[568  19]]

 [[567  19]]

 [[566  18]]

 [[565  18]]

 [[564  18]]

 [[563  18]]

 [[562  18]]

 [[561  18]]

 [[560  18]]]
[[[  0   0]]

 [[565  20]]

 [[566  20]]

 [[567  20]]

 [[568  20]]

 [[569  20]]

 [[570  20]]

 [[571  20]]

 [[572  20]]

 [[573  20]]

 [[574  21]]

 [[575  21]]

 [[576  21]]

 [[577  21]]

 [[578  22]]

 [[579  23]]

 [[580  24]]

 [[580  25]]

 [[581  26]]

 [[582  27]]

 [[582  28]]

 [[582  29]]

 [[581  30]]

 [[581  31]]

 [[581  32]]

 [[580  33]]

 [[579  34]]

 [[578  35]]

 [[577  36]]

 [[576  35]]

 [[575  35]]

 [[574  35]]

 [[573  36]]

 [[572  36]]

 [[571  36]]

 [[570  37]]

 [[569  37]]

 [[568  37]]

 [[567  37]]

 [[566  37]]

 [[565  36]]

 [[564  36]]

 [[563  35]]

 [[563  34]]

 [[563  33]]

 [[562  32]]

 [[562  31]]

 [[561  30]]

 [[561  29]]

 [[561  28]]

 [[562  27]]

 [[562  26]]

 [[563  25]]

 [[563  24]]

 [[563  23]]

 [[563  22]]]
[[[  0   0]]

 [[187  18]]

 [[186  18]]

 [[185  18]]

 [[184  18]]

 [[183  18]]

 [[182  18]]

 [[181  19]]

 [[180  19]]

 [[179  19]]

 [[178  19]]

 [[177  19]]

 [[176  20]]

 [[175  20]]

 [[174  20]]

 [[173  20]]

 [[172  21]]

 [[171  21]]

 [[170  21]]

 [[169  22]]

 [[168  22]]

 [[167  22]]

 [[166  22]]

 [[165  22]]

 [[164  22]]

 [[163  22]]

 [[162  22]]

 [[161  23]]

 [[160  23]]

 [[159  23]]

 [[158  23]]

 [[157  24]]

 [[156  24]]

 [[155  24]]

 [[154  24]]

 [[153  25]]

 [[152  25]]

 [[151  25]]

 [[150  25]]

 [[149  25]]

 [[148  25]]

 [[147  25]]

 [[146  25]]

 [[145  25]]

 [[144  25]]

 [[143  25]]

 [[142  26]]

 [[141  26]]

 [[140  26]]

 [[139  26]]

 [[138  26]]

 [[137  26]]

 [[136  26]]

 [[136  27]]

 [[136  28]]

 [[135  29]]

 [[134  30]]

 [[133  30]]

 [[132  30]]

 [[131  30]]

 [[130  30]]

 [[129  31]]

 [[128  31]]

 [[127  31]]

 [[126  31]]

 [[125  31]]

 [[124  32]]

 [[123  32]]

 [[122  32]]

 [[121  32]]

 [[120  32]]

 [[119  33]]

 [[118  33]]

 [[117  33]]

 [[116  33]]

 [[115  33]]

 [[114  33]]

 [[113  33]]

 [[112  33]]

 [[111  33]]

 [[110  33]]

 [[109  33]]

 [[108  33]]

 [[107  33]]

 [[106  34]]

 [[105  34]]

 [[104  35]]

 [[104  36]]

 [[104  37]]

 [[105  38]]

 [[105  39]]

 [[106  39]]

 [[107  39]]

 [[108  39]]

 [[109  39]]

 [[110  39]]

 [[111  39]]

 [[112  39]]

 [[113  39]]

 [[114  39]]

 [[115  39]]

 [[116  39]]

 [[117  38]]

 [[118  38]]

 [[119  38]]

 [[120  38]]

 [[121  38]]

 [[122  37]]

 [[123  37]]

 [[124  36]]

 [[125  35]]

 [[126  35]]

 [[127  34]]

 [[128  34]]

 [[129  34]]

 [[130  34]]

 [[131  34]]

 [[132  34]]

 [[133  34]]

 [[134  34]]

 [[135  33]]

 [[136  32]]

 [[137  31]]

 [[138  31]]

 [[139  31]]

 [[140  31]]

 [[141  31]]

 [[142  30]]

 [[143  30]]

 [[144  30]]

 [[145  30]]

 [[146  30]]

 [[147  30]]

 [[148  29]]

 [[149  29]]

 [[150  29]]

 [[151  28]]

 [[152  28]]

 [[153  28]]

 [[154  28]]

 [[155  28]]

 [[156  27]]

 [[157  27]]

 [[158  26]]

 [[159  26]]

 [[160  26]]

 [[161  26]]

 [[162  26]]

 [[163  26]]

 [[164  25]]

 [[165  26]]

 [[166  25]]

 [[167  26]]

 [[168  25]]

 [[169  25]]

 [[170  25]]

 [[171  24]]

 [[172  24]]

 [[173  24]]

 [[174  23]]

 [[175  23]]

 [[176  22]]

 [[177  22]]

 [[178  22]]

 [[179  22]]

 [[180  22]]

 [[181  21]]

 [[182  21]]

 [[183  21]]

 [[184  21]]

 [[185  21]]

 [[186  21]]

 [[187  20]]

 [[188  20]]

 [[189  20]]

 [[190  20]]

 [[191  20]]

 [[192  20]]

 [[193  20]]

 [[193  19]]

 [[194  18]]

 [[194  17]]

 [[193  17]]

 [[192  17]]

 [[191  17]]

 [[190  17]]

 [[189  17]]]
[[[  0   0]]

 [[522  14]]

 [[522  15]]

 [[522  16]]

 [[522  17]]

 [[522  18]]

 [[522  19]]

 [[522  20]]

 [[522  21]]

 [[522  22]]

 [[521  23]]

 [[521  24]]

 [[522  25]]

 [[522  26]]

 [[521  27]]

 [[522  27]]

 [[523  28]]

 [[523  29]]

 [[522  30]]

 [[522  31]]

 [[521  32]]

 [[520  32]]

 [[519  33]]

 [[519  34]]

 [[519  35]]

 [[520  34]]

 [[521  35]]

 [[521  36]]

 [[521  37]]

 [[522  38]]

 [[522  39]]

 [[521  40]]

 [[521  41]]

 [[520  42]]

 [[520  43]]

 [[520  44]]

 [[521  44]]

 [[522  45]]

 [[523  45]]

 [[524  45]]

 [[525  45]]

 [[526  45]]

 [[527  45]]

 [[528  45]]

 [[529  46]]

 [[530  46]]

 [[531  47]]

 [[532  47]]

 [[533  46]]

 [[534  46]]

 [[535  47]]

 [[536  47]]

 [[537  47]]

 [[538  48]]

 [[539  48]]

 [[540  48]]

 [[541  48]]

 [[542  48]]

 [[543  48]]

 [[544  47]]

 [[544  46]]

 [[544  45]]

 [[544  44]]

 [[544  43]]

 [[544  42]]

 [[544  41]]

 [[545  40]]

 [[544  39]]

 [[544  38]]

 [[544  37]]

 [[544  36]]

 [[544  35]]

 [[544  36]]

 [[544  37]]

 [[544  38]]

 [[544  39]]

 [[544  40]]

 [[543  41]]

 [[542  42]]

 [[541  43]]

 [[540  43]]

 [[539  44]]

 [[538  44]]

 [[537  44]]

 [[536  43]]

 [[535  43]]

 [[534  43]]

 [[533  43]]

 [[532  43]]

 [[531  43]]

 [[530  43]]

 [[529  42]]

 [[528  42]]

 [[527  41]]

 [[526  41]]

 [[525  40]]

 [[524  39]]

 [[525  38]]

 [[525  37]]

 [[524  37]]

 [[523  36]]

 [[523  35]]

 [[523  34]]

 [[524  33]]

 [[525  33]]

 [[526  32]]

 [[527  32]]

 [[528  31]]

 [[528  30]]

 [[528  29]]

 [[528  28]]

 [[527  27]]

 [[527  26]]

 [[527  25]]

 [[526  24]]

 [[527  23]]

 [[527  22]]

 [[528  21]]

 [[528  20]]

 [[529  19]]

 [[529  18]]

 [[529  17]]

 [[529  16]]

 [[530  15]]

 [[531  14]]

 [[530  13]]

 [[529  13]]

 [[528  13]]

 [[527  13]]

 [[526  13]]

 [[525  13]]

 [[524  13]]]
[[[  0   0]]

 [[188   9]]

 [[187   9]]

 [[186   9]]

 [[185   9]]

 [[184   9]]

 [[183   9]]

 [[182   9]]

 [[181   9]]

 [[180  10]]

 [[179  10]]

 [[178  10]]

 [[177  11]]

 [[176  11]]

 [[175  11]]

 [[174  11]]

 [[173  11]]

 [[172  12]]

 [[171  12]]

 [[170  12]]

 [[169  12]]

 [[168  13]]

 [[167  12]]

 [[166  12]]

 [[165  12]]

 [[164  13]]

 [[163  13]]

 [[162  13]]

 [[161  13]]

 [[160  13]]

 [[159  13]]

 [[158  13]]

 [[157  13]]

 [[156  14]]

 [[155  14]]

 [[154  14]]

 [[153  14]]

 [[152  14]]

 [[151  14]]

 [[150  14]]

 [[149  14]]

 [[148  14]]

 [[147  14]]

 [[146  14]]

 [[145  14]]

 [[144  14]]

 [[143  14]]

 [[142  14]]

 [[141  14]]

 [[140  14]]

 [[139  14]]

 [[138  14]]

 [[137  14]]

 [[136  14]]

 [[135  14]]

 [[134  15]]

 [[133  16]]

 [[132  17]]

 [[131  18]]

 [[130  18]]

 [[129  18]]

 [[128  19]]

 [[127  19]]

 [[126  19]]

 [[125  19]]

 [[124  19]]

 [[123  19]]

 [[122  19]]

 [[121  19]]

 [[120  20]]

 [[119  20]]

 [[118  20]]

 [[117  20]]

 [[116  21]]

 [[115  21]]

 [[114  21]]

 [[113  21]]

 [[112  21]]

 [[111  21]]

 [[110  21]]

 [[109  21]]

 [[108  21]]

 [[107  21]]

 [[106  21]]

 [[105  21]]

 [[104  21]]

 [[103  22]]

 [[103  23]]

 [[103  24]]

 [[104  25]]

 [[105  26]]

 [[106  26]]

 [[107  26]]

 [[108  26]]

 [[109  26]]

 [[110  26]]

 [[111  26]]

 [[112  26]]

 [[113  26]]

 [[114  26]]

 [[115  26]]

 [[116  26]]

 [[117  26]]

 [[118  25]]

 [[119  25]]

 [[120  25]]

 [[121  25]]

 [[122  25]]

 [[123  24]]

 [[124  23]]

 [[125  22]]

 [[126  22]]

 [[127  22]]

 [[128  22]]

 [[129  22]]

 [[130  22]]

 [[131  22]]

 [[132  22]]

 [[133  22]]

 [[134  21]]

 [[135  20]]

 [[136  19]]

 [[137  18]]

 [[138  18]]

 [[139  18]]

 [[140  18]]

 [[141  18]]

 [[142  18]]

 [[143  18]]

 [[144  18]]

 [[145  18]]

 [[146  18]]

 [[147  18]]

 [[148  18]]

 [[149  18]]

 [[150  18]]

 [[151  18]]

 [[152  18]]

 [[153  17]]

 [[154  17]]

 [[155  17]]

 [[156  17]]

 [[157  17]]

 [[158  16]]

 [[159  16]]

 [[160  16]]

 [[161  16]]

 [[162  16]]

 [[163  16]]

 [[164  16]]

 [[165  16]]

 [[166  15]]

 [[167  15]]

 [[168  15]]

 [[169  15]]

 [[170  14]]

 [[171  14]]

 [[172  14]]

 [[173  14]]

 [[174  14]]

 [[175  13]]

 [[176  13]]

 [[177  13]]

 [[178  13]]

 [[179  13]]

 [[180  13]]

 [[181  12]]

 [[182  12]]

 [[183  12]]

 [[184  11]]

 [[185  11]]

 [[186  11]]

 [[187  11]]

 [[188  11]]

 [[189  11]]

 [[190  11]]

 [[191  10]]

 [[192  10]]

 [[193  10]]

 [[194  10]]

 [[194   9]]

 [[193   8]]

 [[192   8]]

 [[191   8]]

 [[190   8]]]
[[[  0   0]]

 [[450   2]]

 [[451   3]]

 [[452   4]]

 [[452   5]]

 [[452   6]]

 [[453   6]]

 [[454   6]]

 [[455   7]]

 [[455   8]]

 [[455   9]]

 [[455  10]]

 [[454  11]]

 [[455  12]]

 [[455  13]]

 [[456  13]]

 [[457  12]]

 [[457  11]]

 [[457  10]]

 [[458   9]]

 [[459  10]]

 [[459  11]]

 [[459  12]]

 [[459  13]]

 [[459  14]]

 [[459  15]]

 [[460  16]]

 [[460  17]]

 [[460  18]]

 [[460  19]]

 [[460  20]]

 [[460  21]]

 [[460  22]]

 [[459  23]]

 [[458  24]]

 [[457  25]]

 [[457  26]]

 [[457  27]]

 [[457  28]]

 [[458  29]]

 [[459  30]]

 [[459  31]]

 [[458  32]]

 [[458  33]]

 [[458  34]]

 [[458  35]]

 [[457  36]]

 [[457  37]]

 [[457  38]]

 [[457  39]]

 [[457  40]]

 [[458  40]]

 [[459  41]]

 [[460  41]]

 [[461  42]]

 [[462  43]]

 [[463  43]]

 [[464  44]]

 [[465  44]]

 [[466  43]]

 [[467  43]]

 [[468  43]]

 [[469  43]]

 [[470  43]]

 [[471  43]]

 [[472  43]]

 [[473  43]]

 [[474  43]]

 [[475  43]]

 [[476  43]]

 [[477  43]]

 [[478  43]]

 [[479  43]]

 [[480  43]]

 [[480  42]]

 [[480  41]]

 [[480  40]]

 [[480  39]]

 [[480  38]]

 [[481  37]]

 [[482  36]]

 [[483  36]]

 [[484  36]]

 [[485  37]]

 [[485  38]]

 [[486  38]]

 [[487  37]]

 [[488  37]]

 [[489  37]]

 [[490  37]]

 [[491  37]]

 [[492  37]]

 [[493  37]]

 [[494  37]]

 [[495  36]]

 [[496  36]]

 [[497  35]]

 [[498  35]]

 [[498  34]]

 [[498  33]]

 [[498  32]]

 [[498  31]]

 [[498  30]]

 [[499  29]]

 [[499  28]]

 [[499  27]]

 [[499  26]]

 [[499  25]]

 [[499  24]]

 [[499  23]]

 [[499  22]]

 [[500  21]]

 [[500  20]]

 [[500  19]]

 [[500  18]]

 [[499  17]]

 [[499  16]]

 [[499  15]]

 [[499  14]]

 [[499  13]]

 [[498  13]]

 [[497  12]]

 [[496  12]]

 [[495  11]]

 [[494  11]]

 [[493  11]]

 [[492  11]]

 [[491  11]]

 [[490  11]]

 [[489  11]]

 [[488  11]]

 [[487  10]]

 [[486  10]]

 [[485  10]]

 [[484  10]]

 [[483  10]]

 [[482   9]]

 [[481   9]]

 [[480   9]]

 [[479  10]]

 [[478  10]]

 [[477  10]]

 [[476  10]]

 [[475  10]]

 [[474  10]]

 [[473  10]]

 [[472  10]]

 [[471  10]]

 [[470   9]]

 [[470   8]]

 [[470   7]]

 [[470   6]]

 [[470   5]]

 [[469   4]]

 [[469   3]]

 [[469   2]]

 [[469   1]]

 [[468   1]]

 [[467   1]]

 [[466   1]]

 [[465   1]]

 [[464   1]]

 [[463   1]]

 [[462   1]]

 [[461   1]]

 [[460   1]]

 [[459   1]]

 [[458   1]]

 [[458   2]]

 [[458   3]]

 [[458   4]]

 [[457   5]]

 [[456   5]]

 [[455   6]]

 [[454   5]]

 [[453   4]]

 [[453   3]]

 [[453   2]]

 [[452   1]]

 [[451   1]]]
[[[  0   0]]

 [[464  11]]

 [[465  11]]

 [[466  11]]

 [[467  11]]

 [[468  11]]

 [[469  12]]

 [[470  12]]

 [[471  12]]

 [[472  12]]

 [[473  12]]

 [[474  12]]

 [[475  12]]

 [[476  11]]

 [[477  11]]

 [[478  11]]

 [[479  12]]

 [[480  12]]

 [[481  12]]

 [[482  12]]

 [[483  12]]

 [[484  12]]

 [[485  13]]

 [[486  13]]

 [[487  13]]

 [[488  13]]

 [[489  13]]

 [[490  13]]

 [[491  13]]

 [[492  13]]

 [[493  14]]

 [[494  14]]

 [[495  14]]

 [[496  15]]

 [[496  16]]

 [[497  17]]

 [[497  18]]

 [[497  19]]

 [[497  20]]

 [[496  21]]

 [[496  22]]

 [[496  23]]

 [[496  24]]

 [[496  25]]

 [[496  26]]

 [[496  27]]

 [[496  28]]

 [[496  29]]

 [[496  30]]

 [[496  31]]

 [[496  32]]

 [[495  33]]

 [[494  33]]

 [[493  33]]

 [[492  33]]

 [[491  33]]

 [[490  33]]

 [[489  33]]

 [[488  33]]

 [[487  32]]

 [[486  32]]

 [[485  31]]

 [[484  31]]

 [[483  30]]

 [[482  30]]

 [[481  30]]

 [[480  31]]

 [[479  31]]

 [[478  32]]

 [[478  33]]

 [[478  34]]

 [[478  35]]

 [[478  36]]

 [[478  37]]

 [[478  38]]

 [[478  39]]

 [[477  40]]

 [[476  40]]

 [[475  40]]

 [[474  40]]

 [[473  40]]

 [[472  40]]

 [[471  40]]

 [[470  40]]

 [[469  40]]

 [[468  40]]

 [[467  40]]

 [[466  40]]

 [[465  40]]

 [[464  40]]

 [[463  39]]

 [[462  38]]

 [[461  37]]

 [[461  36]]

 [[461  35]]

 [[461  34]]

 [[461  33]]

 [[461  32]]

 [[461  31]]

 [[461  30]]

 [[462  29]]

 [[462  28]]

 [[462  27]]

 [[462  26]]

 [[462  25]]

 [[462  24]]

 [[462  23]]

 [[462  22]]

 [[462  21]]

 [[462  20]]

 [[462  19]]

 [[462  18]]

 [[462  17]]

 [[462  16]]

 [[462  15]]

 [[461  14]]

 [[462  13]]]
[[[  0   0]]

 [[408   2]]

 [[408   3]]

 [[408   4]]

 [[408   5]]

 [[408   6]]

 [[409   7]]

 [[409   8]]

 [[410   8]]

 [[411   8]]

 [[412   7]]

 [[413   7]]

 [[414   8]]

 [[415   8]]

 [[416   7]]

 [[417   7]]

 [[418   8]]

 [[419   8]]

 [[420   8]]

 [[421   8]]

 [[422   8]]

 [[423   8]]

 [[424   9]]

 [[425   9]]

 [[426   9]]

 [[427   9]]

 [[428   9]]

 [[429   9]]

 [[430   9]]

 [[431   9]]

 [[432   9]]

 [[433  10]]

 [[434  10]]

 [[435  10]]

 [[436  10]]

 [[437  11]]

 [[438  12]]

 [[438  13]]

 [[438  14]]

 [[437  15]]

 [[437  16]]

 [[437  17]]

 [[438  18]]

 [[438  19]]

 [[438  20]]

 [[438  21]]

 [[437  22]]

 [[437  23]]

 [[437  24]]

 [[437  25]]

 [[437  26]]

 [[437  27]]

 [[437  28]]

 [[437  29]]

 [[436  30]]

 [[436  31]]

 [[435  32]]

 [[434  33]]

 [[433  33]]

 [[432  32]]

 [[431  32]]

 [[430  32]]

 [[429  32]]

 [[428  32]]

 [[427  31]]

 [[426  31]]

 [[425  30]]

 [[424  30]]

 [[423  30]]

 [[422  30]]

 [[421  30]]

 [[420  30]]

 [[419  30]]

 [[418  29]]

 [[417  29]]

 [[416  29]]

 [[415  29]]

 [[414  29]]

 [[413  29]]

 [[412  28]]

 [[411  27]]

 [[411  26]]

 [[411  25]]

 [[412  24]]

 [[412  23]]

 [[412  22]]

 [[413  21]]

 [[413  20]]

 [[413  19]]

 [[413  18]]

 [[413  17]]

 [[413  16]]

 [[413  15]]

 [[413  14]]

 [[412  13]]

 [[411  12]]

 [[410  12]]

 [[410  13]]

 [[410  14]]

 [[410  15]]

 [[409  16]]

 [[408  17]]

 [[407  18]]

 [[406  18]]

 [[406  19]]

 [[407  20]]

 [[408  21]]

 [[408  22]]

 [[408  23]]

 [[408  24]]

 [[409  25]]

 [[410  26]]

 [[410  27]]

 [[411  28]]

 [[411  29]]

 [[412  29]]

 [[413  30]]

 [[414  31]]

 [[415  32]]

 [[415  33]]

 [[416  34]]

 [[417  34]]

 [[418  35]]

 [[419  35]]

 [[420  36]]

 [[421  36]]

 [[422  35]]

 [[423  35]]

 [[424  35]]

 [[425  35]]

 [[426  35]]

 [[427  35]]

 [[428  35]]

 [[429  35]]

 [[430  35]]

 [[431  36]]

 [[432  36]]

 [[433  36]]

 [[434  36]]

 [[435  36]]

 [[436  35]]

 [[437  35]]

 [[438  35]]

 [[438  34]]

 [[438  33]]

 [[438  32]]

 [[439  31]]

 [[440  30]]

 [[441  29]]

 [[442  28]]

 [[443  28]]

 [[444  28]]

 [[445  27]]

 [[446  27]]

 [[447  26]]

 [[448  26]]

 [[448  25]]

 [[447  25]]

 [[446  25]]

 [[445  24]]

 [[444  24]]

 [[443  24]]

 [[442  24]]

 [[441  23]]

 [[440  22]]

 [[439  21]]

 [[438  20]]

 [[438  19]]

 [[438  18]]

 [[438  17]]

 [[438  16]]

 [[438  15]]

 [[438  14]]

 [[438  13]]

 [[438  12]]

 [[438  11]]

 [[438  10]]

 [[438   9]]

 [[439   8]]

 [[439   7]]

 [[440   6]]

 [[441   5]]

 [[442   5]]

 [[443   5]]

 [[444   5]]

 [[445   4]]

 [[445   3]]

 [[446   2]]

 [[446   1]]

 [[445   1]]

 [[444   1]]

 [[443   1]]

 [[442   1]]

 [[441   1]]

 [[440   1]]

 [[439   1]]

 [[438   2]]

 [[438   3]]

 [[437   4]]

 [[436   5]]

 [[435   5]]

 [[434   5]]

 [[433   5]]

 [[432   4]]

 [[431   4]]

 [[430   4]]

 [[429   5]]

 [[428   5]]

 [[427   5]]

 [[426   5]]

 [[425   5]]

 [[424   4]]

 [[423   4]]

 [[422   5]]

 [[421   6]]

 [[420   6]]

 [[419   5]]

 [[418   4]]

 [[417   3]]

 [[417   2]]

 [[416   1]]

 [[415   1]]

 [[414   1]]

 [[413   1]]

 [[412   1]]

 [[412   2]]

 [[411   3]]

 [[410   2]]

 [[410   1]]

 [[409   1]]]
[[[  0   0]]

 [[384   2]]

 [[383   3]]

 [[382   4]]

 [[382   5]]

 [[381   6]]

 [[381   7]]

 [[381   8]]

 [[381   9]]

 [[381  10]]

 [[380  11]]

 [[379  12]]

 [[379  13]]

 [[379  14]]

 [[379  15]]

 [[379  16]]

 [[379  17]]

 [[379  18]]

 [[379  19]]

 [[379  20]]

 [[380  21]]

 [[381  22]]

 [[382  23]]

 [[383  24]]

 [[384  24]]

 [[385  24]]

 [[386  24]]

 [[387  24]]

 [[388  24]]

 [[389  24]]

 [[390  24]]

 [[391  24]]

 [[392  24]]

 [[393  24]]

 [[394  24]]

 [[395  24]]

 [[396  24]]

 [[397  23]]

 [[398  23]]

 [[399  22]]

 [[400  22]]

 [[401  21]]

 [[402  21]]

 [[403  21]]

 [[404  20]]

 [[404  19]]

 [[403  18]]

 [[402  17]]

 [[401  16]]

 [[400  16]]

 [[399  15]]

 [[399  14]]

 [[399  13]]

 [[399  12]]

 [[399  11]]

 [[399  10]]

 [[399   9]]

 [[400   8]]

 [[401   7]]

 [[401   6]]

 [[401   5]]

 [[401   4]]

 [[400   3]]

 [[400   2]]

 [[400   1]]

 [[399   1]]

 [[398   1]]

 [[397   1]]

 [[396   1]]

 [[395   1]]

 [[394   2]]

 [[393   1]]

 [[392   1]]

 [[391   1]]

 [[390   1]]

 [[389   1]]

 [[388   1]]

 [[387   1]]

 [[386   1]]]
[[[  0   0]]

 [[386   2]]

 [[387   2]]

 [[388   2]]

 [[389   2]]

 [[390   2]]

 [[391   2]]

 [[392   2]]

 [[393   3]]

 [[394   3]]

 [[395   3]]

 [[396   4]]

 [[397   4]]

 [[398   3]]

 [[399   3]]

 [[400   4]]

 [[400   5]]

 [[400   6]]

 [[399   7]]

 [[398   8]]

 [[397   9]]

 [[396  10]]

 [[396  11]]

 [[396  12]]

 [[395  13]]

 [[395  14]]

 [[395  15]]

 [[395  16]]

 [[395  17]]

 [[396  18]]

 [[396  19]]

 [[395  20]]

 [[394  21]]

 [[393  22]]

 [[392  22]]

 [[391  22]]

 [[390  22]]

 [[389  22]]

 [[388  22]]

 [[387  22]]

 [[386  22]]

 [[385  21]]

 [[384  21]]

 [[383  20]]

 [[383  19]]

 [[383  18]]

 [[383  17]]

 [[383  16]]

 [[383  15]]

 [[383  14]]

 [[383  13]]

 [[383  12]]

 [[383  11]]

 [[383  10]]

 [[383   9]]

 [[383   8]]

 [[383   7]]

 [[384   6]]

 [[384   5]]

 [[384   4]]]
[[[  0   0]]

 [[300   2]]

 [[300   3]]

 [[300   4]]

 [[299   5]]

 [[298   6]]

 [[297   7]]

 [[297   8]]

 [[296   9]]

 [[295  10]]

 [[294  11]]

 [[293  11]]

 [[292  12]]

 [[292  13]]

 [[292  14]]

 [[292  15]]

 [[292  16]]

 [[292  17]]

 [[292  18]]

 [[292  19]]

 [[292  20]]

 [[292  21]]

 [[293  22]]

 [[293  23]]

 [[293  24]]

 [[293  25]]

 [[294  26]]

 [[294  25]]

 [[295  24]]

 [[295  23]]

 [[296  22]]

 [[297  21]]

 [[297  20]]

 [[297  19]]

 [[297  18]]

 [[297  17]]

 [[296  16]]

 [[296  15]]

 [[295  14]]

 [[295  13]]

 [[295  12]]

 [[295  11]]

 [[296  10]]

 [[297   9]]

 [[298   9]]

 [[299   8]]

 [[300   8]]

 [[301   8]]

 [[302   9]]

 [[302  10]]

 [[302  11]]

 [[302  12]]

 [[301  13]]

 [[301  14]]

 [[301  15]]

 [[301  16]]

 [[301  17]]

 [[301  18]]

 [[301  19]]

 [[301  20]]

 [[301  21]]

 [[301  22]]

 [[301  23]]

 [[301  24]]

 [[301  25]]

 [[301  26]]

 [[301  27]]

 [[301  28]]

 [[301  29]]

 [[301  30]]

 [[301  31]]

 [[301  32]]

 [[301  33]]

 [[301  34]]

 [[301  35]]

 [[301  36]]

 [[301  37]]

 [[301  38]]

 [[301  39]]

 [[302  40]]

 [[303  40]]

 [[304  40]]

 [[305  40]]

 [[306  40]]

 [[307  41]]

 [[308  41]]

 [[309  41]]

 [[310  41]]

 [[311  41]]

 [[312  41]]

 [[313  41]]

 [[314  41]]

 [[315  41]]

 [[316  41]]

 [[317  41]]

 [[318  41]]

 [[319  41]]

 [[320  41]]

 [[321  41]]

 [[322  41]]

 [[323  41]]

 [[324  41]]

 [[325  41]]

 [[326  40]]

 [[327  40]]

 [[327  39]]

 [[326  38]]

 [[325  37]]

 [[325  36]]

 [[325  35]]

 [[325  34]]

 [[325  33]]

 [[325  32]]

 [[325  31]]

 [[325  30]]

 [[325  29]]

 [[325  28]]

 [[325  27]]

 [[325  26]]

 [[325  25]]

 [[325  24]]

 [[325  23]]

 [[325  22]]

 [[325  21]]

 [[325  20]]

 [[325  19]]

 [[325  18]]

 [[325  17]]

 [[325  16]]

 [[325  15]]

 [[326  14]]

 [[326  13]]

 [[326  12]]

 [[325  12]]

 [[324  11]]

 [[324  10]]

 [[323   9]]

 [[323   8]]

 [[323   7]]

 [[322   7]]

 [[321   7]]

 [[320   8]]

 [[319   7]]

 [[319   6]]

 [[319   5]]

 [[319   4]]

 [[318   4]]

 [[317   4]]

 [[316   3]]

 [[315   2]]

 [[314   1]]

 [[313   1]]

 [[313   2]]

 [[313   3]]

 [[313   4]]

 [[313   5]]

 [[313   6]]

 [[312   7]]

 [[311   8]]

 [[310   9]]

 [[309   9]]

 [[308   9]]

 [[307   8]]

 [[306   7]]

 [[306   6]]

 [[306   5]]

 [[306   4]]

 [[307   3]]

 [[307   2]]

 [[307   1]]

 [[306   1]]

 [[305   2]]

 [[304   1]]

 [[303   1]]

 [[302   1]]

 [[301   1]]]
[[[  0   0]]

 [[313   7]]

 [[314   8]]

 [[315   9]]

 [[316   9]]

 [[317  10]]

 [[318  10]]

 [[319  10]]

 [[320  10]]

 [[321  10]]

 [[322  11]]

 [[323  12]]

 [[323  13]]

 [[323  14]]

 [[323  15]]

 [[323  16]]

 [[323  17]]

 [[323  18]]

 [[323  19]]

 [[323  20]]

 [[323  21]]

 [[323  22]]

 [[323  23]]

 [[323  24]]

 [[322  25]]

 [[322  26]]

 [[322  27]]

 [[323  28]]

 [[323  29]]

 [[323  30]]

 [[323  31]]

 [[323  32]]

 [[322  33]]

 [[322  34]]

 [[322  35]]

 [[322  36]]

 [[322  37]]

 [[321  38]]

 [[320  38]]

 [[319  39]]

 [[318  39]]

 [[317  39]]

 [[316  39]]

 [[315  39]]

 [[314  39]]

 [[313  39]]

 [[312  39]]

 [[311  39]]

 [[310  39]]

 [[309  39]]

 [[308  38]]

 [[307  38]]

 [[306  38]]

 [[305  37]]

 [[304  36]]

 [[304  35]]

 [[304  34]]

 [[303  33]]

 [[303  32]]

 [[304  31]]

 [[304  30]]

 [[304  29]]

 [[304  28]]

 [[304  27]]

 [[304  26]]

 [[304  25]]

 [[304  24]]

 [[304  23]]

 [[304  22]]

 [[304  21]]

 [[304  20]]

 [[304  19]]

 [[304  18]]

 [[304  17]]

 [[304  16]]

 [[304  15]]

 [[304  14]]

 [[304  13]]

 [[304  12]]

 [[305  11]]

 [[306  10]]

 [[307  10]]

 [[308  10]]

 [[309  10]]

 [[310  10]]

 [[311   9]]]
[[[  0   0]]

 [[247   2]]

 [[246   3]]

 [[245   3]]

 [[244   4]]

 [[243   4]]

 [[242   3]]

 [[242   4]]

 [[242   5]]

 [[243   5]]

 [[244   6]]

 [[244   7]]

 [[244   8]]

 [[243   9]]

 [[242   9]]

 [[241  10]]

 [[240  10]]

 [[239  11]]

 [[238  11]]

 [[237  11]]

 [[236  11]]

 [[237  11]]

 [[238  11]]

 [[239  11]]

 [[240  11]]

 [[241  11]]

 [[242  11]]

 [[243  11]]

 [[244  11]]

 [[245  12]]

 [[246  12]]

 [[247  13]]

 [[247  14]]

 [[246  15]]

 [[245  15]]

 [[244  16]]

 [[245  16]]

 [[246  16]]

 [[247  17]]

 [[247  18]]

 [[247  19]]

 [[247  20]]

 [[247  21]]

 [[248  22]]

 [[248  23]]

 [[248  24]]

 [[249  25]]

 [[250  25]]

 [[251  25]]

 [[252  25]]

 [[253  25]]

 [[254  25]]

 [[255  25]]

 [[256  25]]

 [[257  25]]

 [[258  25]]

 [[259  25]]

 [[260  25]]

 [[261  25]]

 [[262  25]]

 [[263  25]]

 [[264  25]]

 [[265  26]]

 [[266  26]]

 [[267  27]]

 [[268  26]]

 [[268  25]]

 [[268  24]]

 [[268  23]]

 [[268  22]]

 [[269  21]]

 [[269  20]]

 [[270  19]]

 [[270  18]]

 [[270  17]]

 [[270  16]]

 [[269  15]]

 [[269  14]]

 [[269  13]]

 [[269  12]]

 [[269  11]]

 [[269  10]]

 [[269   9]]

 [[269   8]]

 [[270   7]]

 [[271   6]]

 [[272   5]]

 [[273   5]]

 [[272   4]]

 [[271   3]]

 [[270   2]]

 [[270   1]]

 [[269   1]]

 [[269   2]]

 [[268   3]]

 [[267   3]]

 [[266   2]]

 [[265   1]]

 [[264   1]]

 [[263   1]]

 [[262   1]]

 [[261   1]]

 [[260   1]]

 [[259   1]]

 [[258   1]]

 [[257   1]]

 [[256   1]]

 [[255   1]]

 [[254   1]]

 [[253   1]]

 [[252   1]]

 [[251   1]]

 [[250   1]]

 [[249   1]]]
[[[  0   0]]

 [[255   1]]

 [[256   1]]

 [[257   1]]

 [[258   1]]

 [[259   1]]

 [[260   1]]

 [[261   1]]

 [[262   2]]

 [[263   2]]

 [[264   3]]

 [[264   4]]

 [[264   5]]

 [[264   6]]

 [[264   7]]

 [[263   8]]

 [[263   9]]

 [[263  10]]

 [[263  11]]

 [[263  12]]

 [[263  13]]

 [[263  14]]

 [[263  15]]

 [[263  16]]

 [[263  17]]

 [[263  18]]

 [[263  19]]

 [[263  20]]

 [[263  21]]

 [[262  22]]

 [[261  23]]

 [[260  23]]

 [[259  23]]

 [[258  23]]

 [[257  23]]

 [[256  23]]

 [[255  23]]

 [[254  22]]

 [[253  22]]

 [[252  22]]

 [[251  22]]

 [[250  21]]

 [[249  20]]

 [[249  19]]

 [[249  18]]

 [[249  17]]

 [[249  16]]

 [[249  15]]

 [[249  14]]

 [[249  13]]

 [[249  12]]

 [[248  11]]

 [[248  10]]

 [[247  10]]

 [[246   9]]

 [[245   8]]

 [[245   7]]

 [[246   6]]

 [[247   5]]

 [[248   4]]

 [[249   4]]

 [[250   3]]

 [[251   3]]

 [[252   3]]

 [[253   2]]]
