[[[  0   0]]

 [[559 106]]

 [[558 107]]

 [[558 108]]

 [[558 109]]

 [[558 110]]

 [[558 111]]

 [[558 112]]

 [[558 113]]

 [[558 114]]

 [[558 115]]

 [[558 116]]

 [[558 117]]

 [[558 118]]

 [[558 119]]

 [[557 120]]

 [[557 121]]

 [[557 122]]

 [[556 123]]

 [[556 124]]

 [[556 125]]

 [[556 126]]

 [[556 127]]

 [[557 128]]

 [[557 129]]

 [[558 129]]

 [[559 130]]

 [[560 130]]

 [[561 130]]

 [[562 130]]

 [[563 131]]

 [[564 132]]

 [[565 133]]

 [[566 134]]

 [[566 135]]

 [[566 136]]

 [[567 137]]

 [[568 138]]

 [[568 139]]

 [[568 140]]

 [[568 141]]

 [[569 142]]

 [[570 143]]

 [[571 144]]

 [[572 144]]

 [[573 145]]

 [[573 146]]

 [[574 147]]

 [[574 148]]

 [[575 149]]

 [[575 150]]

 [[575 151]]

 [[576 152]]

 [[577 153]]

 [[578 154]]

 [[579 155]]

 [[580 156]]

 [[581 156]]

 [[582 156]]

 [[583 157]]

 [[584 158]]

 [[584 159]]

 [[585 160]]

 [[586 160]]

 [[587 161]]

 [[588 162]]

 [[588 163]]

 [[589 164]]

 [[589 165]]

 [[589 166]]

 [[589 167]]

 [[589 168]]

 [[590 169]]

 [[590 170]]

 [[590 171]]

 [[590 172]]

 [[591 173]]

 [[592 174]]

 [[592 175]]

 [[593 176]]

 [[594 177]]

 [[594 178]]

 [[595 179]]

 [[596 180]]

 [[597 181]]

 [[597 182]]

 [[597 183]]

 [[598 184]]

 [[597 185]]

 [[597 186]]

 [[597 187]]

 [[597 188]]

 [[598 188]]

 [[599 189]]

 [[600 189]]

 [[601 189]]

 [[602 190]]

 [[602 191]]

 [[603 192]]

 [[603 193]]

 [[604 193]]

 [[605 194]]

 [[606 195]]

 [[606 196]]

 [[607 197]]

 [[607 198]]

 [[608 198]]

 [[609 199]]

 [[610 200]]

 [[611 201]]

 [[611 202]]

 [[611 203]]

 [[611 204]]

 [[611 205]]

 [[612 206]]

 [[612 207]]

 [[612 208]]

 [[612 209]]

 [[612 210]]

 [[613 211]]

 [[614 211]]

 [[615 211]]

 [[616 211]]

 [[617 212]]

 [[617 213]]

 [[617 214]]

 [[617 215]]

 [[616 216]]

 [[615 217]]

 [[615 218]]

 [[614 219]]

 [[615 220]]

 [[615 221]]

 [[615 222]]

 [[615 223]]

 [[616 224]]

 [[617 224]]

 [[618 224]]

 [[619 225]]

 [[620 226]]

 [[620 227]]

 [[620 228]]

 [[621 229]]

 [[621 230]]

 [[622 231]]

 [[623 232]]

 [[623 233]]

 [[623 234]]

 [[623 235]]

 [[623 236]]

 [[624 237]]

 [[625 238]]

 [[626 238]]

 [[627 239]]

 [[628 239]]

 [[629 238]]

 [[630 239]]

 [[631 239]]

 [[632 240]]

 [[632 241]]

 [[633 242]]

 [[633 243]]

 [[634 244]]

 [[635 244]]

 [[636 245]]

 [[636 246]]

 [[636 247]]

 [[636 248]]

 [[636 249]]

 [[636 250]]

 [[636 251]]

 [[637 252]]

 [[638 253]]

 [[638 254]]

 [[638 255]]

 [[638 256]]

 [[638 257]]

 [[638 256]]

 [[638 255]]

 [[638 254]]

 [[638 253]]

 [[638 252]]

 [[638 251]]

 [[638 250]]

 [[638 249]]

 [[638 248]]

 [[638 247]]

 [[638 246]]

 [[638 245]]

 [[638 244]]

 [[638 243]]

 [[638 242]]

 [[638 241]]

 [[638 240]]

 [[638 239]]

 [[638 238]]

 [[637 237]]

 [[637 236]]

 [[637 235]]

 [[636 234]]

 [[636 233]]

 [[635 232]]

 [[634 231]]

 [[633 232]]

 [[632 231]]

 [[631 231]]

 [[630 230]]

 [[631 229]]

 [[631 228]]

 [[630 227]]

 [[629 226]]

 [[628 225]]

 [[628 224]]

 [[628 223]]

 [[627 222]]

 [[627 221]]

 [[626 220]]

 [[626 219]]

 [[625 219]]

 [[624 218]]

 [[624 217]]

 [[623 216]]

 [[623 215]]

 [[623 214]]

 [[623 213]]

 [[622 212]]

 [[622 211]]

 [[621 210]]

 [[620 209]]

 [[619 208]]

 [[619 207]]

 [[618 206]]

 [[617 205]]

 [[617 204]]

 [[617 203]]

 [[616 202]]

 [[616 201]]

 [[616 200]]

 [[616 199]]

 [[617 198]]

 [[617 197]]

 [[617 196]]

 [[616 195]]

 [[615 195]]

 [[614 195]]

 [[613 194]]

 [[612 193]]

 [[611 192]]

 [[610 193]]

 [[609 192]]

 [[609 191]]

 [[609 190]]

 [[608 189]]

 [[608 188]]

 [[607 187]]

 [[607 186]]

 [[606 185]]

 [[606 184]]

 [[606 183]]

 [[605 182]]

 [[604 181]]

 [[603 180]]

 [[602 180]]

 [[601 179]]

 [[600 178]]

 [[600 177]]

 [[600 176]]

 [[599 175]]

 [[599 174]]

 [[599 173]]

 [[598 172]]

 [[598 171]]

 [[598 170]]

 [[598 169]]

 [[597 168]]

 [[596 167]]

 [[595 166]]

 [[594 166]]

 [[593 165]]

 [[592 164]]

 [[592 163]]

 [[591 162]]

 [[590 161]]

 [[590 160]]

 [[590 159]]

 [[590 158]]

 [[589 157]]

 [[588 156]]

 [[588 155]]

 [[587 154]]

 [[587 153]]

 [[586 152]]

 [[585 151]]

 [[585 150]]

 [[584 149]]

 [[584 148]]

 [[583 147]]

 [[582 146]]

 [[581 145]]

 [[580 144]]

 [[579 143]]

 [[579 142]]

 [[579 141]]

 [[579 140]]

 [[579 139]]

 [[578 139]]

 [[577 138]]

 [[576 137]]

 [[575 137]]

 [[574 136]]

 [[573 136]]

 [[572 135]]

 [[571 134]]

 [[571 133]]

 [[570 132]]

 [[570 131]]

 [[570 130]]

 [[570 129]]

 [[569 128]]

 [[569 127]]

 [[568 126]]

 [[567 125]]

 [[566 124]]

 [[565 123]]

 [[565 122]]

 [[565 121]]

 [[565 120]]

 [[565 119]]

 [[565 118]]

 [[564 117]]

 [[564 116]]

 [[564 115]]

 [[564 114]]

 [[563 113]]

 [[562 112]]

 [[562 111]]

 [[562 110]]

 [[562 109]]

 [[561 108]]

 [[561 107]]

 [[561 106]]

 [[560 106]]]
