[[[  0   0]]

 [[ 86 207]]

 [[ 86 208]]

 [[ 86 209]]

 [[ 85 210]]

 [[ 84 210]]

 [[ 83 210]]

 [[ 82 210]]

 [[ 81 209]]

 [[ 80 208]]

 [[ 79 207]]

 [[ 78 208]]

 [[ 77 208]]

 [[ 76 209]]

 [[ 76 210]]

 [[ 76 211]]

 [[ 77 212]]

 [[ 77 213]]

 [[ 77 214]]

 [[ 77 215]]

 [[ 76 216]]

 [[ 75 217]]

 [[ 74 218]]

 [[ 75 219]]

 [[ 75 220]]

 [[ 76 221]]

 [[ 76 222]]

 [[ 76 223]]

 [[ 75 224]]

 [[ 75 225]]

 [[ 76 226]]

 [[ 76 227]]

 [[ 76 228]]

 [[ 75 229]]

 [[ 75 230]]

 [[ 75 231]]

 [[ 75 232]]

 [[ 76 233]]

 [[ 77 234]]

 [[ 77 235]]

 [[ 78 236]]

 [[ 78 237]]

 [[ 78 238]]

 [[ 79 239]]

 [[ 80 240]]

 [[ 80 241]]

 [[ 80 242]]

 [[ 79 243]]

 [[ 78 244]]

 [[ 78 245]]

 [[ 77 246]]

 [[ 76 246]]

 [[ 75 247]]

 [[ 74 248]]

 [[ 75 249]]

 [[ 76 248]]

 [[ 76 247]]

 [[ 77 246]]

 [[ 78 245]]

 [[ 79 244]]

 [[ 80 244]]

 [[ 80 243]]

 [[ 81 242]]

 [[ 81 241]]

 [[ 82 240]]

 [[ 83 240]]

 [[ 84 241]]

 [[ 85 242]]

 [[ 85 243]]

 [[ 85 244]]

 [[ 85 245]]

 [[ 85 246]]

 [[ 86 246]]

 [[ 87 247]]

 [[ 87 248]]

 [[ 88 249]]

 [[ 89 250]]

 [[ 90 250]]

 [[ 91 251]]

 [[ 92 251]]

 [[ 93 250]]

 [[ 93 249]]

 [[ 94 248]]

 [[ 95 248]]

 [[ 95 247]]

 [[ 96 246]]

 [[ 97 245]]

 [[ 98 246]]

 [[ 99 246]]

 [[100 246]]

 [[101 246]]

 [[102 246]]

 [[103 247]]

 [[103 246]]

 [[102 245]]

 [[101 244]]

 [[100 245]]

 [[ 99 245]]

 [[ 98 244]]

 [[ 97 243]]

 [[ 97 242]]

 [[ 97 241]]

 [[ 97 240]]

 [[ 98 239]]

 [[ 99 240]]

 [[100 241]]

 [[100 242]]

 [[101 242]]

 [[102 242]]

 [[103 242]]

 [[104 242]]

 [[105 242]]

 [[105 241]]

 [[104 241]]

 [[103 241]]

 [[102 240]]

 [[101 241]]

 [[100 240]]

 [[100 239]]

 [[101 238]]

 [[102 237]]

 [[101 236]]

 [[100 236]]

 [[ 99 235]]

 [[ 99 234]]

 [[ 98 233]]

 [[ 98 232]]

 [[ 99 231]]

 [[ 99 230]]

 [[ 99 229]]

 [[ 99 228]]

 [[ 98 227]]

 [[ 97 226]]

 [[ 96 225]]

 [[ 96 224]]

 [[ 95 223]]

 [[ 95 222]]

 [[ 95 221]]

 [[ 94 221]]

 [[ 93 220]]

 [[ 92 220]]

 [[ 91 220]]

 [[ 90 219]]

 [[ 91 218]]

 [[ 92 218]]

 [[ 93 218]]

 [[ 93 217]]

 [[ 92 216]]

 [[ 92 215]]

 [[ 92 216]]

 [[ 91 217]]

 [[ 91 218]]

 [[ 90 219]]

 [[ 89 219]]

 [[ 88 218]]

 [[ 88 217]]

 [[ 87 217]]

 [[ 86 216]]

 [[ 86 215]]

 [[ 86 214]]

 [[ 87 213]]

 [[ 88 212]]

 [[ 89 211]]

 [[ 89 210]]

 [[ 90 209]]

 [[ 91 209]]

 [[ 92 209]]

 [[ 93 208]]

 [[ 92 207]]

 [[ 91 207]]

 [[ 90 207]]

 [[ 89 207]]

 [[ 88 206]]

 [[ 87 206]]]
[[[  0   0]]

 [[ 80 211]]

 [[ 81 211]]

 [[ 82 211]]

 [[ 83 212]]

 [[ 84 213]]

 [[ 84 214]]

 [[ 84 215]]

 [[ 85 216]]

 [[ 86 217]]

 [[ 86 218]]

 [[ 87 219]]

 [[ 88 220]]

 [[ 89 221]]

 [[ 89 222]]

 [[ 90 223]]

 [[ 91 224]]

 [[ 91 225]]

 [[ 91 226]]

 [[ 92 227]]

 [[ 92 228]]

 [[ 93 229]]

 [[ 93 230]]

 [[ 93 231]]

 [[ 94 232]]

 [[ 94 233]]

 [[ 94 234]]

 [[ 95 235]]

 [[ 95 236]]

 [[ 95 237]]

 [[ 95 238]]

 [[ 95 239]]

 [[ 96 240]]

 [[ 96 241]]

 [[ 96 242]]

 [[ 96 243]]

 [[ 96 244]]

 [[ 95 245]]

 [[ 95 246]]

 [[ 94 247]]

 [[ 93 247]]

 [[ 92 247]]

 [[ 91 248]]

 [[ 90 248]]

 [[ 89 247]]

 [[ 88 246]]

 [[ 87 245]]

 [[ 86 244]]

 [[ 86 243]]

 [[ 86 242]]

 [[ 86 241]]

 [[ 86 240]]

 [[ 85 239]]

 [[ 84 238]]

 [[ 83 238]]

 [[ 82 238]]

 [[ 81 237]]

 [[ 80 236]]

 [[ 80 235]]

 [[ 79 234]]

 [[ 79 233]]

 [[ 79 232]]

 [[ 79 231]]

 [[ 78 230]]

 [[ 78 229]]

 [[ 78 228]]

 [[ 78 227]]

 [[ 78 226]]

 [[ 78 225]]

 [[ 78 224]]

 [[ 78 223]]

 [[ 78 222]]

 [[ 78 221]]

 [[ 78 220]]

 [[ 78 219]]

 [[ 78 218]]

 [[ 78 217]]

 [[ 78 216]]

 [[ 79 215]]

 [[ 79 214]]

 [[ 79 213]]]
[[[  0   0]]

 [[ 36 164]]

 [[ 36 165]]

 [[ 35 166]]

 [[ 34 167]]

 [[ 33 168]]

 [[ 34 169]]

 [[ 33 170]]

 [[ 33 171]]

 [[ 32 172]]

 [[ 32 173]]

 [[ 32 174]]

 [[ 31 175]]

 [[ 31 176]]

 [[ 31 177]]

 [[ 31 178]]

 [[ 31 179]]

 [[ 30 180]]

 [[ 30 181]]

 [[ 29 182]]

 [[ 29 183]]

 [[ 29 184]]

 [[ 29 185]]

 [[ 29 186]]

 [[ 30 186]]

 [[ 31 187]]

 [[ 32 188]]

 [[ 32 189]]

 [[ 32 190]]

 [[ 33 190]]

 [[ 34 191]]

 [[ 35 191]]

 [[ 36 192]]

 [[ 37 193]]

 [[ 37 194]]

 [[ 38 194]]

 [[ 39 194]]

 [[ 40 194]]

 [[ 41 194]]

 [[ 42 195]]

 [[ 43 195]]

 [[ 44 196]]

 [[ 45 196]]

 [[ 46 196]]

 [[ 47 196]]

 [[ 48 196]]

 [[ 49 196]]

 [[ 50 195]]

 [[ 51 194]]

 [[ 52 193]]

 [[ 53 193]]

 [[ 54 193]]

 [[ 53 192]]

 [[ 53 191]]

 [[ 53 190]]

 [[ 53 189]]

 [[ 54 188]]

 [[ 54 187]]

 [[ 54 186]]

 [[ 54 185]]

 [[ 54 184]]

 [[ 53 183]]

 [[ 52 182]]

 [[ 51 181]]

 [[ 51 180]]

 [[ 51 179]]

 [[ 51 178]]

 [[ 51 177]]

 [[ 50 176]]

 [[ 50 175]]

 [[ 49 174]]

 [[ 49 173]]

 [[ 49 172]]

 [[ 50 171]]

 [[ 51 170]]

 [[ 52 170]]

 [[ 53 170]]

 [[ 54 170]]

 [[ 54 169]]

 [[ 54 168]]

 [[ 53 168]]

 [[ 52 168]]

 [[ 51 168]]

 [[ 50 167]]

 [[ 49 167]]

 [[ 48 166]]

 [[ 47 165]]

 [[ 46 165]]

 [[ 45 165]]

 [[ 44 165]]

 [[ 43 165]]

 [[ 42 165]]

 [[ 41 164]]

 [[ 40 163]]

 [[ 39 163]]

 [[ 38 163]]]
[[[  0   0]]

 [[ 39 166]]

 [[ 40 166]]

 [[ 41 167]]

 [[ 42 168]]

 [[ 42 169]]

 [[ 43 170]]

 [[ 43 171]]

 [[ 44 172]]

 [[ 44 173]]

 [[ 45 174]]

 [[ 46 175]]

 [[ 47 176]]

 [[ 47 177]]

 [[ 48 178]]

 [[ 48 179]]

 [[ 48 180]]

 [[ 49 181]]

 [[ 50 182]]

 [[ 50 183]]

 [[ 50 184]]

 [[ 51 185]]

 [[ 51 186]]

 [[ 51 187]]

 [[ 51 188]]

 [[ 50 189]]

 [[ 50 190]]

 [[ 49 191]]

 [[ 48 192]]

 [[ 48 193]]

 [[ 47 194]]

 [[ 46 195]]

 [[ 45 195]]

 [[ 44 194]]

 [[ 43 193]]

 [[ 42 192]]

 [[ 41 192]]

 [[ 40 192]]

 [[ 39 191]]

 [[ 38 191]]

 [[ 37 190]]

 [[ 36 189]]

 [[ 35 188]]

 [[ 34 187]]

 [[ 33 186]]

 [[ 33 185]]

 [[ 32 184]]

 [[ 32 183]]

 [[ 32 182]]

 [[ 33 181]]

 [[ 33 180]]

 [[ 33 179]]

 [[ 33 178]]

 [[ 34 177]]

 [[ 34 176]]

 [[ 35 175]]

 [[ 35 174]]

 [[ 35 173]]

 [[ 36 172]]

 [[ 36 171]]

 [[ 37 170]]

 [[ 37 169]]

 [[ 37 168]]]
[[[  0   0]]

 [[112 152]]

 [[111 152]]

 [[110 152]]

 [[109 153]]

 [[108 154]]

 [[107 154]]

 [[106 155]]

 [[106 156]]

 [[106 157]]

 [[105 158]]

 [[104 159]]

 [[103 159]]

 [[102 158]]

 [[102 157]]

 [[102 156]]

 [[101 157]]

 [[102 158]]

 [[101 159]]

 [[100 159]]

 [[100 160]]

 [[100 161]]

 [[100 162]]

 [[100 163]]

 [[100 164]]

 [[ 99 165]]

 [[ 98 165]]

 [[ 97 165]]

 [[ 96 166]]

 [[ 95 167]]

 [[ 94 168]]

 [[ 93 168]]

 [[ 92 167]]

 [[ 92 166]]

 [[ 92 165]]

 [[ 91 164]]

 [[ 90 164]]

 [[ 89 165]]

 [[ 89 166]]

 [[ 89 167]]

 [[ 90 168]]

 [[ 91 168]]

 [[ 92 169]]

 [[ 92 170]]

 [[ 91 171]]

 [[ 91 172]]

 [[ 90 173]]

 [[ 90 174]]

 [[ 91 175]]

 [[ 91 176]]

 [[ 91 177]]

 [[ 91 178]]

 [[ 92 179]]

 [[ 93 179]]

 [[ 94 180]]

 [[ 95 180]]

 [[ 96 181]]

 [[ 97 181]]

 [[ 98 182]]

 [[ 99 182]]

 [[100 182]]

 [[101 183]]

 [[102 183]]

 [[103 184]]

 [[104 185]]

 [[105 186]]

 [[106 187]]

 [[107 188]]

 [[108 188]]

 [[109 189]]

 [[110 190]]

 [[110 191]]

 [[111 191]]

 [[112 191]]

 [[113 191]]

 [[114 191]]

 [[115 190]]

 [[116 190]]

 [[117 189]]

 [[118 188]]

 [[118 187]]

 [[119 186]]

 [[120 185]]

 [[120 184]]

 [[121 183]]

 [[121 182]]

 [[122 181]]

 [[123 180]]

 [[124 180]]

 [[125 179]]

 [[125 178]]

 [[125 177]]

 [[126 176]]

 [[126 175]]

 [[126 174]]

 [[126 173]]

 [[125 172]]

 [[125 171]]

 [[125 170]]

 [[126 169]]

 [[126 168]]

 [[126 167]]

 [[126 166]]

 [[127 165]]

 [[128 165]]

 [[129 165]]

 [[130 165]]

 [[131 165]]

 [[132 166]]

 [[133 166]]

 [[134 166]]

 [[134 165]]

 [[134 164]]

 [[133 163]]

 [[132 162]]

 [[131 163]]

 [[130 164]]

 [[129 164]]

 [[128 164]]

 [[127 164]]

 [[126 164]]

 [[125 163]]

 [[125 164]]

 [[125 165]]

 [[126 166]]

 [[125 167]]

 [[124 167]]

 [[123 166]]

 [[123 165]]

 [[122 164]]

 [[122 163]]

 [[122 162]]

 [[121 161]]

 [[120 160]]

 [[120 159]]

 [[120 158]]

 [[120 157]]

 [[119 156]]

 [[119 155]]

 [[118 155]]

 [[117 155]]

 [[116 154]]

 [[116 153]]

 [[116 152]]

 [[115 151]]

 [[114 151]]]
[[[  0   0]]

 [[112 154]]

 [[113 154]]

 [[114 155]]

 [[114 156]]

 [[115 157]]

 [[116 158]]

 [[117 159]]

 [[118 160]]

 [[118 161]]

 [[119 162]]

 [[119 163]]

 [[120 164]]

 [[121 165]]

 [[121 166]]

 [[122 167]]

 [[122 168]]

 [[123 169]]

 [[123 170]]

 [[123 171]]

 [[123 172]]

 [[123 173]]

 [[123 174]]

 [[123 175]]

 [[122 176]]

 [[121 177]]

 [[121 178]]

 [[120 179]]

 [[120 180]]

 [[119 181]]

 [[119 182]]

 [[118 183]]

 [[117 184]]

 [[116 185]]

 [[116 186]]

 [[115 187]]

 [[114 188]]

 [[113 188]]

 [[112 188]]

 [[111 187]]

 [[111 186]]

 [[111 185]]

 [[111 184]]

 [[111 183]]

 [[112 182]]

 [[112 181]]

 [[112 180]]

 [[113 179]]

 [[113 178]]

 [[114 177]]

 [[114 176]]

 [[115 175]]

 [[115 174]]

 [[115 173]]

 [[115 172]]

 [[114 172]]

 [[113 172]]

 [[113 173]]

 [[112 174]]

 [[112 175]]

 [[111 176]]

 [[110 177]]

 [[109 178]]

 [[109 179]]

 [[108 180]]

 [[107 181]]

 [[107 182]]

 [[106 183]]

 [[105 183]]

 [[104 183]]

 [[103 183]]

 [[102 182]]

 [[101 181]]

 [[100 180]]

 [[100 179]]

 [[ 99 178]]

 [[ 99 177]]

 [[ 98 177]]

 [[ 97 177]]

 [[ 96 176]]

 [[ 95 176]]

 [[ 94 175]]

 [[ 94 174]]

 [[ 94 173]]

 [[ 94 172]]

 [[ 95 171]]

 [[ 96 170]]

 [[ 96 169]]

 [[ 97 168]]

 [[ 98 168]]

 [[ 99 167]]

 [[100 167]]

 [[101 166]]

 [[101 165]]

 [[102 164]]

 [[103 164]]

 [[103 163]]

 [[104 162]]

 [[104 161]]

 [[105 160]]

 [[106 160]]

 [[107 159]]

 [[108 158]]

 [[108 157]]

 [[109 156]]

 [[110 156]]]
[[[  0   0]]

 [[ 61 133]]

 [[ 60 134]]

 [[ 60 135]]

 [[ 60 136]]

 [[ 61 137]]

 [[ 61 138]]

 [[ 61 139]]

 [[ 61 140]]

 [[ 62 141]]

 [[ 62 142]]

 [[ 62 143]]

 [[ 63 144]]

 [[ 63 145]]

 [[ 63 146]]

 [[ 64 147]]

 [[ 64 148]]

 [[ 64 149]]

 [[ 65 150]]

 [[ 65 151]]

 [[ 66 152]]

 [[ 66 153]]

 [[ 66 154]]

 [[ 66 155]]

 [[ 66 156]]

 [[ 66 157]]

 [[ 67 158]]

 [[ 68 158]]

 [[ 69 158]]

 [[ 70 159]]

 [[ 71 159]]

 [[ 72 159]]

 [[ 73 159]]

 [[ 74 159]]

 [[ 75 159]]

 [[ 76 159]]

 [[ 77 159]]

 [[ 78 159]]

 [[ 79 160]]

 [[ 79 159]]

 [[ 79 158]]

 [[ 80 157]]

 [[ 80 156]]

 [[ 79 155]]

 [[ 79 154]]

 [[ 79 153]]

 [[ 79 152]]

 [[ 80 151]]

 [[ 80 150]]

 [[ 79 149]]

 [[ 78 149]]

 [[ 77 149]]

 [[ 76 148]]

 [[ 75 147]]

 [[ 74 146]]

 [[ 74 145]]

 [[ 74 144]]

 [[ 73 143]]

 [[ 72 142]]

 [[ 71 142]]

 [[ 70 141]]

 [[ 69 140]]

 [[ 69 139]]

 [[ 68 138]]

 [[ 67 137]]

 [[ 66 137]]

 [[ 65 136]]

 [[ 64 135]]

 [[ 63 134]]

 [[ 62 133]]]
[[[  0   0]]

 [[151  98]]

 [[151  99]]

 [[151 100]]

 [[151 101]]

 [[151 102]]

 [[151 103]]

 [[150 104]]

 [[149 104]]

 [[148 103]]

 [[147 102]]

 [[147 101]]

 [[148 100]]

 [[147 101]]

 [[146 102]]

 [[146 103]]

 [[145 104]]

 [[145 105]]

 [[144 106]]

 [[143 107]]

 [[142 108]]

 [[142 109]]

 [[142 110]]

 [[141 111]]

 [[140 111]]

 [[140 112]]

 [[140 113]]

 [[139 114]]

 [[138 115]]

 [[137 116]]

 [[136 116]]

 [[135 116]]

 [[134 116]]

 [[134 117]]

 [[135 118]]

 [[136 119]]

 [[136 120]]

 [[135 121]]

 [[134 122]]

 [[133 123]]

 [[132 122]]

 [[131 122]]

 [[132 123]]

 [[133 124]]

 [[133 125]]

 [[132 126]]

 [[131 126]]

 [[130 126]]

 [[129 126]]

 [[129 127]]

 [[130 128]]

 [[130 129]]

 [[129 130]]

 [[129 131]]

 [[129 132]]

 [[130 133]]

 [[130 134]]

 [[130 135]]

 [[130 136]]

 [[130 137]]

 [[131 138]]

 [[131 139]]

 [[131 140]]

 [[131 141]]

 [[131 142]]

 [[130 143]]

 [[130 144]]

 [[131 145]]

 [[131 146]]

 [[132 147]]

 [[132 148]]

 [[133 149]]

 [[132 150]]

 [[131 151]]

 [[132 152]]

 [[131 153]]

 [[131 154]]

 [[130 155]]

 [[130 156]]

 [[130 157]]

 [[130 158]]

 [[131 158]]

 [[132 158]]

 [[132 157]]

 [[132 156]]

 [[132 155]]

 [[132 154]]

 [[133 153]]

 [[134 152]]

 [[135 152]]

 [[136 152]]

 [[137 153]]

 [[137 152]]

 [[136 151]]

 [[136 150]]

 [[137 149]]

 [[138 149]]

 [[139 149]]

 [[140 150]]

 [[141 150]]

 [[142 151]]

 [[143 152]]

 [[144 152]]

 [[145 152]]

 [[146 152]]

 [[147 151]]

 [[148 151]]

 [[148 150]]

 [[149 149]]

 [[149 148]]

 [[149 147]]

 [[150 146]]

 [[150 145]]

 [[150 144]]

 [[151 143]]

 [[151 142]]

 [[151 141]]

 [[152 140]]

 [[152 139]]

 [[152 138]]

 [[152 137]]

 [[151 136]]

 [[151 135]]

 [[150 134]]

 [[150 133]]

 [[150 132]]

 [[150 131]]

 [[150 130]]

 [[149 130]]

 [[148 129]]

 [[147 128]]

 [[146 127]]

 [[145 126]]

 [[145 125]]

 [[144 125]]

 [[143 124]]

 [[142 123]]

 [[142 122]]

 [[142 121]]

 [[143 120]]

 [[144 119]]

 [[145 118]]

 [[146 117]]

 [[147 118]]

 [[148 118]]

 [[149 117]]

 [[149 116]]

 [[149 115]]

 [[149 114]]

 [[150 113]]

 [[150 112]]

 [[150 111]]

 [[149 110]]

 [[149 109]]

 [[149 108]]

 [[149 107]]

 [[149 106]]

 [[149 105]]

 [[150 104]]

 [[151 105]]

 [[151 106]]

 [[151 107]]

 [[152 106]]

 [[153 106]]

 [[152 105]]

 [[152 104]]

 [[151 103]]

 [[151 102]]

 [[151 101]]

 [[152 100]]

 [[153  99]]

 [[153  98]]]
[[[  0   0]]

 [[135 122]]

 [[136 122]]

 [[137 122]]

 [[138 122]]

 [[139 123]]

 [[140 124]]

 [[141 125]]

 [[142 126]]

 [[143 127]]

 [[144 128]]

 [[145 129]]

 [[146 130]]

 [[147 131]]

 [[148 132]]

 [[148 133]]

 [[148 134]]

 [[148 135]]

 [[148 136]]

 [[147 137]]

 [[147 138]]

 [[147 139]]

 [[147 140]]

 [[147 141]]

 [[147 142]]

 [[147 143]]

 [[147 144]]

 [[147 145]]

 [[147 146]]

 [[147 147]]

 [[147 148]]

 [[146 149]]

 [[145 149]]

 [[144 149]]

 [[143 149]]

 [[142 149]]

 [[141 149]]

 [[140 149]]

 [[139 149]]

 [[138 148]]

 [[137 148]]

 [[136 148]]

 [[135 147]]

 [[134 146]]

 [[133 145]]

 [[133 144]]

 [[133 143]]

 [[133 142]]

 [[133 141]]

 [[133 140]]

 [[133 139]]

 [[133 138]]

 [[133 137]]

 [[133 136]]

 [[133 135]]

 [[133 134]]

 [[133 133]]

 [[133 132]]

 [[133 131]]

 [[133 130]]

 [[134 129]]

 [[134 128]]

 [[134 127]]

 [[133 126]]

 [[133 125]]

 [[133 124]]]
[[[  0   0]]

 [[507  62]]

 [[506  62]]

 [[505  63]]

 [[504  63]]

 [[503  63]]

 [[502  64]]

 [[501  64]]

 [[501  65]]

 [[500  66]]

 [[499  66]]

 [[499  67]]

 [[500  68]]

 [[501  69]]

 [[502  70]]

 [[502  71]]

 [[501  72]]

 [[501  73]]

 [[501  74]]

 [[500  75]]

 [[499  75]]

 [[498  74]]

 [[498  73]]

 [[498  74]]

 [[498  75]]

 [[498  76]]

 [[498  77]]

 [[499  78]]

 [[500  78]]

 [[501  79]]

 [[502  80]]

 [[502  81]]

 [[502  82]]

 [[501  83]]

 [[501  84]]

 [[501  85]]

 [[502  86]]

 [[501  87]]

 [[500  88]]

 [[499  88]]

 [[498  87]]

 [[497  86]]

 [[496  86]]

 [[495  85]]

 [[495  84]]

 [[494  83]]

 [[493  83]]

 [[492  84]]

 [[492  85]]

 [[493  85]]

 [[494  85]]

 [[495  85]]

 [[496  86]]

 [[496  87]]

 [[496  88]]

 [[497  88]]

 [[498  89]]

 [[497  90]]

 [[496  90]]

 [[497  91]]

 [[497  92]]

 [[497  93]]

 [[496  94]]

 [[495  95]]

 [[495  96]]

 [[496  97]]

 [[496  98]]

 [[496  99]]

 [[495 100]]

 [[494 100]]

 [[493 100]]

 [[492  99]]

 [[492  98]]

 [[492  99]]

 [[491 100]]

 [[490 101]]

 [[489 102]]

 [[488 101]]

 [[487 101]]

 [[486 100]]

 [[486  99]]

 [[485 100]]

 [[486 101]]

 [[486 102]]

 [[487 103]]

 [[487 104]]

 [[488 105]]

 [[488 106]]

 [[488 107]]

 [[488 108]]

 [[487 109]]

 [[488 109]]

 [[489 108]]

 [[490 108]]

 [[491 109]]

 [[492 110]]

 [[493 110]]

 [[494 110]]

 [[495 109]]

 [[495 108]]

 [[495 107]]

 [[495 106]]

 [[496 105]]

 [[496 104]]

 [[497 103]]

 [[497 102]]

 [[497 101]]

 [[496 100]]

 [[496  99]]

 [[497  98]]

 [[498  98]]

 [[499  98]]

 [[500  97]]

 [[500  96]]

 [[500  95]]

 [[501  94]]

 [[501  93]]

 [[501  92]]

 [[501  91]]

 [[501  90]]

 [[501  89]]

 [[501  88]]

 [[501  87]]

 [[502  86]]

 [[502  85]]

 [[503  84]]

 [[503  83]]

 [[503  82]]

 [[503  81]]

 [[503  80]]

 [[504  79]]

 [[504  78]]

 [[505  77]]

 [[505  76]]

 [[506  75]]

 [[506  74]]

 [[506  73]]

 [[507  72]]

 [[507  71]]

 [[507  70]]

 [[507  69]]

 [[507  68]]

 [[507  67]]

 [[507  66]]

 [[507  65]]

 [[507  64]]

 [[508  63]]

 [[508  62]]]
[[[  0   0]]

 [[535  29]]

 [[534  30]]

 [[533  31]]

 [[532  31]]

 [[531  31]]

 [[530  31]]

 [[529  31]]

 [[528  31]]

 [[527  31]]

 [[526  32]]

 [[525  32]]

 [[524  32]]

 [[523  32]]

 [[522  32]]

 [[521  32]]

 [[520  32]]

 [[519  32]]

 [[518  32]]

 [[517  32]]

 [[516  32]]

 [[515  33]]

 [[514  34]]

 [[514  35]]

 [[514  36]]

 [[514  37]]

 [[515  38]]

 [[515  39]]

 [[516  39]]

 [[517  39]]

 [[518  39]]

 [[519  39]]

 [[519  38]]

 [[520  37]]

 [[521  36]]

 [[522  36]]

 [[523  36]]

 [[524  35]]

 [[525  35]]

 [[526  35]]

 [[527  35]]

 [[528  35]]

 [[529  35]]

 [[530  36]]

 [[531  36]]

 [[532  36]]

 [[533  36]]

 [[534  36]]

 [[535  36]]

 [[536  36]]

 [[537  36]]

 [[538  36]]

 [[539  36]]

 [[540  36]]

 [[541  36]]

 [[542  37]]

 [[543  37]]

 [[544  37]]

 [[545  37]]

 [[546  37]]

 [[547  38]]

 [[548  38]]

 [[549  38]]

 [[550  39]]

 [[551  39]]

 [[552  39]]

 [[553  40]]

 [[554  40]]

 [[555  40]]

 [[556  41]]

 [[557  41]]

 [[558  41]]

 [[559  42]]

 [[560  43]]

 [[561  43]]

 [[562  44]]

 [[563  44]]

 [[564  45]]

 [[565  45]]

 [[566  46]]

 [[567  46]]

 [[568  47]]

 [[569  48]]

 [[569  49]]

 [[569  50]]

 [[569  51]]

 [[569  52]]

 [[570  53]]

 [[571  54]]

 [[571  55]]

 [[572  56]]

 [[572  57]]

 [[572  58]]

 [[572  59]]

 [[572  60]]

 [[571  61]]

 [[570  62]]

 [[569  62]]

 [[568  63]]

 [[567  62]]

 [[566  63]]

 [[565  63]]

 [[565  64]]

 [[565  65]]

 [[565  66]]

 [[565  67]]

 [[565  68]]

 [[566  68]]

 [[567  68]]

 [[568  69]]

 [[568  70]]

 [[568  71]]

 [[568  72]]

 [[568  73]]

 [[568  74]]

 [[568  75]]

 [[569  76]]

 [[570  77]]

 [[571  78]]

 [[572  78]]

 [[572  77]]

 [[572  76]]

 [[571  75]]

 [[571  74]]

 [[570  73]]

 [[570  72]]

 [[571  71]]

 [[572  70]]

 [[572  69]]

 [[572  68]]

 [[572  67]]

 [[572  66]]

 [[572  65]]

 [[573  64]]

 [[573  63]]

 [[574  62]]

 [[574  61]]

 [[573  60]]

 [[573  59]]

 [[573  58]]

 [[574  57]]

 [[574  56]]

 [[573  55]]

 [[573  54]]

 [[573  53]]

 [[573  52]]

 [[572  51]]

 [[573  50]]

 [[572  49]]

 [[572  48]]

 [[572  47]]

 [[571  46]]

 [[571  45]]

 [[571  44]]

 [[570  44]]

 [[569  43]]

 [[568  42]]

 [[567  42]]

 [[566  41]]

 [[565  40]]

 [[564  39]]

 [[563  39]]

 [[562  38]]

 [[561  38]]

 [[560  37]]

 [[559  36]]

 [[559  35]]

 [[558  35]]

 [[557  35]]

 [[556  34]]

 [[555  34]]

 [[554  34]]

 [[553  33]]

 [[552  32]]

 [[551  32]]

 [[550  31]]

 [[549  31]]

 [[548  31]]

 [[547  31]]

 [[546  32]]

 [[545  32]]

 [[544  32]]

 [[543  32]]

 [[542  32]]

 [[541  31]]

 [[540  30]]

 [[539  30]]

 [[538  29]]

 [[537  29]]

 [[536  28]]]
[[[  0   0]]

 [[460   2]]

 [[459   3]]

 [[459   4]]

 [[459   5]]

 [[458   6]]

 [[458   7]]

 [[458   8]]

 [[458   9]]

 [[458  10]]

 [[458  11]]

 [[458  12]]

 [[458  13]]

 [[458  14]]

 [[457  15]]

 [[457  16]]

 [[457  17]]

 [[457  18]]

 [[456  19]]

 [[456  20]]

 [[456  21]]

 [[456  22]]

 [[456  23]]

 [[455  24]]

 [[454  25]]

 [[454  26]]

 [[454  27]]

 [[453  28]]

 [[453  29]]

 [[452  30]]

 [[453  31]]

 [[453  32]]

 [[454  33]]

 [[455  34]]

 [[456  35]]

 [[457  36]]

 [[458  37]]

 [[459  38]]

 [[460  39]]

 [[461  40]]

 [[462  41]]

 [[462  42]]

 [[463  43]]

 [[464  42]]

 [[465  42]]

 [[466  42]]

 [[467  42]]

 [[468  42]]

 [[469  42]]

 [[470  42]]

 [[471  43]]

 [[472  43]]

 [[473  43]]

 [[474  44]]

 [[475  44]]

 [[476  44]]

 [[477  44]]

 [[478  44]]

 [[479  44]]

 [[480  44]]

 [[481  44]]

 [[482  44]]

 [[483  44]]

 [[484  44]]

 [[485  45]]

 [[486  45]]

 [[487  45]]

 [[488  45]]

 [[489  45]]

 [[490  45]]

 [[491  44]]

 [[492  43]]

 [[493  43]]

 [[494  42]]

 [[495  41]]

 [[496  41]]

 [[497  40]]

 [[498  41]]

 [[499  42]]

 [[500  43]]

 [[500  44]]

 [[500  45]]

 [[500  46]]

 [[500  47]]

 [[501  48]]

 [[501  49]]

 [[502  50]]

 [[502  51]]

 [[503  51]]

 [[504  52]]

 [[505  53]]

 [[506  54]]

 [[507  55]]

 [[507  56]]

 [[507  57]]

 [[507  58]]

 [[508  59]]

 [[509  58]]

 [[509  57]]

 [[510  56]]

 [[510  55]]

 [[511  54]]

 [[511  53]]

 [[511  52]]

 [[512  51]]

 [[512  50]]

 [[512  49]]

 [[512  48]]

 [[512  47]]

 [[511  46]]

 [[510  47]]

 [[509  47]]

 [[508  47]]

 [[507  47]]

 [[506  47]]

 [[505  46]]

 [[504  46]]

 [[503  45]]

 [[503  44]]

 [[503  43]]

 [[503  42]]

 [[502  41]]

 [[501  40]]

 [[500  39]]

 [[499  38]]

 [[498  37]]

 [[497  36]]

 [[497  35]]

 [[497  34]]

 [[497  33]]

 [[497  32]]

 [[497  31]]

 [[497  30]]

 [[497  29]]

 [[497  28]]

 [[497  27]]

 [[496  26]]

 [[496  25]]

 [[497  24]]

 [[497  23]]

 [[497  22]]

 [[497  21]]

 [[497  20]]

 [[498  19]]

 [[498  18]]

 [[499  17]]

 [[499  16]]

 [[499  15]]

 [[499  14]]

 [[499  13]]

 [[499  12]]

 [[499  11]]

 [[499  10]]

 [[499   9]]

 [[499   8]]

 [[499   7]]

 [[499   6]]

 [[500   5]]

 [[500   4]]

 [[500   3]]

 [[500   2]]

 [[500   1]]

 [[499   1]]

 [[498   1]]

 [[498   2]]

 [[498   3]]

 [[497   4]]

 [[497   5]]

 [[497   6]]

 [[497   7]]

 [[496   8]]

 [[496   9]]

 [[496  10]]

 [[496  11]]

 [[496  12]]

 [[495  13]]

 [[495  14]]

 [[495  15]]

 [[495  16]]

 [[495  17]]

 [[495  18]]

 [[495  19]]

 [[495  20]]

 [[495  21]]

 [[495  22]]

 [[495  23]]

 [[495  24]]

 [[494  25]]

 [[494  26]]

 [[494  27]]

 [[494  28]]

 [[493  29]]

 [[493  30]]

 [[494  31]]

 [[494  32]]

 [[494  33]]

 [[494  34]]

 [[494  35]]

 [[494  36]]

 [[494  37]]

 [[494  38]]

 [[494  39]]

 [[493  40]]

 [[492  40]]

 [[491  41]]

 [[490  42]]

 [[489  42]]

 [[488  42]]

 [[487  41]]

 [[486  41]]

 [[485  41]]

 [[484  41]]

 [[483  41]]

 [[482  41]]

 [[481  41]]

 [[480  40]]

 [[479  40]]

 [[478  41]]

 [[477  40]]

 [[476  40]]

 [[475  40]]

 [[474  40]]

 [[473  40]]

 [[472  40]]

 [[471  40]]

 [[470  40]]

 [[469  40]]

 [[468  40]]

 [[467  39]]

 [[466  39]]

 [[465  38]]

 [[464  38]]

 [[463  37]]

 [[462  36]]

 [[461  35]]

 [[461  34]]

 [[461  33]]

 [[461  32]]

 [[460  31]]

 [[459  30]]

 [[458  29]]

 [[458  28]]

 [[458  27]]

 [[458  26]]

 [[458  25]]

 [[458  24]]

 [[459  23]]

 [[459  22]]

 [[459  21]]

 [[460  20]]

 [[460  19]]

 [[460  18]]

 [[460  17]]

 [[461  16]]

 [[461  15]]

 [[461  14]]

 [[462  13]]

 [[462  12]]

 [[462  11]]

 [[462  10]]

 [[462   9]]

 [[462   8]]

 [[462   7]]

 [[463   6]]

 [[463   5]]

 [[463   4]]

 [[463   3]]

 [[464   2]]

 [[464   1]]

 [[463   1]]

 [[462   1]]

 [[461   1]]]
[[[  0   0]]

 [[171   2]]

 [[170   3]]

 ..., 
 [[175   1]]

 [[174   1]]

 [[173   1]]]
[[[  0   0]]

 [[261   4]]

 [[262   5]]

 [[263   6]]

 [[264   6]]

 [[265   5]]

 [[266   5]]

 [[267   5]]

 [[268   4]]

 [[269   5]]

 [[270   5]]

 [[271   5]]

 [[272   5]]

 [[273   5]]

 [[274   5]]

 [[275   5]]

 [[276   6]]

 [[277   6]]

 [[278   6]]

 [[279   6]]

 [[280   6]]

 [[281   7]]

 [[282   7]]

 [[283   7]]

 [[284   7]]

 [[285   7]]

 [[286   7]]

 [[287   7]]

 [[288   7]]

 [[289   7]]

 [[290   8]]

 [[291   8]]

 [[292   9]]

 [[293  10]]

 [[293  11]]

 [[293  12]]

 [[292  13]]

 [[291  14]]

 [[290  14]]

 [[289  14]]

 [[288  14]]

 [[287  14]]

 [[286  14]]

 [[285  14]]

 [[284  14]]

 [[283  14]]

 [[282  14]]

 [[281  14]]

 [[280  14]]

 [[279  14]]

 [[278  14]]

 [[277  14]]

 [[276  14]]

 [[275  14]]

 [[274  14]]

 [[273  14]]

 [[272  14]]

 [[271  14]]

 [[270  14]]

 [[269  14]]

 [[268  14]]

 [[267  14]]

 [[266  14]]

 [[265  14]]

 [[264  14]]

 [[263  14]]

 [[262  14]]

 [[261  14]]

 [[260  14]]

 [[259  14]]

 [[258  14]]

 [[257  14]]

 [[256  14]]

 [[255  14]]

 [[254  13]]

 [[253  13]]

 [[252  13]]

 [[251  13]]

 [[252  14]]

 [[253  15]]

 [[254  15]]

 [[255  15]]

 [[256  16]]

 [[257  16]]

 [[258  16]]

 [[259  16]]

 [[260  16]]

 [[261  17]]

 [[262  17]]

 [[263  17]]

 [[264  18]]

 [[265  18]]

 [[266  18]]

 [[267  18]]

 [[268  18]]

 [[269  19]]

 [[270  19]]

 [[271  19]]

 [[272  19]]

 [[273  19]]

 [[274  19]]

 [[275  19]]

 [[276  19]]

 [[277  19]]

 [[278  19]]

 [[279  19]]

 [[280  19]]

 [[281  19]]

 [[282  19]]

 [[283  19]]

 [[284  18]]

 [[285  18]]

 [[286  18]]

 [[287  18]]

 [[288  18]]

 [[289  18]]

 [[290  17]]

 [[291  17]]

 [[292  16]]

 [[293  16]]

 [[294  15]]

 [[295  15]]

 [[296  16]]

 [[297  17]]

 [[297  18]]

 [[297  19]]

 [[297  20]]

 [[297  21]]

 [[297  22]]

 [[297  23]]

 [[297  24]]

 [[297  25]]

 [[297  26]]

 [[297  27]]

 [[297  28]]

 [[297  29]]

 [[297  30]]

 [[297  31]]

 [[297  32]]

 [[297  33]]

 [[297  34]]

 [[297  35]]

 [[297  36]]

 [[297  37]]

 [[297  38]]

 [[296  39]]

 [[296  40]]

 [[297  41]]

 [[297  42]]

 [[297  43]]

 [[297  44]]

 [[297  45]]

 [[297  46]]

 [[297  47]]

 [[297  48]]

 [[297  49]]

 [[296  50]]

 [[296  51]]

 [[296  52]]

 [[296  53]]

 [[296  54]]

 [[296  55]]

 [[296  56]]

 [[297  57]]

 [[296  58]]

 [[296  59]]

 [[296  60]]

 [[296  61]]

 [[296  62]]

 [[296  63]]

 [[296  64]]

 [[296  65]]

 [[296  66]]

 [[296  67]]

 [[296  68]]

 [[296  69]]

 [[297  70]]

 [[297  71]]

 [[297  72]]

 [[297  73]]

 [[297  74]]

 [[297  75]]

 [[297  76]]

 [[296  77]]

 [[296  78]]

 [[297  79]]

 [[297  80]]

 [[297  81]]

 [[297  82]]

 [[297  83]]

 [[297  84]]

 [[297  85]]

 [[297  86]]

 [[297  87]]

 [[297  88]]

 [[297  89]]

 [[297  90]]

 [[297  91]]

 [[296  92]]

 [[295  92]]

 [[294  92]]

 [[294  93]]

 [[294  94]]

 [[293  95]]

 [[292  96]]

 [[291  96]]

 [[290  97]]

 [[289  98]]

 [[288  99]]

 [[287  99]]

 [[286 100]]

 [[285 100]]

 [[284 101]]

 [[283 100]]

 [[282 100]]

 [[281 100]]

 [[280 101]]

 [[279 101]]

 [[278 100]]

 [[277 100]]

 [[276 100]]

 [[275 100]]

 [[274 100]]

 [[273 100]]

 [[272  99]]

 [[271 100]]

 [[270 101]]

 [[269 102]]

 [[268 102]]

 [[267 102]]

 [[266 103]]

 [[265 102]]

 [[264 102]]

 [[263 102]]

 [[262 102]]

 [[261 102]]

 [[260 103]]

 [[259 103]]

 [[258 103]]

 [[257 103]]

 [[256 103]]

 [[255 103]]

 [[254 102]]

 [[253 102]]

 [[252 101]]

 [[252 100]]

 [[251 100]]

 [[250  99]]

 [[249  99]]

 [[248  99]]

 [[247  99]]

 [[246  99]]

 [[245  99]]

 [[244  99]]

 [[243  98]]

 [[243  97]]

 [[242  96]]

 [[241  96]]

 [[240  97]]

 [[239  97]]

 [[238  96]]

 [[237  96]]

 [[236  95]]

 [[236  94]]

 [[236  93]]

 [[236  92]]

 [[235  91]]

 [[235  90]]

 [[235  89]]

 [[235  88]]

 [[235  87]]

 [[236  86]]

 [[236  85]]

 [[236  84]]

 [[236  83]]

 [[236  82]]

 [[236  81]]

 [[236  80]]

 [[236  79]]

 [[236  78]]

 [[236  77]]

 [[237  76]]

 [[237  75]]

 [[237  74]]

 [[237  73]]

 [[238  72]]

 [[238  71]]

 [[238  70]]

 [[238  69]]

 [[238  68]]

 [[238  67]]

 [[238  66]]

 [[238  65]]

 [[238  64]]

 [[238  63]]

 [[238  62]]

 [[238  61]]

 [[238  60]]

 [[238  59]]

 [[238  58]]

 [[238  57]]

 [[238  56]]

 [[238  55]]

 [[238  54]]

 [[238  53]]

 [[238  52]]

 [[238  51]]

 [[238  50]]

 [[238  49]]

 [[238  48]]

 [[239  47]]

 [[239  46]]

 [[239  45]]

 [[239  44]]

 [[239  43]]

 [[239  42]]

 [[239  41]]

 [[239  40]]

 [[239  39]]

 [[239  38]]

 [[239  37]]

 [[239  36]]

 [[239  35]]

 [[239  34]]

 [[239  33]]

 [[239  32]]

 [[239  31]]

 [[239  30]]

 [[239  29]]

 [[239  28]]

 [[239  27]]

 [[239  26]]

 [[239  25]]

 [[240  24]]

 [[240  23]]

 [[240  22]]

 [[240  21]]

 [[240  20]]

 [[240  19]]

 [[240  18]]

 [[240  17]]

 [[240  16]]

 [[240  15]]

 [[240  14]]

 [[240  13]]

 [[241  12]]

 [[242  11]]

 [[243  10]]

 [[244  10]]

 [[244   9]]

 [[245   8]]

 [[246   7]]

 [[247   6]]

 [[248   5]]

 [[249   5]]

 [[250   5]]

 [[251   5]]

 [[252   5]]

 [[253   5]]

 [[254   5]]

 [[255   5]]

 [[256   5]]

 [[257   5]]

 [[258   5]]

 [[259   5]]]
[[[  0   0]]

 [[115   2]]

 [[114   3]]

 [[113   4]]

 [[112   5]]

 [[111   5]]

 [[110   6]]

 [[109   6]]

 [[108   6]]

 [[108   7]]

 [[108   8]]

 [[109   9]]

 [[110   9]]

 [[111   9]]

 [[112   9]]

 [[113   9]]

 [[114   9]]

 [[115  10]]

 [[116  11]]

 [[117  12]]

 [[117  13]]

 [[117  14]]

 [[117  15]]

 [[117  16]]

 [[118  17]]

 [[119  17]]

 [[120  18]]

 [[121  18]]

 [[122  18]]

 [[123  18]]

 [[124  17]]

 [[125  17]]

 [[126  18]]

 [[127  18]]

 [[128  18]]

 [[129  18]]

 [[130  18]]

 [[131  18]]

 [[132  18]]

 [[133  17]]

 [[134  17]]

 [[135  17]]

 [[136  17]]

 [[137  16]]

 [[138  16]]

 [[139  16]]

 [[140  16]]

 [[141  16]]

 [[142  15]]

 [[143  15]]

 [[144  15]]

 [[145  15]]

 [[146  14]]

 [[147  13]]

 [[148  13]]

 [[149  13]]

 [[150  12]]

 [[151  12]]

 [[152  11]]

 [[153  10]]

 [[153   9]]

 [[153   8]]

 [[153   7]]

 [[153   6]]

 [[153   5]]

 [[153   4]]

 [[153   3]]

 [[153   2]]

 [[153   1]]

 [[152   1]]

 [[151   1]]

 [[151   2]]

 [[151   3]]

 [[151   4]]

 [[151   5]]

 [[151   6]]

 [[151   7]]

 [[150   8]]

 [[149   8]]

 [[148   9]]

 [[147   9]]

 [[146   9]]

 [[145  10]]

 [[144  10]]

 [[143  11]]

 [[142  11]]

 [[141  12]]

 [[140  12]]

 [[139  13]]

 [[138  13]]

 [[137  13]]

 [[136  13]]

 [[135  13]]

 [[134  13]]

 [[133  13]]

 [[132  13]]

 [[131  13]]

 [[130  13]]

 [[129  13]]

 [[128  13]]

 [[127  13]]

 [[126  13]]

 [[125  13]]

 [[124  12]]

 [[123  12]]

 [[122  12]]

 [[121  12]]

 [[120  12]]

 [[119  11]]

 [[119  10]]

 [[118   9]]

 [[118   8]]

 [[118   7]]

 [[118   6]]

 [[118   5]]

 [[118   4]]

 [[118   3]]

 [[118   2]]

 [[118   1]]

 [[117   1]]

 [[116   1]]]
