[[[  0   0]]

 [[446  33]]

 [[447  34]]

 [[448  33]]

 [[449  34]]

 [[450  34]]

 [[451  35]]

 [[452  35]]

 [[453  36]]

 [[454  36]]

 [[455  37]]

 [[456  38]]

 [[456  39]]

 [[457  40]]

 [[457  41]]

 [[457  42]]

 [[457  43]]

 [[457  44]]

 [[457  45]]

 [[457  46]]

 [[458  47]]

 [[458  48]]

 [[459  49]]

 [[460  50]]

 [[460  51]]

 [[460  52]]

 [[461  53]]

 [[461  54]]

 [[461  55]]

 [[461  56]]

 [[461  57]]

 [[461  58]]

 [[462  59]]

 [[462  60]]

 [[462  61]]

 [[462  62]]

 [[462  63]]

 [[463  64]]

 [[463  65]]

 [[463  66]]

 [[463  67]]

 [[462  68]]

 [[462  69]]

 [[462  70]]

 [[462  71]]

 [[462  72]]

 [[462  73]]

 [[462  74]]

 [[462  75]]

 [[463  76]]

 [[463  77]]

 [[463  78]]

 [[464  79]]

 [[464  80]]

 [[464  81]]

 [[464  82]]

 [[464  83]]

 [[464  84]]

 [[464  85]]

 [[464  86]]

 [[464  87]]

 [[464  88]]

 [[464  89]]

 [[464  90]]

 [[464  91]]

 [[464  92]]

 [[464  93]]

 [[464  94]]

 [[464  95]]

 [[464  96]]

 [[464  97]]

 [[464  98]]

 [[464  99]]

 [[464 100]]

 [[464 101]]

 [[464 102]]

 [[464 103]]

 [[464 104]]

 [[464 105]]

 [[464 106]]

 [[465 107]]

 [[466 108]]

 [[466 109]]

 [[466 110]]

 [[466 111]]

 [[466 112]]

 [[466 113]]

 [[465 114]]

 [[464 115]]

 [[464 116]]

 [[463 117]]

 [[463 118]]

 [[463 119]]

 [[464 120]]

 [[464 121]]

 [[464 122]]

 [[465 123]]

 [[465 124]]

 [[465 125]]

 [[465 126]]

 [[465 127]]

 [[465 128]]

 [[465 129]]

 [[464 130]]

 [[464 131]]

 [[464 132]]

 [[463 133]]

 [[463 134]]

 [[463 135]]

 [[463 136]]

 [[463 137]]

 [[464 138]]

 [[464 139]]

 [[464 140]]

 [[465 141]]

 [[464 142]]

 [[465 143]]

 [[465 144]]

 [[466 145]]

 [[466 146]]

 [[467 147]]

 [[468 148]]

 [[468 149]]

 [[468 150]]

 [[468 151]]

 [[468 152]]

 [[468 153]]

 [[468 154]]

 [[468 155]]

 [[467 156]]

 [[466 157]]

 [[466 158]]

 [[467 159]]

 [[466 160]]

 [[466 161]]

 [[466 162]]

 [[466 163]]

 [[466 164]]

 [[465 165]]

 [[465 166]]

 [[465 167]]

 [[465 168]]

 [[466 169]]

 [[466 170]]

 [[466 171]]

 [[466 172]]

 [[467 173]]

 [[468 174]]

 [[469 175]]

 [[470 176]]

 [[470 177]]

 [[471 178]]

 [[471 179]]

 [[471 180]]

 [[471 181]]

 [[471 182]]

 [[471 183]]

 [[470 184]]

 [[470 185]]

 [[471 186]]

 [[471 187]]

 [[471 188]]

 [[471 189]]

 [[471 190]]

 [[471 191]]

 [[471 192]]

 [[471 193]]

 [[471 194]]

 [[471 195]]

 [[471 196]]

 [[470 197]]

 [[470 198]]

 [[470 199]]

 [[471 200]]

 [[471 201]]

 [[472 202]]

 [[473 203]]

 [[473 204]]

 [[472 205]]

 [[472 206]]

 [[471 207]]

 [[471 208]]

 [[471 209]]

 [[472 210]]

 [[472 211]]

 [[473 212]]

 [[473 213]]

 [[472 214]]

 [[471 215]]

 [[471 216]]

 [[471 217]]

 [[471 218]]

 [[471 219]]

 [[471 220]]

 [[472 221]]

 [[471 222]]

 [[471 223]]

 [[472 223]]

 [[473 224]]

 [[474 224]]

 [[475 225]]

 [[475 226]]

 [[476 227]]

 [[477 228]]

 [[478 229]]

 [[478 230]]

 [[478 231]]

 [[477 232]]

 [[476 233]]

 [[476 234]]

 [[476 235]]

 [[476 236]]

 [[475 237]]

 [[474 238]]

 [[473 239]]

 [[473 240]]

 [[472 241]]

 [[472 242]]

 [[472 243]]

 [[472 244]]

 [[473 245]]

 [[474 246]]

 [[474 247]]

 [[474 248]]

 [[474 249]]

 [[473 250]]

 [[473 251]]

 [[472 252]]

 [[472 253]]

 [[471 254]]

 [[470 255]]

 [[469 255]]

 [[468 255]]

 [[468 256]]

 [[468 257]]

 [[467 258]]

 [[468 258]]

 [[469 258]]

 [[470 258]]

 [[471 258]]

 [[472 258]]

 [[473 258]]

 [[474 258]]

 [[475 258]]

 [[476 258]]

 [[477 258]]

 [[478 258]]

 [[479 258]]

 [[480 258]]

 [[481 258]]

 [[482 258]]

 [[483 258]]

 [[484 258]]

 [[485 258]]

 [[484 257]]

 [[484 256]]

 [[484 255]]

 [[485 254]]

 [[486 253]]

 [[486 252]]

 [[486 251]]

 [[486 250]]

 [[486 249]]

 [[486 248]]

 [[486 247]]

 [[486 246]]

 [[486 245]]

 [[486 244]]

 [[486 243]]

 [[486 242]]

 [[486 241]]

 [[486 240]]

 [[486 239]]

 [[486 238]]

 [[485 237]]

 [[485 236]]

 [[485 235]]

 [[485 234]]

 [[485 233]]

 [[486 232]]

 [[487 232]]

 [[487 231]]

 [[487 230]]

 [[487 229]]

 [[488 228]]

 [[488 227]]

 [[487 226]]

 [[487 225]]

 [[486 224]]

 [[486 223]]

 [[485 222]]

 [[485 221]]

 [[485 220]]

 [[485 219]]

 [[485 218]]

 [[484 217]]

 [[485 216]]

 [[485 215]]

 [[485 214]]

 [[484 213]]

 [[483 213]]

 [[482 212]]

 [[482 211]]

 [[482 210]]

 [[482 209]]

 [[481 208]]

 [[481 207]]

 [[481 206]]

 [[481 205]]

 [[481 204]]

 [[481 203]]

 [[482 202]]

 [[482 201]]

 [[482 200]]

 [[482 199]]

 [[482 198]]

 [[482 197]]

 [[482 196]]

 [[482 195]]

 [[482 194]]

 [[481 194]]

 [[480 193]]

 [[480 192]]

 [[480 191]]

 [[481 190]]

 [[481 189]]

 [[480 188]]

 [[480 187]]

 [[479 186]]

 [[478 185]]

 [[477 184]]

 [[477 183]]

 [[477 182]]

 [[476 181]]

 [[476 180]]

 [[477 179]]

 [[478 178]]

 [[478 177]]

 [[479 176]]

 [[479 175]]

 [[479 174]]

 [[478 173]]

 [[478 172]]

 [[477 171]]

 [[477 170]]

 [[478 169]]

 [[478 168]]

 [[478 167]]

 [[478 166]]

 [[478 165]]

 [[478 164]]

 [[478 163]]

 [[478 162]]

 [[479 161]]

 [[479 160]]

 [[479 159]]

 [[478 158]]

 [[477 157]]

 [[477 156]]

 [[476 155]]

 [[475 154]]

 [[475 153]]

 [[475 152]]

 [[476 151]]

 [[476 150]]

 [[476 149]]

 [[475 148]]

 [[475 147]]

 [[474 146]]

 [[474 145]]

 [[474 144]]

 [[473 143]]

 [[473 142]]

 [[474 141]]

 [[474 140]]

 [[474 139]]

 [[474 138]]

 [[474 137]]

 [[474 136]]

 [[474 135]]

 [[473 134]]

 [[473 133]]

 [[473 132]]

 [[473 131]]

 [[472 130]]

 [[472 129]]

 [[472 128]]

 [[472 127]]

 [[472 126]]

 [[472 125]]

 [[473 124]]

 [[473 123]]

 [[473 122]]

 [[474 121]]

 [[474 120]]

 [[475 119]]

 [[474 118]]

 [[474 117]]

 [[474 116]]

 [[474 115]]

 [[473 114]]

 [[473 113]]

 [[473 112]]

 [[472 111]]

 [[472 110]]

 [[472 109]]

 [[473 108]]

 [[473 107]]

 [[472 106]]

 [[472 105]]

 [[472 104]]

 [[472 103]]

 [[472 102]]

 [[472 101]]

 [[472 100]]

 [[472  99]]

 [[472  98]]

 [[472  97]]

 [[472  96]]

 [[471  95]]

 [[471  94]]

 [[471  93]]

 [[471  92]]

 [[471  91]]

 [[471  90]]

 [[471  89]]

 [[470  88]]

 [[470  87]]

 [[470  86]]

 [[470  85]]

 [[470  84]]

 [[470  83]]

 [[470  82]]

 [[470  81]]

 [[470  80]]

 [[470  79]]

 [[471  78]]

 [[471  77]]

 [[470  76]]

 [[470  75]]

 [[469  74]]

 [[469  73]]

 [[469  72]]

 [[468  71]]

 [[468  70]]

 [[468  69]]

 [[468  68]]

 [[468  67]]

 [[468  66]]

 [[469  65]]

 [[469  64]]

 [[469  63]]

 [[469  62]]

 [[469  61]]

 [[469  60]]

 [[468  59]]

 [[468  58]]

 [[467  57]]

 [[467  56]]

 [[466  55]]

 [[466  54]]

 [[465  53]]

 [[465  52]]

 [[464  51]]

 [[464  50]]

 [[463  49]]

 [[463  48]]

 [[463  47]]

 [[463  46]]

 [[463  45]]

 [[462  44]]

 [[462  43]]

 [[462  42]]

 [[462  41]]

 [[461  40]]

 [[461  39]]

 [[460  38]]

 [[459  38]]

 [[458  37]]

 [[457  37]]

 [[456  36]]

 [[455  35]]

 [[454  35]]

 [[453  34]]

 [[452  34]]

 [[451  34]]

 [[450  34]]

 [[449  33]]

 [[448  33]]]
[[[  0   0]]

 [[312  31]]

 [[311  32]]

 ..., 
 [[316  31]]

 [[315  30]]

 [[314  30]]]
