[[[  0   0]]

 [[623   3]]

 [[623   4]]

 ..., 
 [[623   5]]

 [[623   4]]

 [[623   3]]]
[[[  0   0]]

 [[467   2]]

 [[467   3]]

 [[466   4]]

 [[465   4]]

 [[464   5]]

 [[463   5]]

 [[463   6]]

 [[463   7]]

 [[462   8]]

 [[462   9]]

 [[461  10]]

 [[462  10]]

 [[463  11]]

 [[464  11]]

 [[465  12]]

 [[465  13]]

 [[465  14]]

 [[465  15]]

 [[464  16]]

 [[464  17]]

 [[464  18]]

 [[465  18]]

 [[466  19]]

 [[467  19]]

 [[468  19]]

 [[469  19]]

 [[470  18]]

 [[470  17]]

 [[471  16]]

 [[472  16]]

 [[473  16]]

 [[474  16]]

 [[475  16]]

 [[476  16]]

 [[477  16]]

 [[478  16]]

 [[479  16]]

 [[480  16]]

 [[481  16]]

 [[482  16]]

 [[483  16]]

 [[484  15]]

 [[485  15]]

 [[486  15]]

 [[487  16]]

 [[488  17]]

 [[488  18]]

 [[489  18]]

 [[489  17]]

 [[488  16]]

 [[488  15]]

 [[489  14]]

 [[489  13]]

 [[489  12]]

 [[490  11]]

 [[490  10]]

 [[490   9]]

 [[490   8]]

 [[490   7]]

 [[490   6]]

 [[490   5]]

 [[491   4]]

 [[492   4]]

 [[493   4]]

 [[494   4]]

 [[494   3]]

 [[495   2]]

 [[495   1]]

 [[494   1]]

 [[493   1]]

 [[492   2]]

 [[491   3]]

 [[490   2]]

 [[489   2]]

 [[488   2]]

 [[488   3]]

 [[487   4]]

 [[487   5]]

 [[487   6]]

 [[487   7]]

 [[486   8]]

 [[485   7]]

 [[485   6]]

 [[485   5]]

 [[485   4]]

 [[485   3]]

 [[485   2]]

 [[486   1]]

 [[485   1]]

 [[484   1]]

 [[483   1]]

 [[483   2]]

 [[483   3]]

 [[483   4]]

 [[484   5]]

 [[484   6]]

 [[484   7]]

 [[483   8]]

 [[482   9]]

 [[483  10]]

 [[483  11]]

 [[484  12]]

 [[484  13]]

 [[484  14]]

 [[483  15]]

 [[482  15]]

 [[481  15]]

 [[480  15]]

 [[479  14]]

 [[478  13]]

 [[478  12]]

 [[477  12]]

 [[476  12]]

 [[475  13]]

 [[474  14]]

 [[473  15]]

 [[472  15]]

 [[471  14]]

 [[470  14]]

 [[469  14]]

 [[468  13]]

 [[468  12]]

 [[468  11]]

 [[468  10]]

 [[469   9]]

 [[469   8]]

 [[469   7]]

 [[469   6]]

 [[469   5]]

 [[470   4]]

 [[471   3]]

 [[472   3]]

 [[471   3]]

 [[470   2]]

 [[470   1]]

 [[469   1]]

 [[468   1]]]
