[[[  0   0]]

 [[411 201]]

 [[412 202]]

 [[412 203]]

 [[413 204]]

 [[413 205]]

 [[414 206]]

 [[414 207]]

 [[415 208]]

 [[416 209]]

 [[415 210]]

 [[414 210]]

 [[414 211]]

 [[414 212]]

 [[414 213]]

 [[415 213]]

 [[416 214]]

 [[417 213]]

 [[418 213]]

 [[419 213]]

 [[420 214]]

 [[421 214]]

 [[422 214]]

 [[423 214]]

 [[424 215]]

 [[425 215]]

 [[426 215]]

 [[427 215]]

 [[428 214]]

 [[429 214]]

 [[430 214]]

 [[431 214]]

 [[432 215]]

 [[433 215]]

 [[434 216]]

 [[435 216]]

 [[436 216]]

 [[437 216]]

 [[438 215]]

 [[439 215]]

 [[440 215]]

 [[441 216]]

 [[442 216]]

 [[443 216]]

 [[444 217]]

 [[445 217]]

 [[446 217]]

 [[447 217]]

 [[448 217]]

 [[449 217]]

 [[450 217]]

 [[451 217]]

 [[452 217]]

 [[453 217]]

 [[454 217]]

 [[455 217]]

 [[456 217]]

 [[457 217]]

 [[458 217]]

 [[459 217]]

 [[460 218]]

 [[461 218]]

 [[462 218]]

 [[463 218]]

 [[464 219]]

 [[465 219]]

 [[466 219]]

 [[467 219]]

 [[468 218]]

 [[469 218]]

 [[470 218]]

 [[471 217]]

 [[472 217]]

 [[473 216]]

 [[474 216]]

 [[475 215]]

 [[476 214]]

 [[477 213]]

 [[478 212]]

 [[479 212]]

 [[480 213]]

 [[481 213]]

 [[481 212]]

 [[481 211]]

 [[480 210]]

 [[479 209]]

 [[479 208]]

 [[479 207]]

 [[479 206]]

 [[479 205]]

 [[479 204]]

 [[478 204]]

 [[477 205]]

 [[477 206]]

 [[476 207]]

 [[475 208]]

 [[474 209]]

 [[473 210]]

 [[472 210]]

 [[471 211]]

 [[470 211]]

 [[469 211]]

 [[468 211]]

 [[467 212]]

 [[466 212]]

 [[465 211]]

 [[464 211]]

 [[463 211]]

 [[462 211]]

 [[461 210]]

 [[460 210]]

 [[459 209]]

 [[458 208]]

 [[457 207]]

 [[456 207]]

 [[455 207]]

 [[454 207]]

 [[453 207]]

 [[452 208]]

 [[451 208]]

 [[450 208]]

 [[449 209]]

 [[448 209]]

 [[447 210]]

 [[446 210]]

 [[445 210]]

 [[444 211]]

 [[443 211]]

 [[442 211]]

 [[441 211]]

 [[440 211]]

 [[439 211]]

 [[438 211]]

 [[437 210]]

 [[436 209]]

 [[436 208]]

 [[435 207]]

 [[434 206]]

 [[433 205]]

 [[432 205]]

 [[431 205]]

 [[430 204]]

 [[429 204]]

 [[428 204]]

 [[427 204]]

 [[426 205]]

 [[426 206]]

 [[426 207]]

 [[426 208]]

 [[425 209]]

 [[424 209]]

 [[423 209]]

 [[422 209]]

 [[421 209]]

 [[420 208]]

 [[419 207]]

 [[418 206]]

 [[417 205]]

 [[417 204]]

 [[416 203]]

 [[416 202]]

 [[415 202]]

 [[414 201]]

 [[413 200]]]
[[[  0   0]]

 [[489 162]]

 [[489 163]]

 [[488 164]]

 [[488 165]]

 [[488 166]]

 [[487 167]]

 [[487 168]]

 [[487 169]]

 [[487 170]]

 [[487 171]]

 [[488 172]]

 [[488 173]]

 [[489 174]]

 [[490 175]]

 [[491 176]]

 [[491 177]]

 [[492 178]]

 [[493 179]]

 [[494 180]]

 [[495 181]]

 [[496 182]]

 [[497 182]]

 [[498 183]]

 [[499 184]]

 [[500 184]]

 [[501 185]]

 [[502 185]]

 [[503 186]]

 [[504 186]]

 [[505 186]]

 [[506 187]]

 [[507 187]]

 [[508 188]]

 [[509 188]]

 [[510 188]]

 [[511 189]]

 [[512 189]]

 [[513 189]]

 [[514 190]]

 [[515 190]]

 [[516 190]]

 [[517 191]]

 [[518 191]]

 [[519 191]]

 [[520 192]]

 [[521 192]]

 [[522 192]]

 [[523 192]]

 [[524 192]]

 [[525 192]]

 [[526 192]]

 [[527 192]]

 [[528 192]]

 [[529 193]]

 [[530 193]]

 [[531 193]]

 [[532 193]]

 [[533 193]]

 [[534 193]]

 [[535 193]]

 [[536 193]]

 [[537 193]]

 [[538 192]]

 [[539 192]]

 [[540 192]]

 [[541 192]]

 [[542 192]]

 [[543 192]]

 [[544 191]]

 [[545 191]]

 [[546 190]]

 [[547 190]]

 [[548 189]]

 [[549 188]]

 [[550 187]]

 [[550 186]]

 [[550 185]]

 [[551 184]]

 [[551 183]]

 [[552 182]]

 [[552 181]]

 [[552 180]]

 [[553 179]]

 [[553 178]]

 [[553 177]]

 [[554 176]]

 [[554 175]]

 [[553 175]]

 [[552 176]]

 [[551 177]]

 [[550 178]]

 [[549 178]]

 [[548 179]]

 [[547 179]]

 [[546 179]]

 [[545 180]]

 [[544 180]]

 [[543 180]]

 [[542 180]]

 [[541 180]]

 [[540 181]]

 [[539 181]]

 [[538 181]]

 [[537 181]]

 [[536 181]]

 [[535 181]]

 [[534 181]]

 [[533 180]]

 [[532 180]]

 [[531 180]]

 [[530 180]]

 [[529 180]]

 [[528 180]]

 [[527 180]]

 [[526 179]]

 [[525 179]]

 [[524 179]]

 [[523 179]]

 [[522 179]]

 [[521 178]]

 [[520 178]]

 [[519 178]]

 [[518 178]]

 [[517 177]]

 [[516 177]]

 [[515 177]]

 [[514 176]]

 [[513 176]]

 [[512 175]]

 [[511 175]]

 [[510 175]]

 [[509 174]]

 [[508 174]]

 [[507 174]]

 [[506 173]]

 [[505 173]]

 [[504 172]]

 [[503 171]]

 [[502 171]]

 [[501 170]]

 [[500 170]]

 [[499 169]]

 [[498 169]]

 [[497 168]]

 [[496 167]]

 [[495 166]]

 [[494 165]]

 [[493 164]]

 [[493 163]]

 [[492 163]]

 [[491 162]]]
[[[  0   0]]

 [[560 158]]

 [[559 159]]

 [[559 160]]

 [[558 161]]

 [[558 162]]

 [[558 163]]

 [[557 164]]

 [[557 165]]

 [[556 166]]

 [[557 167]]

 [[557 168]]

 [[558 168]]

 [[559 169]]

 [[560 169]]

 [[561 169]]

 [[562 169]]

 [[563 169]]

 [[564 169]]

 [[565 169]]

 [[566 170]]

 [[566 171]]

 [[566 172]]

 [[566 173]]

 [[565 174]]

 [[565 175]]

 [[565 176]]

 [[565 177]]

 [[565 178]]

 [[565 179]]

 [[565 180]]

 [[564 181]]

 [[564 182]]

 [[564 183]]

 [[563 184]]

 [[563 185]]

 [[563 186]]

 [[563 187]]

 [[563 188]]

 [[563 189]]

 [[563 190]]

 [[564 191]]

 [[565 192]]

 [[566 193]]

 [[566 194]]

 [[567 195]]

 [[568 196]]

 [[569 197]]

 [[570 198]]

 [[571 198]]

 [[572 199]]

 [[573 199]]

 [[574 200]]

 [[575 201]]

 [[576 201]]

 [[577 202]]

 [[578 203]]

 [[579 204]]

 [[580 204]]

 [[581 205]]

 [[582 205]]

 [[583 206]]

 [[584 206]]

 [[585 207]]

 [[586 207]]

 [[587 207]]

 [[588 208]]

 [[589 208]]

 [[590 209]]

 [[591 209]]

 [[592 210]]

 [[593 210]]

 [[594 210]]

 [[595 211]]

 [[596 211]]

 [[597 211]]

 [[598 211]]

 [[599 212]]

 [[600 212]]

 [[601 212]]

 [[602 213]]

 [[603 213]]

 [[604 213]]

 [[605 213]]

 [[606 213]]

 [[607 213]]

 [[608 213]]

 [[609 213]]

 [[610 213]]

 [[611 213]]

 [[612 213]]

 [[613 213]]

 [[614 213]]

 [[615 213]]

 [[616 212]]

 [[617 212]]

 [[618 212]]

 [[619 211]]

 [[620 211]]

 [[621 211]]

 [[622 210]]

 [[623 210]]

 [[624 209]]

 [[625 209]]

 [[625 208]]

 [[625 207]]

 [[626 206]]

 [[626 205]]

 [[627 204]]

 [[627 203]]

 [[627 202]]

 [[627 201]]

 [[628 200]]

 [[628 199]]

 [[629 198]]

 [[630 197]]

 [[630 196]]

 [[631 195]]

 [[631 194]]

 [[631 193]]

 [[631 192]]

 [[631 191]]

 [[630 191]]

 [[629 192]]

 [[628 192]]

 [[627 192]]

 [[626 193]]

 [[625 193]]

 [[624 193]]

 [[623 194]]

 [[622 194]]

 [[621 194]]

 [[620 194]]

 [[619 194]]

 [[618 194]]

 [[617 194]]

 [[616 194]]

 [[615 194]]

 [[614 194]]

 [[613 193]]

 [[612 193]]

 [[611 193]]

 [[610 193]]

 [[609 193]]

 [[608 193]]

 [[607 193]]

 [[606 193]]

 [[605 192]]

 [[604 192]]

 [[603 192]]

 [[602 191]]

 [[601 191]]

 [[600 191]]

 [[599 191]]

 [[598 190]]

 [[597 190]]

 [[596 190]]

 [[595 189]]

 [[594 189]]

 [[593 188]]

 [[592 188]]

 [[591 187]]

 [[590 187]]

 [[589 186]]

 [[588 186]]

 [[587 185]]

 [[586 185]]

 [[585 184]]

 [[584 184]]

 [[583 183]]

 [[582 183]]

 [[581 182]]

 [[580 181]]

 [[579 181]]

 [[578 180]]

 [[577 179]]

 [[576 179]]

 [[575 178]]

 [[574 177]]

 [[573 176]]

 [[572 175]]

 [[571 174]]

 [[570 173]]

 [[569 172]]

 [[569 171]]

 [[568 170]]

 [[567 169]]

 [[566 168]]

 [[566 167]]

 [[566 166]]

 [[567 165]]

 [[567 164]]

 [[567 163]]

 [[568 162]]

 [[568 161]]

 [[569 160]]

 [[568 159]]

 [[567 158]]

 [[566 157]]

 [[565 157]]

 [[564 157]]

 [[563 157]]

 [[562 157]]]
[[[  0   0]]

 [[414 144]]

 [[414 145]]

 [[413 146]]

 [[412 147]]

 [[411 148]]

 [[410 148]]

 [[409 148]]

 [[408 148]]

 [[407 148]]

 [[406 148]]

 [[407 149]]

 [[408 149]]

 [[409 150]]

 [[410 150]]

 [[411 149]]

 [[411 148]]

 [[412 147]]

 [[413 147]]

 [[414 147]]

 [[415 148]]

 [[416 149]]

 [[415 150]]

 [[415 151]]

 [[415 152]]

 [[415 153]]

 [[415 154]]

 [[415 155]]

 [[415 156]]

 [[415 157]]

 [[415 158]]

 [[415 159]]

 [[415 160]]

 [[415 161]]

 [[415 162]]

 [[415 163]]

 [[415 164]]

 [[416 165]]

 [[416 166]]

 [[417 167]]

 [[417 168]]

 [[417 169]]

 [[418 170]]

 [[419 171]]

 [[419 172]]

 [[420 173]]

 [[421 174]]

 [[422 175]]

 [[423 176]]

 [[424 177]]

 [[425 178]]

 [[426 179]]

 [[427 180]]

 [[428 181]]

 [[429 182]]

 [[430 182]]

 [[431 183]]

 [[432 183]]

 [[433 183]]

 [[434 183]]

 [[435 183]]

 [[436 183]]

 [[437 183]]

 [[438 184]]

 [[439 184]]

 [[440 184]]

 [[441 184]]

 [[442 184]]

 [[443 184]]

 [[444 184]]

 [[445 184]]

 [[446 184]]

 [[447 184]]

 [[448 184]]

 [[449 184]]

 [[450 184]]

 [[451 185]]

 [[452 185]]

 [[453 185]]

 [[454 185]]

 [[455 185]]

 [[456 185]]

 [[457 185]]

 [[458 185]]

 [[459 185]]

 [[460 185]]

 [[461 185]]

 [[462 186]]

 [[463 186]]

 [[464 186]]

 [[465 186]]

 [[466 186]]

 [[467 186]]

 [[468 186]]

 [[469 186]]

 [[470 186]]

 [[471 186]]

 [[472 186]]

 [[473 186]]

 [[474 186]]

 [[475 186]]

 [[476 186]]

 [[477 186]]

 [[478 186]]

 [[479 186]]

 [[480 186]]

 [[481 185]]

 [[482 184]]

 [[482 183]]

 [[482 182]]

 [[482 181]]

 [[482 180]]

 [[483 179]]

 [[483 178]]

 [[484 177]]

 [[484 176]]

 [[484 175]]

 [[485 174]]

 [[484 173]]

 [[483 173]]

 [[482 173]]

 [[481 173]]

 [[480 173]]

 [[479 173]]

 [[478 173]]

 [[477 173]]

 [[476 173]]

 [[475 173]]

 [[474 173]]

 [[473 173]]

 [[472 173]]

 [[471 173]]

 [[470 173]]

 [[469 173]]

 [[468 173]]

 [[467 173]]

 [[466 172]]

 [[465 172]]

 [[464 172]]

 [[463 172]]

 [[462 172]]

 [[461 172]]

 [[460 172]]

 [[459 172]]

 [[458 172]]

 [[457 172]]

 [[456 172]]

 [[455 171]]

 [[454 171]]

 [[453 171]]

 [[452 171]]

 [[451 171]]

 [[450 171]]

 [[449 171]]

 [[448 171]]

 [[447 171]]

 [[446 171]]

 [[445 171]]

 [[444 170]]

 [[443 170]]

 [[442 170]]

 [[441 170]]

 [[440 170]]

 [[439 170]]

 [[438 170]]

 [[437 170]]

 [[436 170]]

 [[435 170]]

 [[434 170]]

 [[433 169]]

 [[432 169]]

 [[431 168]]

 [[430 167]]

 [[429 166]]

 [[428 165]]

 [[427 164]]

 [[426 164]]

 [[425 163]]

 [[424 162]]

 [[423 161]]

 [[422 160]]

 [[422 159]]

 [[421 158]]

 [[420 157]]

 [[420 156]]

 [[420 155]]

 [[419 154]]

 [[419 153]]

 [[418 152]]

 [[418 151]]

 [[418 150]]

 [[418 149]]

 [[417 148]]

 [[417 147]]

 [[417 146]]

 [[417 145]]

 [[417 144]]

 [[417 143]]

 [[416 143]]]
[[[  0   0]]

 [[569 120]]

 [[569 121]]

 [[568 122]]

 [[568 123]]

 [[568 124]]

 [[568 125]]

 [[567 126]]

 [[567 127]]

 [[567 128]]

 [[568 129]]

 [[568 130]]

 [[568 131]]

 [[569 132]]

 [[570 131]]

 [[571 131]]

 [[572 132]]

 [[573 132]]

 [[574 132]]

 [[575 132]]

 [[576 133]]

 [[577 133]]

 [[578 133]]

 [[579 134]]

 [[580 135]]

 [[580 136]]

 [[580 137]]

 [[580 138]]

 [[580 139]]

 [[579 140]]

 [[578 141]]

 [[577 142]]

 [[577 143]]

 [[577 144]]

 [[578 145]]

 [[578 146]]

 [[579 147]]

 [[580 147]]

 [[581 148]]

 [[582 149]]

 [[583 150]]

 [[584 151]]

 [[585 152]]

 [[586 153]]

 [[587 153]]

 [[588 154]]

 [[589 154]]

 [[590 155]]

 [[591 155]]

 [[592 156]]

 [[593 157]]

 [[594 157]]

 [[595 158]]

 [[596 158]]

 [[597 159]]

 [[598 159]]

 [[599 160]]

 [[600 160]]

 [[601 160]]

 [[602 161]]

 [[603 161]]

 [[604 161]]

 [[605 162]]

 [[606 162]]

 [[607 162]]

 [[608 163]]

 [[609 163]]

 [[610 163]]

 [[611 164]]

 [[612 164]]

 [[613 164]]

 [[614 164]]

 [[615 165]]

 [[616 165]]

 [[617 165]]

 [[618 165]]

 [[619 165]]

 [[620 166]]

 [[621 166]]

 [[622 166]]

 [[623 166]]

 [[624 166]]

 [[625 166]]

 [[626 167]]

 [[627 167]]

 [[628 167]]

 [[629 167]]

 [[630 167]]

 [[631 167]]

 [[632 166]]

 [[633 166]]

 [[634 166]]

 [[635 166]]

 [[636 165]]

 [[637 165]]

 [[638 164]]

 [[638 163]]

 [[638 162]]

 [[638 161]]

 [[638 160]]

 [[638 159]]

 [[638 158]]

 [[638 157]]

 [[637 157]]

 [[636 157]]

 [[635 158]]

 [[634 158]]

 [[633 158]]

 [[632 158]]

 [[631 158]]

 [[630 158]]

 [[629 158]]

 [[628 158]]

 [[627 158]]

 [[626 158]]

 [[625 158]]

 [[624 158]]

 [[623 158]]

 [[622 158]]

 [[621 157]]

 [[620 157]]

 [[619 157]]

 [[618 157]]

 [[617 156]]

 [[616 156]]

 [[615 156]]

 [[614 156]]

 [[613 156]]

 [[612 155]]

 [[611 156]]

 [[610 155]]

 [[609 155]]

 [[608 155]]

 [[607 155]]

 [[606 154]]

 [[605 154]]

 [[604 153]]

 [[603 153]]

 [[602 152]]

 [[601 152]]

 [[600 151]]

 [[599 150]]

 [[598 150]]

 [[597 150]]

 [[596 150]]

 [[595 150]]

 [[594 149]]

 [[594 148]]

 [[593 147]]

 [[592 146]]

 [[591 145]]

 [[590 144]]

 [[590 143]]

 [[590 142]]

 [[591 141]]

 [[592 140]]

 [[593 141]]

 [[594 141]]

 [[595 142]]

 [[596 142]]

 [[597 142]]

 [[598 143]]

 [[599 144]]

 [[600 145]]

 [[601 145]]

 [[602 146]]

 [[603 146]]

 [[604 147]]

 [[605 147]]

 [[606 147]]

 [[607 147]]

 [[608 147]]

 [[609 147]]

 [[610 148]]

 [[611 148]]

 [[612 149]]

 [[613 149]]

 [[614 149]]

 [[615 149]]

 [[616 150]]

 [[617 150]]

 [[618 150]]

 [[619 151]]

 [[620 152]]

 [[621 152]]

 [[622 152]]

 [[623 152]]

 [[624 153]]

 [[625 153]]

 [[626 153]]

 [[627 153]]

 [[628 153]]

 [[629 153]]

 [[630 153]]

 [[631 153]]

 [[632 154]]

 [[633 153]]

 [[634 153]]

 [[635 153]]

 [[636 153]]

 [[637 153]]

 [[638 153]]

 [[638 152]]

 [[638 151]]

 [[638 150]]

 [[638 149]]

 [[638 148]]

 [[638 147]]

 [[638 146]]

 [[638 145]]

 [[637 145]]

 [[636 145]]

 [[635 145]]

 [[634 145]]

 [[633 145]]

 [[632 145]]

 [[631 145]]

 [[630 145]]

 [[629 145]]

 [[628 144]]

 [[627 144]]

 [[626 144]]

 [[625 144]]

 [[624 144]]

 [[623 143]]

 [[622 143]]

 [[621 143]]

 [[620 143]]

 [[619 143]]

 [[618 143]]

 [[617 142]]

 [[616 142]]

 [[615 141]]

 [[614 141]]

 [[613 141]]

 [[612 140]]

 [[611 140]]

 [[610 140]]

 [[609 140]]

 [[608 139]]

 [[607 139]]

 [[606 138]]

 [[605 138]]

 [[604 138]]

 [[603 138]]

 [[602 137]]

 [[601 137]]

 [[600 136]]

 [[599 135]]

 [[598 135]]

 [[597 135]]

 [[596 134]]

 [[595 133]]

 [[594 133]]

 [[593 132]]

 [[592 132]]

 [[591 131]]

 [[590 130]]

 [[589 130]]

 [[588 129]]

 [[587 129]]

 [[586 128]]

 [[585 128]]

 [[584 127]]

 [[583 126]]

 [[583 125]]

 [[582 124]]

 [[582 123]]

 [[581 122]]

 [[580 122]]

 [[579 122]]

 [[578 122]]

 [[577 121]]

 [[576 121]]

 [[575 120]]

 [[574 120]]

 [[573 120]]

 [[572 119]]

 [[571 119]]]
[[[  0   0]]

 [[425 101]]

 [[424 102]]

 [[423 102]]

 [[422 103]]

 [[421 104]]

 [[421 105]]

 [[422 105]]

 [[423 105]]

 [[424 106]]

 [[425 107]]

 [[425 108]]

 [[425 109]]

 [[425 110]]

 [[425 111]]

 [[424 112]]

 [[424 113]]

 [[424 114]]

 [[425 115]]

 [[425 116]]

 [[425 117]]

 [[424 118]]

 [[424 119]]

 [[425 120]]

 [[425 121]]

 [[426 122]]

 [[426 123]]

 [[427 124]]

 [[428 125]]

 [[428 126]]

 [[429 127]]

 [[430 128]]

 [[431 129]]

 [[432 130]]

 [[433 130]]

 [[434 131]]

 [[435 132]]

 [[436 133]]

 [[437 134]]

 [[438 134]]

 [[439 135]]

 [[440 135]]

 [[441 135]]

 [[442 135]]

 [[443 136]]

 [[444 136]]

 [[445 136]]

 [[446 136]]

 [[447 136]]

 [[448 136]]

 [[449 136]]

 [[450 136]]

 [[451 136]]

 [[452 137]]

 [[453 137]]

 [[454 137]]

 [[455 137]]

 [[456 137]]

 [[457 137]]

 [[458 137]]

 [[459 137]]

 [[460 137]]

 [[461 137]]

 [[462 138]]

 [[463 138]]

 [[464 138]]

 [[465 138]]

 [[466 138]]

 [[467 138]]

 [[468 138]]

 [[469 138]]

 [[470 138]]

 [[471 139]]

 [[472 139]]

 [[473 139]]

 [[474 139]]

 [[475 139]]

 [[476 139]]

 [[477 139]]

 [[478 140]]

 [[479 140]]

 [[480 140]]

 [[481 140]]

 [[482 140]]

 [[483 140]]

 [[484 141]]

 [[485 141]]

 [[486 141]]

 [[487 141]]

 [[488 141]]

 [[489 141]]

 [[490 141]]

 [[491 140]]

 [[492 139]]

 [[492 138]]

 [[493 137]]

 [[493 136]]

 [[493 135]]

 [[493 134]]

 [[493 133]]

 [[494 132]]

 [[494 131]]

 [[495 130]]

 [[495 129]]

 [[496 128]]

 [[497 127]]

 [[498 127]]

 [[499 128]]

 [[499 129]]

 [[499 130]]

 [[500 131]]

 [[500 132]]

 [[500 133]]

 [[501 134]]

 [[501 135]]

 [[501 136]]

 [[502 137]]

 [[503 138]]

 [[504 139]]

 [[505 140]]

 [[506 141]]

 [[507 142]]

 [[508 142]]

 [[509 143]]

 [[510 143]]

 [[511 144]]

 [[512 144]]

 [[513 145]]

 [[514 145]]

 [[515 146]]

 [[516 146]]

 [[517 147]]

 [[518 147]]

 [[519 147]]

 [[520 148]]

 [[521 148]]

 [[522 148]]

 [[523 149]]

 [[524 149]]

 [[525 150]]

 [[526 150]]

 [[527 150]]

 [[528 150]]

 [[529 151]]

 [[530 151]]

 [[531 151]]

 [[532 151]]

 [[533 151]]

 [[534 151]]

 [[535 152]]

 [[536 152]]

 [[537 152]]

 [[538 152]]

 [[539 152]]

 [[540 152]]

 [[541 153]]

 [[542 153]]

 [[543 153]]

 [[544 153]]

 [[545 153]]

 [[546 153]]

 [[547 153]]

 [[548 153]]

 [[549 153]]

 [[550 153]]

 [[551 153]]

 [[552 153]]

 [[553 152]]

 [[554 152]]

 [[555 152]]

 [[556 151]]

 [[557 151]]

 [[558 151]]

 [[559 150]]

 [[560 149]]

 [[561 148]]

 [[561 147]]

 [[561 146]]

 [[561 145]]

 [[562 144]]

 [[562 143]]

 [[563 142]]

 [[563 141]]

 [[564 140]]

 [[564 139]]

 [[565 138]]

 [[565 137]]

 [[565 136]]

 [[564 136]]

 [[563 137]]

 [[562 137]]

 [[561 138]]

 [[560 138]]

 [[559 139]]

 [[558 139]]

 [[557 139]]

 [[556 140]]

 [[555 140]]

 [[554 140]]

 [[553 140]]

 [[552 140]]

 [[551 140]]

 [[550 140]]

 [[549 140]]

 [[548 140]]

 [[547 140]]

 [[546 139]]

 [[545 139]]

 [[544 139]]

 [[543 139]]

 [[542 139]]

 [[541 139]]

 [[540 139]]

 [[539 139]]

 [[538 138]]

 [[537 138]]

 [[536 138]]

 [[535 138]]

 [[534 138]]

 [[533 137]]

 [[532 137]]

 [[531 137]]

 [[530 137]]

 [[529 136]]

 [[528 136]]

 [[527 136]]

 [[526 135]]

 [[525 135]]

 [[524 135]]

 [[523 134]]

 [[522 134]]

 [[521 133]]

 [[520 133]]

 [[519 133]]

 [[518 132]]

 [[517 132]]

 [[516 132]]

 [[515 131]]

 [[514 131]]

 [[513 130]]

 [[512 129]]

 [[511 129]]

 [[510 128]]

 [[509 128]]

 [[508 127]]

 [[507 126]]

 [[506 125]]

 [[505 125]]

 [[504 124]]

 [[503 123]]

 [[502 122]]

 [[501 121]]

 [[500 120]]

 [[499 119]]

 [[499 118]]

 [[499 117]]

 [[499 116]]

 [[498 115]]

 [[498 116]]

 [[498 117]]

 [[498 118]]

 [[498 119]]

 [[498 120]]

 [[498 121]]

 [[498 122]]

 [[498 123]]

 [[498 124]]

 [[497 125]]

 [[497 126]]

 [[496 127]]

 [[495 127]]

 [[494 127]]

 [[493 127]]

 [[492 127]]

 [[491 127]]

 [[490 127]]

 [[489 127]]

 [[488 127]]

 [[487 126]]

 [[486 126]]

 [[485 126]]

 [[484 126]]

 [[483 125]]

 [[482 125]]

 [[481 125]]

 [[480 125]]

 [[479 125]]

 [[478 125]]

 [[477 125]]

 [[476 125]]

 [[475 125]]

 [[474 125]]

 [[473 124]]

 [[472 124]]

 [[471 124]]

 [[470 124]]

 [[469 124]]

 [[468 124]]

 [[467 124]]

 [[466 124]]

 [[465 124]]

 [[464 123]]

 [[463 123]]

 [[462 123]]

 [[461 123]]

 [[460 123]]

 [[459 123]]

 [[458 123]]

 [[457 123]]

 [[456 122]]

 [[455 122]]

 [[454 122]]

 [[453 122]]

 [[452 122]]

 [[451 122]]

 [[450 122]]

 [[449 122]]

 [[448 122]]

 [[447 122]]

 [[446 122]]

 [[445 122]]

 [[444 122]]

 [[443 121]]

 [[442 121]]

 [[441 120]]

 [[440 120]]

 [[439 119]]

 [[438 118]]

 [[437 117]]

 [[436 116]]

 [[435 116]]

 [[434 115]]

 [[433 114]]

 [[432 113]]

 [[431 112]]

 [[431 111]]

 [[430 110]]

 [[430 109]]

 [[429 108]]

 [[429 107]]

 [[428 106]]

 [[428 105]]

 [[428 104]]

 [[428 103]]

 [[427 102]]

 [[427 101]]]
[[[  0   0]]

 [[522  75]]

 [[521  76]]

 [[520  76]]

 [[519  76]]

 [[518  76]]

 [[517  76]]

 [[516  76]]

 [[515  76]]

 [[514  76]]

 [[513  76]]

 [[512  76]]

 [[511  76]]

 [[510  76]]

 [[509  76]]

 [[508  77]]

 [[508  78]]

 [[508  79]]

 [[508  80]]

 [[508  81]]

 [[509  82]]

 [[509  83]]

 [[510  84]]

 [[511  85]]

 [[512  86]]

 [[513  87]]

 [[514  88]]

 [[515  89]]

 [[516  90]]

 [[517  90]]

 [[518  91]]

 [[519  92]]

 [[520  92]]

 [[521  93]]

 [[522  93]]

 [[523  94]]

 [[524  94]]

 [[525  95]]

 [[526  95]]

 [[527  95]]

 [[528  95]]

 [[529  96]]

 [[530  96]]

 [[531  97]]

 [[532  97]]

 [[533  97]]

 [[534  98]]

 [[535  98]]

 [[536  98]]

 [[537  99]]

 [[538  99]]

 [[539 100]]

 [[540 101]]

 [[541 101]]

 [[542 101]]

 [[543 102]]

 [[544 103]]

 [[545 104]]

 [[545 105]]

 [[544 106]]

 [[544 107]]

 [[545 108]]

 [[546 109]]

 [[547 109]]

 [[548 109]]

 [[549 109]]

 [[550 109]]

 [[551 109]]

 [[552 110]]

 [[553 110]]

 [[554 110]]

 [[555 110]]

 [[556 110]]

 [[557 110]]

 [[558 110]]

 [[559 110]]

 [[560 110]]

 [[560 109]]

 [[560 108]]

 [[559 108]]

 [[558 107]]

 [[557 106]]

 [[556 105]]

 [[555 105]]

 [[554 104]]

 [[553 103]]

 [[552 102]]

 [[551 102]]

 [[550 101]]

 [[549 101]]

 [[548 100]]

 [[547 100]]

 [[546  99]]

 [[545  99]]

 [[544  98]]

 [[543  97]]

 [[543  96]]

 [[543  95]]

 [[543  94]]

 [[543  93]]

 [[544  92]]

 [[544  91]]

 [[543  90]]

 [[542  90]]

 [[541  90]]

 [[540  90]]

 [[539  89]]

 [[538  89]]

 [[537  89]]

 [[536  89]]

 [[535  89]]

 [[534  90]]

 [[533  90]]

 [[532  90]]

 [[531  90]]

 [[530  90]]

 [[529  90]]

 [[528  90]]

 [[527  90]]

 [[526  90]]

 [[525  89]]

 [[524  89]]

 [[523  89]]

 [[522  88]]

 [[521  88]]

 [[520  88]]

 [[519  88]]

 [[518  87]]

 [[517  87]]

 [[516  86]]

 [[516  85]]

 [[516  84]]

 [[516  83]]

 [[517  82]]

 [[518  81]]

 [[519  80]]

 [[520  79]]

 [[520  78]]

 [[521  77]]

 [[522  76]]

 [[523  76]]

 [[524  75]]

 [[525  75]]

 [[524  74]]

 [[523  74]]]
[[[  0   0]]

 [[435  71]]

 [[434  72]]

 [[433  73]]

 [[432  74]]

 [[432  75]]

 [[432  76]]

 [[432  77]]

 [[433  78]]

 [[434  79]]

 [[435  79]]

 [[436  79]]

 [[437  79]]

 [[438  80]]

 [[439  81]]

 [[440  82]]

 [[441  83]]

 [[442  84]]

 [[443  84]]

 [[444  85]]

 [[445  85]]

 [[446  86]]

 [[447  87]]

 [[448  87]]

 [[449  88]]

 [[450  89]]

 [[451  89]]

 [[452  90]]

 [[453  90]]

 [[454  90]]

 [[455  90]]

 [[456  90]]

 [[457  90]]

 [[458  90]]

 [[459  90]]

 [[460  90]]

 [[461  90]]

 [[462  90]]

 [[463  90]]

 [[464  90]]

 [[465  90]]

 [[466  91]]

 [[466  92]]

 [[466  93]]

 [[466  94]]

 [[466  95]]

 [[466  96]]

 [[466  97]]

 [[467  98]]

 [[468  98]]

 [[469  98]]

 [[470  98]]

 [[471  98]]

 [[472  98]]

 [[473  98]]

 [[474  98]]

 [[475  98]]

 [[476  99]]

 [[477  99]]

 [[478  99]]

 [[479  99]]

 [[480  99]]

 [[481  99]]

 [[481  98]]

 [[481  97]]

 [[481  96]]

 [[480  95]]

 [[479  94]]

 [[478  94]]

 [[477  93]]

 [[476  93]]

 [[475  92]]

 [[474  91]]

 [[473  90]]

 [[472  90]]

 [[471  90]]

 [[470  90]]

 [[469  89]]

 [[468  89]]

 [[467  89]]

 [[466  89]]

 [[465  89]]

 [[464  88]]

 [[463  88]]

 [[462  87]]

 [[461  86]]

 [[460  85]]

 [[460  84]]

 [[461  83]]

 [[462  82]]

 [[463  81]]

 [[464  82]]

 [[465  82]]

 [[466  82]]

 [[467  82]]

 [[468  82]]

 [[469  82]]

 [[469  81]]

 [[468  81]]

 [[467  80]]

 [[466  80]]

 [[465  80]]

 [[464  79]]

 [[463  79]]

 [[462  79]]

 [[461  79]]

 [[460  79]]

 [[459  79]]

 [[458  79]]

 [[457  79]]

 [[456  79]]

 [[455  80]]

 [[454  81]]

 [[453  81]]

 [[452  81]]

 [[451  81]]

 [[450  81]]

 [[449  81]]

 [[448  81]]

 [[447  80]]

 [[446  80]]

 [[445  79]]

 [[444  78]]

 [[443  77]]

 [[442  76]]

 [[441  75]]

 [[441  74]]

 [[441  73]]

 [[441  72]]

 [[440  71]]

 [[440  70]]

 [[439  70]]

 [[438  70]]

 [[437  70]]]
[[[  0   0]]

 [[555  70]]

 [[554  70]]

 [[553  71]]

 [[553  72]]

 [[554  73]]

 [[555  74]]

 [[556  75]]

 [[557  76]]

 [[558  77]]

 [[559  78]]

 [[560  78]]

 [[561  79]]

 [[562  79]]

 [[563  80]]

 [[564  80]]

 [[565  80]]

 [[566  81]]

 [[567  82]]

 [[567  83]]

 [[568  84]]

 [[568  85]]

 [[569  86]]

 [[570  86]]

 [[571  86]]

 [[572  87]]

 [[573  87]]

 [[574  87]]

 [[575  87]]

 [[576  86]]

 [[577  86]]

 [[578  86]]

 [[579  86]]

 [[580  86]]

 [[581  87]]

 [[582  87]]

 [[583  88]]

 [[584  89]]

 [[585  90]]

 [[586  91]]

 [[586  92]]

 [[586  93]]

 [[587  94]]

 [[588  95]]

 [[589  95]]

 [[590  95]]

 [[591  96]]

 [[592  96]]

 [[593  96]]

 [[594  97]]

 [[595  97]]

 [[596  97]]

 [[597  97]]

 [[598  98]]

 [[599  98]]

 [[600  98]]

 [[601  99]]

 [[602  99]]

 [[603 100]]

 [[603  99]]

 [[604  98]]

 [[605  97]]

 [[606  97]]

 [[607  98]]

 [[608  99]]

 [[609 100]]

 [[609 101]]

 [[610 102]]

 [[611 103]]

 [[611 104]]

 [[610 105]]

 [[610 106]]

 [[611 105]]

 [[612 106]]

 [[612 107]]

 [[612 106]]

 [[613 105]]

 [[614 104]]

 [[615 103]]

 [[616 103]]

 [[617 102]]

 [[618 101]]

 [[618 100]]

 [[618  99]]

 [[618  98]]

 [[617  97]]

 [[616  96]]

 [[615  95]]

 [[614  94]]

 [[613  93]]

 [[612  92]]

 [[611  91]]

 [[610  90]]

 [[610  89]]

 [[610  88]]

 [[609  87]]

 [[608  86]]

 [[607  86]]

 [[606  85]]

 [[605  85]]

 [[604  85]]

 [[603  85]]

 [[602  85]]

 [[601  85]]

 [[600  85]]

 [[599  85]]

 [[599  86]]

 [[599  87]]

 [[599  88]]

 [[598  89]]

 [[597  89]]

 [[596  89]]

 [[595  89]]

 [[594  89]]

 [[593  89]]

 [[592  89]]

 [[591  89]]

 [[590  90]]

 [[589  91]]

 [[588  91]]

 [[587  90]]

 [[586  89]]

 [[586  88]]

 [[586  87]]

 [[587  86]]

 [[587  85]]

 [[586  84]]

 [[585  83]]

 [[584  82]]

 [[583  82]]

 [[582  81]]

 [[581  81]]

 [[580  81]]

 [[579  80]]

 [[578  80]]

 [[577  80]]

 [[576  80]]

 [[575  80]]

 [[574  80]]

 [[573  80]]

 [[572  80]]

 [[571  80]]

 [[570  80]]

 [[569  79]]

 [[568  79]]

 [[567  79]]

 [[566  78]]

 [[565  77]]

 [[565  76]]

 [[565  75]]

 [[565  74]]

 [[565  73]]

 [[564  72]]

 [[564  71]]

 [[563  71]]

 [[562  71]]

 [[561  71]]

 [[560  70]]

 [[559  70]]

 [[558  69]]

 [[557  69]]]
[[[  0   0]]

 [[374  32]]

 [[374  33]]

 [[374  34]]

 [[374  35]]

 [[373  36]]

 [[373  37]]

 [[373  38]]

 [[373  39]]

 [[373  40]]

 [[373  41]]

 [[373  42]]

 [[373  43]]

 [[373  44]]

 [[372  45]]

 [[372  46]]

 [[372  47]]

 [[372  48]]

 [[372  49]]

 [[373  49]]

 [[374  49]]

 [[375  49]]

 [[376  50]]

 [[377  51]]

 [[378  51]]

 [[379  52]]

 [[380  52]]

 [[381  52]]

 [[382  53]]

 [[383  53]]

 [[384  53]]

 [[385  54]]

 [[386  54]]

 [[387  54]]

 [[388  54]]

 [[389  54]]

 [[390  54]]

 [[391  55]]

 [[392  55]]

 [[393  55]]

 [[394  55]]

 [[395  55]]

 [[396  55]]

 [[397  55]]

 [[398  55]]

 [[399  55]]

 [[400  55]]

 [[401  55]]

 [[402  55]]

 [[403  55]]

 [[404  54]]

 [[405  54]]

 [[406  54]]

 [[407  54]]

 [[408  54]]

 [[409  54]]

 [[410  55]]

 [[411  55]]

 [[412  56]]

 [[413  56]]

 [[414  56]]

 [[415  57]]

 [[416  57]]

 [[417  58]]

 [[418  58]]

 [[419  58]]

 [[420  58]]

 [[421  58]]

 [[422  58]]

 [[423  58]]

 [[424  59]]

 [[425  59]]

 [[426  59]]

 [[427  59]]

 [[428  59]]

 [[429  59]]

 [[430  59]]

 [[431  59]]

 [[432  59]]

 [[433  58]]

 [[434  58]]

 [[435  58]]

 [[436  58]]

 [[437  58]]

 [[438  57]]

 [[439  58]]

 [[440  59]]

 [[440  60]]

 [[440  61]]

 [[440  62]]

 [[441  62]]

 [[442  63]]

 [[443  63]]

 [[444  63]]

 [[445  63]]

 [[446  64]]

 [[447  64]]

 [[448  65]]

 [[449  65]]

 [[450  65]]

 [[451  65]]

 [[452  66]]

 [[453  66]]

 [[454  66]]

 [[455  66]]

 [[456  66]]

 [[457  66]]

 [[458  66]]

 [[459  67]]

 [[460  67]]

 [[461  67]]

 [[462  67]]

 [[463  67]]

 [[464  68]]

 [[465  68]]

 [[466  68]]

 [[467  68]]

 [[468  68]]

 [[469  68]]

 [[470  68]]

 [[471  68]]

 [[472  67]]

 [[473  66]]

 [[473  65]]

 [[474  64]]

 [[474  63]]

 [[475  62]]

 [[475  61]]

 [[475  60]]

 [[475  59]]

 [[475  58]]

 [[474  57]]

 [[473  57]]

 [[472  57]]

 [[471  58]]

 [[470  58]]

 [[469  58]]

 [[468  58]]

 [[467  58]]

 [[466  58]]

 [[465  57]]

 [[464  57]]

 [[463  57]]

 [[462  57]]

 [[461  57]]

 [[460  57]]

 [[459  56]]

 [[458  56]]

 [[457  56]]

 [[456  55]]

 [[455  55]]

 [[454  55]]

 [[453  55]]

 [[452  55]]

 [[451  54]]

 [[450  54]]

 [[449  54]]

 [[448  54]]

 [[447  53]]

 [[446  53]]

 [[445  53]]

 [[444  52]]

 [[443  52]]

 [[442  52]]

 [[441  52]]

 [[441  53]]

 [[440  54]]

 [[439  55]]

 [[438  55]]

 [[437  54]]

 [[436  54]]

 [[435  54]]

 [[434  53]]

 [[433  53]]

 [[432  53]]

 [[431  53]]

 [[430  53]]

 [[429  53]]

 [[428  52]]

 [[427  52]]

 [[426  52]]

 [[425  52]]

 [[424  52]]

 [[423  51]]

 [[422  51]]

 [[421  51]]

 [[420  51]]

 [[419  51]]

 [[418  50]]

 [[417  50]]

 [[416  50]]

 [[415  50]]

 [[414  50]]

 [[413  49]]

 [[412  49]]

 [[411  49]]

 [[410  48]]

 [[409  48]]

 [[408  48]]

 [[407  48]]

 [[406  48]]

 [[405  47]]

 [[404  47]]

 [[403  47]]

 [[402  46]]

 [[401  46]]

 [[400  46]]

 [[399  46]]

 [[398  46]]

 [[397  45]]

 [[396  45]]

 [[395  45]]

 [[394  45]]

 [[393  45]]

 [[392  45]]

 [[391  45]]

 [[390  44]]

 [[389  44]]

 [[388  44]]

 [[387  44]]

 [[386  44]]

 [[385  43]]

 [[384  43]]

 [[383  43]]

 [[382  43]]

 [[381  42]]

 [[380  42]]

 [[379  42]]

 [[378  42]]

 [[377  41]]

 [[376  41]]

 [[375  40]]

 [[375  39]]

 [[375  38]]

 [[375  37]]

 [[375  36]]

 [[376  35]]

 [[376  34]]

 [[376  33]]

 [[375  32]]]
[[[  0   0]]

 [[184  45]]

 [[185  45]]

 [[186  45]]

 [[187  46]]

 [[188  46]]

 [[189  47]]

 [[189  48]]

 [[190  49]]

 [[190  50]]

 [[190  51]]

 [[190  52]]

 [[190  53]]

 [[190  54]]

 [[190  55]]

 [[190  56]]

 [[190  57]]

 [[190  58]]

 [[190  59]]

 [[190  60]]

 [[190  61]]

 [[190  62]]

 [[191  63]]

 [[191  64]]

 [[191  65]]

 [[191  66]]

 [[191  67]]

 [[191  68]]

 [[191  69]]

 [[191  70]]

 [[191  71]]

 [[191  72]]

 [[191  73]]

 [[191  74]]

 [[191  75]]

 [[191  76]]

 [[191  77]]

 [[192  78]]

 [[192  79]]

 [[192  80]]

 [[192  81]]

 [[192  82]]

 [[192  83]]

 [[192  84]]

 [[192  85]]

 [[192  86]]

 [[193  87]]

 [[193  88]]

 [[193  89]]

 [[193  90]]

 [[193  91]]

 [[193  92]]

 [[194  93]]

 [[194  94]]

 [[194  95]]

 [[194  96]]

 [[194  97]]

 [[195  98]]

 [[195  99]]

 [[195 100]]

 [[196 101]]

 [[196 102]]

 [[196 103]]

 [[196 104]]

 [[197 105]]

 [[197 106]]

 [[197 107]]

 [[198 108]]

 [[198 109]]

 [[198 110]]

 [[199 111]]

 [[199 112]]

 [[198 113]]

 [[198 114]]

 [[198 115]]

 [[197 116]]

 [[196 117]]

 [[196 118]]

 [[195 119]]

 [[194 120]]

 [[193 121]]

 [[192 121]]

 [[191 122]]

 [[190 123]]

 [[189 123]]

 [[188 124]]

 [[187 124]]

 [[186 125]]

 [[185 125]]

 [[184 125]]

 [[183 126]]

 [[182 126]]

 [[181 126]]

 [[180 126]]

 [[179 127]]

 [[178 127]]

 [[177 127]]

 [[176 127]]

 [[175 127]]

 [[174 127]]

 [[173 127]]

 [[172 127]]

 [[171 128]]

 [[170 128]]

 [[169 128]]

 [[168 128]]

 [[167 127]]

 [[166 127]]

 [[165 127]]

 [[164 127]]

 [[163 127]]

 [[162 127]]

 [[161 127]]

 [[160 126]]

 [[159 126]]

 [[158 126]]

 [[157 126]]

 [[156 126]]

 [[155 126]]

 [[154 126]]

 [[153 127]]

 [[152 127]]

 [[151 127]]

 [[150 128]]

 [[149 128]]

 [[148 128]]

 [[147 127]]

 [[146 126]]

 [[145 125]]

 [[145 124]]

 [[145 123]]

 [[145 122]]

 [[145 121]]

 [[145 120]]

 [[145 119]]

 [[146 118]]

 [[146 117]]

 [[146 116]]

 [[146 115]]

 [[146 114]]

 [[146 113]]

 [[146 112]]

 [[146 111]]

 [[146 110]]

 [[146 109]]

 [[146 108]]

 [[147 107]]

 [[147 106]]

 [[147 105]]

 [[147 104]]

 [[147 103]]

 [[147 102]]

 [[148 101]]

 [[148 100]]

 [[148  99]]

 [[148  98]]

 [[148  97]]

 [[148  96]]

 [[148  95]]

 [[148  94]]

 [[148  93]]

 [[148  92]]

 [[148  91]]

 [[148  90]]

 [[148  89]]

 [[148  88]]

 [[147  87]]

 [[147  86]]

 [[147  85]]

 [[146  84]]

 [[146  83]]

 [[146  82]]

 [[145  81]]

 [[144  80]]

 [[144  79]]

 [[144  78]]

 [[143  77]]

 [[143  76]]

 [[143  75]]

 [[143  74]]

 [[143  73]]

 [[143  72]]

 [[144  71]]

 [[145  70]]

 [[146  69]]

 [[146  68]]

 [[147  67]]

 [[148  66]]

 [[148  65]]

 [[148  64]]

 [[148  63]]

 [[148  62]]

 [[148  61]]

 [[148  60]]

 [[148  59]]

 [[148  58]]

 [[148  57]]

 [[149  56]]

 [[149  55]]

 [[149  54]]

 [[149  53]]

 [[149  52]]

 [[150  51]]

 [[151  50]]

 [[152  50]]

 [[153  49]]

 [[154  49]]

 [[155  49]]

 [[156  48]]

 [[157  48]]

 [[158  48]]

 [[159  48]]

 [[160  48]]

 [[161  48]]

 [[162  47]]

 [[163  47]]

 [[164  47]]

 [[165  47]]

 [[166  47]]

 [[167  47]]

 [[168  46]]

 [[169  46]]

 [[170  46]]

 [[171  46]]

 [[172  46]]

 [[173  46]]

 [[174  46]]

 [[175  46]]

 [[176  46]]

 [[177  46]]

 [[178  46]]

 [[179  46]]

 [[180  46]]

 [[181  46]]

 [[182  46]]]
[[[  0   0]]

 [[256  31]]

 [[257  31]]

 [[258  31]]

 [[259  31]]

 [[260  31]]

 [[261  31]]

 [[262  31]]

 [[263  31]]

 [[264  31]]

 [[265  31]]

 [[266  31]]

 [[267  31]]

 [[268  31]]

 [[269  31]]

 [[270  31]]

 [[271  31]]

 [[272  32]]

 [[273  32]]

 [[274  32]]

 [[275  32]]

 [[276  32]]

 [[277  33]]

 [[278  34]]

 [[279  35]]

 [[279  36]]

 [[280  37]]

 [[280  38]]

 [[279  39]]

 [[280  40]]

 [[280  41]]

 [[281  42]]

 [[281  43]]

 [[281  44]]

 [[281  45]]

 [[280  46]]

 [[280  47]]

 [[280  48]]

 [[280  49]]

 [[280  50]]

 [[280  51]]

 [[280  52]]

 [[281  53]]

 [[281  54]]

 [[281  55]]

 [[280  56]]

 [[280  57]]

 [[281  58]]

 [[281  59]]

 [[281  60]]

 [[281  61]]

 [[281  62]]

 [[280  63]]

 [[280  64]]

 [[280  65]]

 [[280  66]]

 [[280  67]]

 [[280  68]]

 [[280  69]]

 [[280  70]]

 [[280  71]]

 [[281  72]]

 [[281  73]]

 [[281  74]]

 [[281  75]]

 [[281  76]]

 [[281  77]]

 [[281  78]]

 [[282  79]]

 [[282  80]]

 [[282  81]]

 [[281  82]]

 [[281  83]]

 [[281  84]]

 [[281  85]]

 [[280  86]]

 [[280  87]]

 [[281  88]]

 [[280  89]]

 [[280  90]]

 [[280  91]]

 [[280  92]]

 [[279  93]]

 [[279  94]]

 [[279  95]]

 [[279  96]]

 [[278  97]]

 [[277  97]]

 [[277  98]]

 [[276  99]]

 [[275  99]]

 [[274 100]]

 [[273 100]]

 [[272 101]]

 [[271 101]]

 [[270 101]]

 [[269 101]]

 [[268 102]]

 [[267 102]]

 [[266 102]]

 [[265 103]]

 [[264 103]]

 [[263 103]]

 [[262 102]]

 [[261 102]]

 [[260 102]]

 [[259 102]]

 [[258 102]]

 [[257 103]]

 [[256 103]]

 [[255 102]]

 [[254 102]]

 [[253 102]]

 [[252 102]]

 [[251 101]]

 [[250 101]]

 [[249 101]]

 [[248 101]]

 [[247 101]]

 [[246 101]]

 [[245 101]]

 [[244 100]]

 [[243  99]]

 [[243  98]]

 [[242  97]]

 [[242  96]]

 [[242  95]]

 [[241  94]]

 [[241  93]]

 [[241  92]]

 [[241  91]]

 [[240  90]]

 [[240  89]]

 [[240  88]]

 [[240  87]]

 [[240  86]]

 [[241  85]]

 [[241  84]]

 [[240  83]]

 [[239  82]]

 [[240  81]]

 [[241  80]]

 [[242  80]]

 [[241  79]]

 [[241  78]]

 [[241  77]]

 [[241  76]]

 [[241  75]]

 [[241  74]]

 [[241  73]]

 [[242  72]]

 [[243  72]]

 [[243  71]]

 [[243  70]]

 [[243  69]]

 [[242  68]]

 [[242  67]]

 [[242  66]]

 [[242  65]]

 [[242  64]]

 [[242  63]]

 [[242  62]]

 [[243  61]]

 [[243  60]]

 [[243  59]]

 [[243  58]]

 [[243  57]]

 [[243  56]]

 [[243  55]]

 [[243  54]]

 [[243  53]]

 [[243  52]]

 [[243  51]]

 [[243  50]]

 [[242  49]]

 [[242  48]]

 [[242  47]]

 [[242  46]]

 [[241  45]]

 [[241  44]]

 [[241  43]]

 [[241  42]]

 [[241  41]]

 [[242  40]]

 [[242  39]]

 [[242  38]]

 [[243  37]]

 [[244  37]]

 [[244  36]]

 [[245  35]]

 [[246  34]]

 [[247  33]]

 [[248  32]]

 [[249  32]]

 [[250  32]]

 [[251  32]]

 [[252  32]]

 [[253  32]]

 [[254  32]]]
[[[  0   0]]

 [[377  17]]

 [[377  18]]

 [[377  19]]

 [[377  20]]

 [[377  21]]

 [[377  22]]

 [[378  22]]

 [[379  23]]

 [[379  24]]

 [[379  25]]

 [[379  26]]

 [[379  27]]

 [[379  28]]

 [[380  28]]

 [[381  29]]

 [[382  30]]

 [[383  30]]

 [[384  30]]

 [[385  30]]

 [[386  30]]

 [[387  31]]

 [[388  31]]

 [[389  31]]

 [[390  31]]

 [[391  31]]

 [[392  32]]

 [[393  32]]

 [[394  32]]

 [[395  32]]

 [[396  33]]

 [[397  33]]

 [[398  33]]

 [[399  33]]

 [[400  33]]

 [[401  33]]

 [[402  34]]

 [[403  34]]

 [[404  34]]

 [[405  34]]

 [[406  34]]

 [[407  34]]

 [[408  33]]

 [[409  33]]

 [[410  34]]

 [[411  34]]

 [[412  34]]

 [[413  35]]

 [[414  35]]

 [[415  36]]

 [[416  36]]

 [[417  36]]

 [[418  37]]

 [[419  37]]

 [[420  37]]

 [[421  37]]

 [[422  37]]

 [[423  37]]

 [[424  37]]

 [[425  37]]

 [[426  38]]

 [[427  38]]

 [[428  38]]

 [[429  38]]

 [[430  38]]

 [[431  38]]

 [[432  38]]

 [[433  39]]

 [[434  39]]

 [[435  39]]

 [[436  39]]

 [[437  38]]

 [[438  38]]

 [[439  38]]

 [[440  37]]

 [[441  36]]

 [[442  35]]

 [[443  35]]

 [[444  36]]

 [[445  37]]

 [[445  38]]

 [[446  38]]

 [[447  39]]

 [[448  39]]

 [[449  40]]

 [[450  40]]

 [[451  40]]

 [[452  40]]

 [[453  40]]

 [[454  41]]

 [[455  41]]

 [[456  41]]

 [[457  41]]

 [[458  42]]

 [[459  42]]

 [[460  42]]

 [[461  42]]

 [[462  42]]

 [[463  42]]

 [[464  43]]

 [[465  43]]

 [[466  43]]

 [[467  43]]

 [[468  43]]

 [[469  44]]

 [[470  44]]

 [[471  44]]

 [[472  44]]

 [[473  44]]

 [[474  44]]

 [[475  44]]

 [[476  44]]

 [[477  43]]

 [[477  42]]

 [[477  41]]

 [[477  40]]

 [[477  39]]

 [[477  38]]

 [[477  37]]

 [[477  36]]

 [[477  35]]

 [[478  34]]

 [[478  33]]

 [[479  32]]

 [[480  32]]

 [[481  32]]

 [[482  31]]

 [[483  31]]

 [[483  30]]

 [[484  29]]

 [[484  28]]

 [[484  27]]

 [[483  26]]

 [[482  26]]

 [[481  27]]

 [[480  27]]

 [[479  27]]

 [[479  28]]

 [[479  29]]

 [[478  30]]

 [[478  31]]

 [[477  32]]

 [[476  33]]

 [[475  33]]

 [[474  33]]

 [[473  33]]

 [[472  33]]

 [[471  33]]

 [[470  33]]

 [[469  33]]

 [[468  33]]

 [[467  33]]

 [[466  32]]

 [[465  32]]

 [[464  32]]

 [[463  32]]

 [[462  32]]

 [[461  32]]

 [[460  32]]

 [[459  31]]

 [[458  31]]

 [[457  31]]

 [[456  30]]

 [[455  30]]

 [[454  30]]

 [[453  30]]

 [[452  29]]

 [[451  29]]

 [[450  29]]

 [[449  29]]

 [[448  28]]

 [[447  28]]

 [[446  28]]

 [[445  27]]

 [[444  27]]

 [[444  28]]

 [[444  29]]

 [[444  30]]

 [[444  31]]

 [[444  32]]

 [[443  33]]

 [[442  34]]

 [[441  33]]

 [[440  33]]

 [[439  33]]

 [[438  33]]

 [[437  33]]

 [[436  33]]

 [[435  32]]

 [[434  32]]

 [[433  32]]

 [[432  32]]

 [[431  31]]

 [[430  31]]

 [[429  31]]

 [[428  31]]

 [[427  31]]

 [[426  31]]

 [[425  30]]

 [[424  30]]

 [[423  30]]

 [[422  30]]

 [[421  29]]

 [[420  29]]

 [[419  29]]

 [[418  29]]

 [[417  29]]

 [[416  29]]

 [[415  28]]

 [[414  28]]

 [[413  28]]

 [[412  28]]

 [[411  27]]

 [[410  27]]

 [[409  26]]

 [[408  25]]

 [[407  24]]

 [[406  24]]

 [[405  24]]

 [[404  24]]

 [[403  24]]

 [[402  24]]

 [[401  23]]

 [[400  23]]

 [[399  23]]

 [[398  23]]

 [[397  23]]

 [[396  23]]

 [[395  22]]

 [[394  22]]

 [[393  22]]

 [[392  22]]

 [[391  21]]

 [[390  21]]

 [[389  21]]

 [[388  21]]

 [[387  21]]

 [[386  21]]

 [[385  20]]

 [[384  20]]

 [[383  20]]

 [[382  19]]

 [[381  19]]

 [[380  19]]

 [[379  19]]

 [[378  18]]

 [[378  17]]]
[[[  0   0]]

 [[157  14]]

 [[156  14]]

 [[155  15]]

 [[155  16]]

 [[154  17]]

 [[153  17]]

 [[152  17]]

 [[151  17]]

 [[150  17]]

 [[149  18]]

 [[148  19]]

 [[147  20]]

 [[147  21]]

 [[148  22]]

 [[149  22]]

 [[150  22]]

 [[151  22]]

 [[152  22]]

 [[153  22]]

 [[154  22]]

 [[155  22]]

 [[156  22]]

 [[157  22]]

 [[158  22]]

 [[159  22]]

 [[160  22]]

 [[161  22]]

 [[162  22]]

 [[163  22]]

 [[164  22]]

 [[165  22]]

 [[166  22]]

 [[167  22]]

 [[168  21]]

 [[169  21]]

 [[170  21]]

 [[171  21]]

 [[172  20]]

 [[173  20]]

 [[174  20]]

 [[175  20]]

 [[176  20]]

 [[177  20]]

 [[178  19]]

 [[179  19]]

 [[180  19]]

 [[181  19]]

 [[182  19]]

 [[183  19]]

 [[184  19]]

 [[185  19]]

 [[186  18]]

 [[187  18]]

 [[188  18]]

 [[189  18]]

 [[190  18]]

 [[190  17]]

 [[190  16]]

 [[189  15]]

 [[188  15]]

 [[187  15]]

 [[186  14]]

 [[185  14]]

 [[184  14]]

 [[183  14]]

 [[182  14]]

 [[181  13]]

 [[180  13]]

 [[179  13]]

 [[178  13]]

 [[177  13]]

 [[176  13]]

 [[175  14]]

 [[174  14]]

 [[173  14]]

 [[172  14]]

 [[171  15]]

 [[170  15]]

 [[169  16]]

 [[168  16]]

 [[167  15]]

 [[166  14]]

 [[165  14]]

 [[164  13]]

 [[163  13]]

 [[162  13]]

 [[161  13]]

 [[160  13]]

 [[159  13]]]
[[[  0   0]]

 [[588  10]]

 [[587  10]]

 [[586  10]]

 [[585  10]]

 [[584  10]]

 [[583  11]]

 [[582  11]]

 [[581  11]]

 [[580  11]]

 [[580  12]]

 [[579  13]]

 [[579  14]]

 [[578  15]]

 [[578  16]]

 [[578  17]]

 [[579  17]]

 [[580  16]]

 [[581  16]]

 [[582  16]]

 [[583  16]]

 [[584  16]]

 [[585  16]]

 [[586  17]]

 [[587  18]]

 [[587  19]]

 [[587  20]]

 [[587  21]]

 [[588  22]]

 [[588  23]]

 [[588  24]]

 [[587  25]]

 [[586  26]]

 [[586  27]]

 [[587  27]]

 [[588  27]]

 [[589  27]]

 [[590  27]]

 [[591  27]]

 [[592  28]]

 [[592  29]]

 [[593  29]]

 [[593  28]]

 [[593  27]]

 [[593  26]]

 [[594  25]]

 [[595  24]]

 [[596  23]]

 [[597  22]]

 [[598  22]]

 [[599  23]]

 [[600  23]]

 [[601  23]]

 [[602  23]]

 [[603  24]]

 [[604  24]]

 [[605  24]]

 [[606  24]]

 [[606  23]]

 [[605  22]]

 [[604  22]]

 [[603  22]]

 [[602  22]]

 [[601  22]]

 [[600  22]]

 [[599  22]]

 [[598  21]]

 [[597  20]]

 [[596  19]]

 [[596  18]]

 [[596  17]]

 [[597  16]]

 [[598  15]]

 [[599  15]]

 [[600  16]]

 [[601  16]]

 [[602  17]]

 [[603  17]]

 [[604  17]]

 [[605  18]]

 [[606  18]]

 [[607  18]]

 [[608  18]]

 [[609  18]]

 [[610  18]]

 [[611  18]]

 [[612  18]]

 [[613  18]]

 [[614  19]]

 [[615  19]]

 [[616  19]]

 [[617  20]]

 [[618  20]]

 [[619  21]]

 [[619  22]]

 [[619  23]]

 [[618  24]]

 [[617  24]]

 [[616  24]]

 [[615  24]]

 [[614  24]]

 [[613  24]]

 [[612  23]]

 [[611  23]]

 [[610  24]]

 [[609  24]]

 [[610  25]]

 [[611  26]]

 [[612  26]]

 [[613  26]]

 [[614  27]]

 [[615  27]]

 [[616  27]]

 [[617  27]]

 [[618  27]]

 [[619  27]]

 [[620  26]]

 [[620  25]]

 [[621  24]]

 [[622  24]]

 [[623  24]]

 [[624  24]]

 [[625  24]]

 [[626  25]]

 [[627  25]]

 [[628  25]]

 [[629  25]]

 [[630  24]]

 [[631  24]]

 [[632  24]]

 [[633  24]]

 [[634  24]]

 [[635  24]]

 [[635  23]]

 [[635  22]]

 [[634  21]]

 [[633  21]]

 [[632  21]]

 [[631  21]]

 [[630  20]]

 [[629  20]]

 [[628  20]]

 [[627  19]]

 [[626  19]]

 [[625  19]]

 [[624  18]]

 [[623  18]]

 [[622  18]]

 [[621  18]]

 [[620  18]]

 [[619  18]]

 [[618  18]]

 [[617  17]]

 [[616  17]]

 [[615  17]]

 [[614  17]]

 [[613  17]]

 [[612  17]]

 [[611  17]]

 [[610  17]]

 [[609  17]]

 [[608  17]]

 [[607  16]]

 [[606  16]]

 [[605  16]]

 [[604  16]]

 [[603  16]]

 [[602  15]]

 [[601  15]]

 [[600  15]]

 [[599  15]]

 [[598  15]]

 [[597  14]]

 [[597  13]]

 [[596  12]]

 [[596  11]]

 [[596  10]]

 [[596   9]]

 [[595   9]]

 [[594   9]]

 [[593   9]]

 [[592   9]]

 [[591   9]]

 [[590   9]]]
[[[  0   0]]

 [[347  10]]

 [[346  11]]

 [[345  12]]

 [[345  13]]

 [[345  14]]

 [[345  15]]

 [[344  16]]

 [[344  17]]

 [[343  18]]

 [[342  19]]

 [[341  20]]

 [[340  20]]

 [[339  19]]

 [[338  19]]

 [[337  20]]

 [[336  20]]

 [[335  21]]

 [[334  21]]

 [[333  21]]

 [[332  21]]

 [[331  21]]

 [[330  21]]

 [[329  21]]

 [[328  22]]

 [[327  21]]

 [[326  21]]

 [[325  21]]

 [[324  21]]

 [[323  21]]

 [[322  21]]

 [[321  21]]

 [[320  21]]

 [[319  21]]

 [[318  21]]

 [[317  21]]

 [[316  21]]

 [[315  21]]

 [[314  21]]

 [[313  21]]

 [[312  21]]

 [[311  22]]

 [[310  21]]

 [[309  21]]

 [[308  21]]

 [[307  21]]

 [[306  21]]

 [[305  21]]

 [[304  21]]

 [[303  20]]

 [[302  20]]

 [[301  20]]

 [[300  19]]

 [[299  18]]

 [[298  18]]

 [[297  18]]

 [[296  19]]

 [[296  20]]

 [[295  21]]

 [[296  22]]

 [[297  22]]

 [[298  22]]

 [[299  22]]

 [[300  22]]

 [[301  22]]

 [[302  23]]

 [[303  23]]

 [[304  23]]

 [[305  24]]

 [[306  24]]

 [[307  24]]

 [[308  25]]

 [[309  25]]

 [[310  26]]

 [[310  27]]

 [[311  28]]

 [[312  28]]

 [[313  28]]

 [[314  29]]

 [[315  29]]

 [[316  29]]

 [[317  29]]

 [[318  29]]

 [[319  29]]

 [[320  29]]

 [[321  29]]

 [[322  29]]

 [[323  28]]

 [[324  27]]

 [[324  26]]

 [[325  25]]

 [[326  25]]

 [[327  25]]

 [[328  25]]

 [[329  26]]

 [[330  25]]

 [[331  25]]

 [[332  25]]

 [[333  25]]

 [[334  25]]

 [[335  24]]

 [[336  24]]

 [[337  24]]

 [[338  24]]

 [[339  23]]

 [[340  23]]

 [[341  24]]

 [[342  25]]

 [[342  26]]

 [[342  27]]

 [[342  28]]

 [[342  29]]

 [[342  30]]

 [[342  31]]

 [[342  32]]

 [[342  33]]

 [[342  34]]

 [[342  35]]

 [[342  36]]

 [[342  37]]

 [[342  38]]

 [[342  39]]

 [[342  40]]

 [[342  41]]

 [[342  42]]

 [[343  43]]

 [[342  44]]

 [[341  45]]

 [[340  46]]

 [[339  46]]

 [[338  46]]

 [[337  47]]

 [[336  47]]

 [[335  47]]

 [[334  48]]

 [[333  48]]

 [[332  48]]

 [[331  48]]

 [[330  48]]

 [[329  49]]

 [[328  49]]

 [[327  49]]

 [[326  49]]

 [[325  49]]

 [[324  49]]

 [[323  49]]

 [[322  49]]

 [[321  49]]

 [[320  49]]

 [[319  49]]

 [[318  49]]

 [[317  49]]

 [[316  49]]

 [[315  49]]

 [[314  49]]

 [[313  49]]

 [[312  48]]

 [[311  48]]

 [[310  48]]

 [[309  48]]

 [[308  48]]

 [[307  48]]

 [[306  48]]

 [[305  48]]

 [[304  47]]

 [[303  47]]

 [[302  47]]

 [[301  47]]

 [[300  47]]

 [[299  46]]

 [[298  46]]

 [[297  46]]

 [[296  45]]

 [[295  44]]

 [[294  44]]

 [[293  43]]

 [[293  44]]

 [[293  45]]

 [[293  46]]

 [[293  47]]

 [[294  48]]

 [[294  49]]

 [[294  50]]

 [[294  51]]

 [[294  52]]

 [[295  53]]

 [[295  54]]

 [[296  54]]

 [[297  55]]

 [[298  55]]

 [[299  56]]

 [[300  56]]

 [[301  57]]

 [[302  57]]

 [[303  57]]

 [[304  57]]

 [[305  58]]

 [[306  58]]

 [[307  58]]

 [[308  58]]

 [[309  58]]

 [[310  58]]

 [[311  58]]

 [[312  58]]

 [[313  58]]

 [[314  58]]

 [[315  58]]

 [[316  58]]

 [[317  58]]

 [[318  58]]

 [[319  58]]

 [[320  59]]

 [[321  59]]

 [[322  59]]

 [[323  59]]

 [[324  59]]

 [[325  59]]

 [[326  59]]

 [[327  58]]

 [[328  58]]

 [[329  58]]

 [[330  58]]

 [[331  58]]

 [[332  58]]

 [[333  58]]

 [[334  58]]

 [[335  57]]

 [[336  57]]

 [[337  57]]

 [[338  57]]

 [[339  56]]

 [[340  55]]

 [[340  54]]

 [[340  53]]

 [[340  52]]

 [[340  51]]

 [[341  50]]

 [[341  49]]

 [[342  48]]

 [[343  48]]

 [[344  48]]

 [[345  48]]

 [[346  48]]

 [[347  49]]

 [[348  49]]

 [[349  50]]

 [[350  50]]

 [[351  50]]

 [[352  50]]

 [[353  49]]

 [[353  48]]

 [[352  48]]

 [[351  48]]

 [[350  47]]

 [[349  48]]

 [[348  47]]

 [[347  47]]

 [[346  47]]

 [[345  47]]

 [[344  46]]

 [[343  45]]

 [[343  44]]

 [[343  43]]

 [[343  42]]

 [[343  41]]

 [[343  40]]

 [[343  39]]

 [[344  38]]

 [[343  37]]

 [[343  36]]

 [[344  35]]

 [[345  34]]

 [[345  33]]

 [[345  32]]

 [[344  31]]

 [[344  30]]

 [[343  29]]

 [[343  28]]

 [[344  27]]

 [[344  26]]

 [[344  25]]

 [[344  24]]

 [[345  23]]

 [[345  22]]

 [[345  21]]

 [[345  20]]

 [[345  19]]

 [[345  18]]

 [[346  17]]

 [[347  16]]

 [[348  15]]

 [[349  15]]

 [[349  14]]

 [[350  13]]

 [[351  12]]

 [[352  12]]

 [[353  13]]

 [[354  13]]

 [[355  13]]

 [[356  13]]

 [[357  13]]

 [[358  14]]

 [[359  15]]

 [[360  16]]

 [[361  16]]

 [[362  15]]

 [[363  16]]

 [[364  17]]

 [[365  17]]

 [[366  16]]

 [[367  16]]

 [[368  16]]

 [[369  16]]

 [[370  17]]

 [[369  18]]

 [[369  19]]

 [[368  20]]

 [[368  21]]

 [[368  22]]

 [[367  23]]

 [[366  24]]

 [[366  25]]

 [[365  26]]

 [[364  26]]

 [[364  27]]

 [[364  28]]

 [[364  29]]

 [[363  30]]

 [[363  31]]

 [[362  32]]

 [[361  32]]

 [[362  32]]

 [[363  33]]

 [[362  34]]

 [[361  34]]

 [[362  35]]

 [[361  36]]

 [[362  37]]

 [[362  38]]

 [[361  39]]

 [[361  40]]

 [[361  41]]

 [[362  41]]

 [[363  42]]

 [[364  42]]

 [[365  43]]

 [[366  44]]

 [[366  45]]

 [[367  46]]

 [[367  47]]

 [[368  47]]

 [[368  46]]

 [[368  45]]

 [[368  44]]

 [[367  43]]

 [[367  42]]

 [[368  41]]

 [[368  40]]

 [[368  39]]

 [[368  38]]

 [[368  37]]

 [[368  36]]

 [[368  35]]

 [[369  34]]

 [[369  33]]

 [[370  32]]

 [[370  31]]

 [[370  30]]

 [[370  29]]

 [[369  29]]

 [[368  28]]

 [[367  27]]

 [[367  26]]

 [[367  25]]

 [[367  24]]

 [[368  23]]

 [[369  23]]

 [[370  23]]

 [[371  22]]

 [[372  21]]

 [[373  20]]

 [[373  19]]

 [[373  18]]

 [[374  17]]

 [[374  16]]

 [[375  15]]

 [[375  14]]

 [[374  13]]

 [[373  12]]

 [[372  12]]

 [[371  12]]

 [[370  11]]

 [[369  11]]

 [[368  11]]

 [[367  11]]

 [[366  11]]

 [[365  11]]

 [[364  11]]

 [[363  11]]

 [[362  11]]

 [[361  11]]

 [[360  11]]

 [[359  11]]

 [[358  10]]

 [[357  10]]

 [[356  10]]

 [[355  10]]

 [[354  10]]

 [[353  10]]

 [[352  10]]

 [[351   9]]

 [[350   9]]

 [[349   9]]]
