[[[  0   0]]

 [[586  70]]

 [[586  71]]

 [[586  72]]

 [[586  73]]

 [[586  74]]

 [[586  75]]

 [[586  76]]

 [[587  77]]

 [[588  78]]

 [[589  78]]

 [[590  79]]

 [[591  79]]

 [[592  79]]

 [[593  80]]

 [[594  80]]

 [[595  80]]

 [[596  81]]

 [[597  81]]

 [[598  81]]

 [[599  81]]

 [[600  82]]

 [[601  82]]

 [[602  82]]

 [[603  82]]

 [[604  82]]

 [[605  82]]

 [[606  82]]

 [[607  82]]

 [[608  82]]

 [[609  82]]

 [[610  82]]

 [[611  83]]

 [[612  84]]

 [[612  85]]

 [[612  86]]

 [[612  87]]

 [[613  88]]

 [[614  88]]

 [[615  88]]

 [[616  89]]

 [[617  89]]

 [[618  89]]

 [[619  90]]

 [[620  90]]

 [[621  90]]

 [[622  91]]

 [[623  91]]

 [[624  91]]

 [[625  91]]

 [[626  92]]

 [[627  92]]

 [[628  92]]

 [[629  92]]

 [[630  93]]

 [[631  93]]

 [[632  93]]

 [[633  93]]

 [[634  94]]

 [[635  94]]

 [[636  93]]

 [[637  93]]

 [[637  92]]

 [[638  91]]

 [[638  90]]

 [[638  89]]

 [[638  88]]

 [[638  87]]

 [[637  86]]

 [[636  86]]

 [[635  86]]

 [[634  86]]

 [[633  85]]

 [[632  85]]

 [[631  85]]

 [[630  85]]

 [[629  84]]

 [[628  84]]

 [[627  84]]

 [[626  83]]

 [[625  83]]

 [[624  83]]

 [[623  82]]

 [[622  82]]

 [[621  82]]

 [[620  81]]

 [[619  81]]

 [[618  80]]

 [[617  80]]

 [[616  79]]

 [[615  79]]

 [[614  79]]

 [[613  79]]

 [[612  78]]

 [[611  77]]

 [[610  77]]

 [[609  76]]

 [[608  76]]

 [[607  75]]

 [[606  75]]

 [[605  75]]

 [[604  74]]

 [[603  74]]

 [[602  74]]

 [[601  74]]

 [[600  73]]

 [[599  73]]

 [[598  73]]

 [[597  72]]

 [[596  72]]

 [[595  71]]

 [[594  71]]

 [[593  70]]

 [[592  70]]

 [[591  70]]

 [[590  69]]

 [[589  69]]

 [[588  69]]

 [[587  69]]]
[[[  0   0]]

 [[584  49]]

 [[584  50]]

 [[584  51]]

 [[585  52]]

 [[586  52]]

 [[587  53]]

 [[588  53]]

 [[589  54]]

 [[590  55]]

 [[591  56]]

 [[591  57]]

 [[591  58]]

 [[592  59]]

 [[592  60]]

 [[593  60]]

 [[594  61]]

 [[595  61]]

 [[596  62]]

 [[597  62]]

 [[598  63]]

 [[599  63]]

 [[600  63]]

 [[601  64]]

 [[602  64]]

 [[603  64]]

 [[604  64]]

 [[605  65]]

 [[606  65]]

 [[607  65]]

 [[608  65]]

 [[609  65]]

 [[610  65]]

 [[611  65]]

 [[612  65]]

 [[613  65]]

 [[614  65]]

 [[615  64]]

 [[615  63]]

 [[615  62]]

 [[615  61]]

 [[615  60]]

 [[614  59]]

 [[613  59]]

 [[612  58]]

 [[611  58]]

 [[610  58]]

 [[609  57]]

 [[608  57]]

 [[607  57]]

 [[606  57]]

 [[605  56]]

 [[604  56]]

 [[603  56]]

 [[602  55]]

 [[601  55]]

 [[600  55]]

 [[599  54]]

 [[598  54]]

 [[597  53]]

 [[596  53]]

 [[595  52]]

 [[594  51]]

 [[593  50]]

 [[592  49]]

 [[591  49]]

 [[590  49]]

 [[589  48]]

 [[588  48]]

 [[587  48]]

 [[586  48]]]
[[[  0   0]]

 [[575  31]]

 [[576  32]]

 [[576  33]]

 [[576  34]]

 [[576  35]]

 [[576  36]]

 [[577  37]]

 [[578  38]]

 [[579  38]]

 [[580  38]]

 [[581  37]]

 [[582  37]]

 [[583  36]]

 [[584  37]]

 [[585  37]]

 [[586  37]]

 [[587  38]]

 [[588  39]]

 [[589  39]]

 [[590  40]]

 [[591  40]]

 [[592  41]]

 [[593  41]]

 [[594  41]]

 [[595  42]]

 [[596  42]]

 [[597  42]]

 [[598  42]]

 [[599  43]]

 [[600  43]]

 [[601  43]]

 [[602  44]]

 [[601  45]]

 [[602  46]]

 [[603  46]]

 [[604  46]]

 [[605  46]]

 [[606  46]]

 [[607  46]]

 [[608  46]]

 [[609  46]]

 [[610  46]]

 [[611  46]]

 [[612  46]]

 [[613  46]]

 [[614  46]]

 [[615  46]]

 [[616  47]]

 [[617  47]]

 [[618  47]]

 [[619  48]]

 [[620  48]]

 [[621  49]]

 [[621  50]]

 [[621  51]]

 [[622  51]]

 [[623  51]]

 [[624  51]]

 [[625  52]]

 [[626  52]]

 [[627  52]]

 [[628  52]]

 [[629  53]]

 [[630  53]]

 [[631  53]]

 [[632  53]]

 [[633  54]]

 [[634  54]]

 [[635  54]]

 [[636  54]]

 [[637  55]]

 [[638  55]]

 [[638  54]]

 [[638  53]]

 [[638  52]]

 [[638  51]]

 [[637  50]]

 [[636  49]]

 [[635  49]]

 [[634  49]]

 [[633  49]]

 [[632  49]]

 [[631  49]]

 [[630  49]]

 [[629  49]]

 [[628  49]]

 [[627  49]]

 [[626  48]]

 [[625  48]]

 [[624  47]]

 [[623  46]]

 [[622  45]]

 [[621  44]]

 [[620  44]]

 [[619  44]]

 [[618  44]]

 [[617  44]]

 [[616  44]]

 [[615  45]]

 [[614  44]]

 [[613  44]]

 [[612  44]]

 [[611  43]]

 [[610  43]]

 [[609  42]]

 [[609  41]]

 [[608  40]]

 [[608  39]]

 [[607  38]]

 [[606  37]]

 [[605  37]]

 [[604  37]]

 [[603  37]]

 [[602  37]]

 [[601  37]]

 [[600  36]]

 [[599  36]]

 [[598  36]]

 [[597  36]]

 [[596  35]]

 [[595  35]]

 [[594  35]]

 [[593  34]]

 [[592  34]]

 [[591  34]]

 [[590  33]]

 [[589  33]]

 [[588  34]]

 [[587  34]]

 [[586  35]]

 [[585  35]]

 [[584  34]]

 [[584  33]]

 [[583  32]]

 [[582  32]]

 [[581  31]]

 [[580  31]]

 [[579  31]]

 [[578  30]]

 [[577  30]]

 [[576  30]]]
[[[  0   0]]

 [[472  11]]

 [[472  12]]

 [[472  13]]

 [[472  14]]

 [[472  15]]

 [[471  16]]

 [[471  17]]

 [[471  18]]

 [[471  19]]

 [[471  20]]

 [[472  21]]

 [[472  22]]

 [[472  23]]

 [[472  24]]

 [[471  25]]

 [[471  26]]

 [[471  27]]

 [[471  28]]

 [[470  29]]

 [[469  30]]

 [[468  30]]

 [[467  29]]

 [[467  28]]

 [[466  28]]

 [[465  28]]

 [[464  28]]

 [[463  28]]

 [[462  28]]

 [[461  28]]

 [[460  28]]

 [[459  28]]

 [[459  29]]

 [[458  30]]

 [[457  30]]

 [[456  31]]

 [[455  31]]

 [[454  30]]

 [[453  30]]

 [[452  30]]

 [[451  30]]

 [[450  30]]

 [[449  30]]

 [[448  30]]

 [[447  30]]

 [[446  29]]

 [[445  29]]

 [[444  29]]

 [[443  28]]

 [[442  28]]

 [[441  28]]

 [[440  28]]

 [[439  27]]

 [[438  27]]

 [[437  26]]

 [[437  25]]

 [[436  24]]

 [[435  23]]

 [[435  22]]

 [[434  22]]

 [[433  22]]

 [[432  21]]

 [[431  21]]

 [[430  21]]

 [[429  20]]

 [[428  20]]

 [[427  20]]

 [[426  20]]

 [[425  21]]

 [[425  22]]

 [[424  23]]

 [[424  24]]

 [[425  25]]

 [[426  26]]

 [[427  26]]

 [[428  26]]

 [[429  26]]

 [[430  27]]

 [[431  27]]

 [[432  27]]

 [[433  27]]

 [[434  28]]

 [[435  29]]

 [[436  30]]

 [[437  31]]

 [[437  32]]

 [[438  32]]

 [[439  33]]

 [[440  33]]

 [[441  34]]

 [[442  34]]

 [[443  34]]

 [[444  34]]

 [[445  34]]

 [[446  34]]

 [[447  34]]

 [[448  34]]

 [[449  34]]

 [[450  34]]

 [[451  34]]

 [[452  34]]

 [[453  34]]

 [[454  34]]

 [[455  34]]

 [[456  34]]

 [[457  34]]

 [[458  34]]

 [[459  33]]

 [[460  33]]

 [[461  33]]

 [[462  33]]

 [[463  33]]

 [[464  33]]

 [[465  33]]

 [[466  33]]

 [[467  33]]

 [[467  32]]

 [[468  31]]

 [[469  32]]

 [[469  33]]

 [[470  34]]

 [[470  35]]

 [[471  35]]

 [[472  36]]

 [[472  37]]

 [[473  38]]

 [[474  39]]

 [[475  39]]

 [[476  39]]

 [[477  38]]

 [[477  37]]

 [[477  36]]

 [[476  36]]

 [[475  35]]

 [[474  34]]

 [[473  33]]

 [[472  32]]

 [[472  31]]

 [[473  30]]

 [[473  29]]

 [[473  28]]

 [[473  27]]

 [[473  26]]

 [[473  25]]

 [[474  24]]

 [[474  23]]

 [[474  22]]

 [[473  21]]

 [[473  20]]

 [[473  19]]

 [[474  18]]

 [[475  17]]

 [[476  16]]

 [[477  16]]

 [[478  16]]

 [[479  15]]

 [[480  15]]

 [[481  15]]

 [[482  16]]

 [[482  17]]

 [[482  18]]

 [[482  19]]

 [[481  20]]

 [[481  21]]

 [[480  22]]

 [[480  23]]

 [[481  24]]

 [[482  25]]

 [[482  26]]

 [[482  27]]

 [[482  28]]

 [[482  29]]

 [[482  30]]

 [[482  31]]

 [[481  32]]

 [[480  32]]

 [[479  33]]

 [[479  34]]

 [[480  35]]

 [[481  34]]

 [[482  34]]

 [[483  34]]

 [[484  35]]

 [[485  35]]

 [[486  36]]

 [[487  37]]

 [[488  38]]

 [[489  39]]

 [[490  39]]

 [[491  39]]

 [[492  39]]

 [[493  39]]

 [[494  38]]

 [[495  39]]

 [[496  39]]

 [[497  38]]

 [[498  37]]

 [[498  36]]

 [[498  35]]

 [[499  34]]

 [[499  33]]

 [[499  32]]

 [[498  31]]

 [[498  30]]

 [[497  29]]

 [[498  28]]

 [[498  27]]

 [[498  26]]

 [[498  25]]

 [[498  24]]

 [[498  23]]

 [[499  22]]

 [[499  21]]

 [[499  20]]

 [[499  19]]

 [[499  18]]

 [[499  17]]

 [[499  16]]

 [[499  15]]

 [[499  14]]

 [[499  13]]

 [[499  12]]

 [[498  12]]

 [[497  11]]

 [[496  11]]

 [[495  11]]

 [[494  11]]

 [[493  11]]

 [[492  11]]

 [[491  11]]

 [[490  11]]

 [[489  11]]

 [[488  10]]

 [[487  10]]

 [[486  10]]

 [[485  10]]

 [[484  10]]

 [[483  10]]

 [[482  11]]

 [[481  11]]

 [[480  12]]

 [[479  12]]

 [[478  12]]

 [[477  11]]

 [[476  11]]

 [[475  11]]

 [[474  10]]

 [[473  10]]]
[[[  0   0]]

 [[428   7]]

 [[428   8]]

 [[428   9]]

 [[428  10]]

 [[428  11]]

 [[428  12]]

 [[429  12]]

 [[430  13]]

 [[431  13]]

 [[432  13]]

 [[433  14]]

 [[434  14]]

 [[435  14]]

 [[436  14]]

 [[437  15]]

 [[438  15]]

 [[439  16]]

 [[439  17]]

 [[439  18]]

 [[440  19]]

 [[441  20]]

 [[442  20]]

 [[443  21]]

 [[444  21]]

 [[445  21]]

 [[446  21]]

 [[447  21]]

 [[448  21]]

 [[449  21]]

 [[450  21]]

 [[451  21]]

 [[452  22]]

 [[453  22]]

 [[454  22]]

 [[455  22]]

 [[456  22]]

 [[457  22]]

 [[458  22]]

 [[459  21]]

 [[460  20]]

 [[461  20]]

 [[462  20]]

 [[463  20]]

 [[464  20]]

 [[465  20]]

 [[466  20]]

 [[467  20]]

 [[468  20]]

 [[468  19]]

 [[469  18]]

 [[469  17]]

 [[469  16]]

 [[468  15]]

 [[467  15]]

 [[466  15]]

 [[465  15]]

 [[464  15]]

 [[463  15]]

 [[462  15]]

 [[461  15]]

 [[460  16]]

 [[459  17]]

 [[458  18]]

 [[457  18]]

 [[456  18]]

 [[455  18]]

 [[454  18]]

 [[453  18]]

 [[452  18]]

 [[451  18]]

 [[450  17]]

 [[449  17]]

 [[448  17]]

 [[447  16]]

 [[446  16]]

 [[445  16]]

 [[444  15]]

 [[443  15]]

 [[442  15]]

 [[441  14]]

 [[440  14]]

 [[439  13]]

 [[439  12]]

 [[439  11]]

 [[439  10]]

 [[438   9]]

 [[437   9]]

 [[436   8]]

 [[435   8]]

 [[434   8]]

 [[433   7]]

 [[432   7]]

 [[431   7]]

 [[430   7]]]
