[[[  0   0]]

 [[518 227]]

 [[517 228]]

 [[517 229]]

 [[517 230]]

 [[517 231]]

 [[517 232]]

 [[517 233]]

 [[517 234]]

 [[516 235]]

 [[516 236]]

 [[516 237]]

 [[516 238]]

 [[516 239]]

 [[515 240]]

 [[515 241]]

 [[515 242]]

 [[514 243]]

 [[514 244]]

 [[514 245]]

 [[514 246]]

 [[515 247]]

 [[515 248]]

 [[516 248]]

 [[517 249]]

 [[518 250]]

 [[519 251]]

 [[520 251]]

 [[521 252]]

 [[522 253]]

 [[523 253]]

 [[524 254]]

 [[525 255]]

 [[526 255]]

 [[527 256]]

 [[528 256]]

 [[529 257]]

 [[530 257]]

 [[531 258]]

 [[532 258]]

 [[533 258]]

 [[534 258]]

 [[535 258]]

 [[536 258]]

 [[536 257]]

 [[535 256]]

 [[535 255]]

 [[535 254]]

 [[534 253]]

 [[533 252]]

 [[532 251]]

 [[531 250]]

 [[531 249]]

 [[530 248]]

 [[529 248]]

 [[528 247]]

 [[528 246]]

 [[529 245]]

 [[530 246]]

 [[531 246]]

 [[532 247]]

 [[533 247]]

 [[534 248]]

 [[535 248]]

 [[536 249]]

 [[537 249]]

 [[538 249]]

 [[539 250]]

 [[540 250]]

 [[541 251]]

 [[542 251]]

 [[543 252]]

 [[544 252]]

 [[545 253]]

 [[546 253]]

 [[547 254]]

 [[548 254]]

 [[549 255]]

 [[550 255]]

 [[551 256]]

 [[552 256]]

 [[553 257]]

 [[554 257]]

 [[555 258]]

 [[556 258]]

 [[557 258]]

 [[558 258]]

 [[559 258]]

 [[560 258]]

 [[561 258]]

 [[562 258]]

 [[563 258]]

 [[564 258]]

 [[565 258]]

 [[566 258]]

 [[567 258]]

 [[568 258]]

 [[569 258]]

 [[570 258]]

 [[571 258]]

 [[572 258]]

 [[573 258]]

 [[574 258]]

 [[575 258]]

 [[576 258]]

 [[577 258]]

 [[578 258]]

 [[579 258]]

 [[580 258]]

 [[581 258]]

 [[582 258]]

 [[583 258]]

 [[582 258]]

 [[581 258]]

 [[580 258]]

 [[579 258]]

 [[578 258]]

 [[577 258]]

 [[576 257]]

 [[575 257]]

 [[574 257]]

 [[573 257]]

 [[572 257]]

 [[571 256]]

 [[570 256]]

 [[569 255]]

 [[568 255]]

 [[567 255]]

 [[566 254]]

 [[565 254]]

 [[564 254]]

 [[563 253]]

 [[562 253]]

 [[561 252]]

 [[560 252]]

 [[559 251]]

 [[558 251]]

 [[557 250]]

 [[556 250]]

 [[555 250]]

 [[554 249]]

 [[553 249]]

 [[552 248]]

 [[551 247]]

 [[550 247]]

 [[549 247]]

 [[548 246]]

 [[547 246]]

 [[546 245]]

 [[545 245]]

 [[544 244]]

 [[543 243]]

 [[542 243]]

 [[541 242]]

 [[540 242]]

 [[539 241]]

 [[538 241]]

 [[537 240]]

 [[536 239]]

 [[535 239]]

 [[534 238]]

 [[533 237]]

 [[532 237]]

 [[531 236]]

 [[530 236]]

 [[529 235]]

 [[528 235]]

 [[527 234]]

 [[526 233]]

 [[525 232]]

 [[524 231]]

 [[523 230]]

 [[522 229]]

 [[521 228]]

 [[520 228]]

 [[519 227]]]
[[[  0   0]]

 [[539 169]]

 [[538 170]]

 [[537 171]]

 [[536 172]]

 [[536 173]]

 [[536 174]]

 [[537 175]]

 [[537 176]]

 [[538 177]]

 [[539 178]]

 [[540 178]]

 [[541 179]]

 [[542 179]]

 [[543 180]]

 [[544 180]]

 [[545 180]]

 [[546 181]]

 [[547 181]]

 [[548 182]]

 [[549 183]]

 [[550 183]]

 [[551 183]]

 [[552 183]]

 [[553 184]]

 [[554 185]]

 [[555 185]]

 [[556 186]]

 [[557 186]]

 [[558 187]]

 [[559 187]]

 [[560 188]]

 [[561 188]]

 [[562 188]]

 [[563 188]]

 [[564 189]]

 [[565 189]]

 [[566 189]]

 [[567 190]]

 [[568 190]]

 [[569 191]]

 [[570 191]]

 [[571 192]]

 [[572 192]]

 [[573 193]]

 [[574 194]]

 [[575 194]]

 [[576 194]]

 [[577 194]]

 [[578 195]]

 [[579 195]]

 [[580 195]]

 [[581 196]]

 [[582 196]]

 [[583 196]]

 [[584 197]]

 [[585 197]]

 [[586 197]]

 [[587 197]]

 [[588 197]]

 [[589 197]]

 [[590 197]]

 [[591 198]]

 [[592 198]]

 [[593 198]]

 [[594 199]]

 [[595 199]]

 [[596 200]]

 [[597 200]]

 [[598 200]]

 [[599 199]]

 [[600 199]]

 [[601 199]]

 [[602 199]]

 [[603 199]]

 [[604 199]]

 [[605 200]]

 [[606 200]]

 [[607 200]]

 [[608 200]]

 [[609 200]]

 [[610 200]]

 [[611 201]]

 [[612 201]]

 [[613 201]]

 [[614 201]]

 [[615 201]]

 [[616 201]]

 [[617 201]]

 [[618 201]]

 [[619 201]]

 [[620 201]]

 [[621 202]]

 [[622 202]]

 [[623 202]]

 [[624 202]]

 [[625 202]]

 [[626 202]]

 [[627 202]]

 [[628 201]]

 [[629 202]]

 [[630 202]]

 [[631 202]]

 [[632 202]]

 [[633 202]]

 [[634 202]]

 [[635 202]]

 [[636 202]]

 [[637 203]]

 [[638 204]]

 [[638 203]]

 [[638 202]]

 [[638 201]]

 [[638 200]]

 [[637 199]]

 [[636 198]]

 [[635 197]]

 [[634 197]]

 [[633 197]]

 [[632 196]]

 [[631 196]]

 [[630 196]]

 [[629 195]]

 [[628 195]]

 [[627 195]]

 [[626 194]]

 [[625 194]]

 [[624 194]]

 [[623 194]]

 [[622 194]]

 [[621 193]]

 [[620 193]]

 [[619 192]]

 [[618 192]]

 [[617 191]]

 [[616 191]]

 [[615 190]]

 [[614 190]]

 [[613 189]]

 [[612 189]]

 [[611 189]]

 [[610 189]]

 [[609 188]]

 [[608 188]]

 [[607 187]]

 [[606 187]]

 [[605 187]]

 [[604 186]]

 [[603 186]]

 [[602 185]]

 [[601 185]]

 [[600 185]]

 [[599 184]]

 [[598 184]]

 [[597 184]]

 [[596 184]]

 [[595 184]]

 [[594 184]]

 [[594 185]]

 [[594 186]]

 [[595 187]]

 [[595 188]]

 [[594 189]]

 [[593 190]]

 [[592 191]]

 [[591 192]]

 [[590 192]]

 [[589 192]]

 [[588 192]]

 [[587 192]]

 [[586 192]]

 [[585 192]]

 [[584 192]]

 [[583 191]]

 [[582 190]]

 [[581 189]]

 [[580 189]]

 [[579 188]]

 [[579 187]]

 [[578 186]]

 [[577 185]]

 [[578 184]]

 [[578 183]]

 [[579 182]]

 [[580 181]]

 [[581 180]]

 [[582 179]]

 [[583 180]]

 [[584 180]]

 [[585 180]]

 [[586 179]]

 [[586 178]]

 [[585 178]]

 [[584 178]]

 [[583 177]]

 [[582 177]]

 [[581 177]]

 [[580 177]]

 [[579 177]]

 [[578 177]]

 [[577 176]]

 [[576 176]]

 [[575 176]]

 [[574 176]]

 [[573 176]]

 [[572 176]]

 [[571 176]]

 [[570 175]]

 [[569 174]]

 [[568 174]]

 [[567 173]]

 [[566 173]]

 [[565 174]]

 [[564 174]]

 [[563 173]]

 [[562 173]]

 [[561 172]]

 [[560 172]]

 [[559 172]]

 [[558 172]]

 [[557 172]]

 [[556 171]]

 [[555 171]]

 [[554 171]]

 [[553 171]]

 [[552 170]]

 [[551 170]]

 [[550 169]]

 [[549 168]]

 [[548 168]]

 [[547 168]]

 [[546 168]]

 [[545 168]]

 [[544 168]]

 [[543 168]]

 [[542 168]]

 [[541 168]]]
[[[  0   0]]

 [[602 165]]

 [[602 166]]

 [[602 167]]

 [[602 168]]

 [[601 169]]

 [[601 170]]

 [[601 171]]

 [[601 172]]

 [[601 173]]

 [[601 174]]

 [[602 174]]

 [[603 174]]

 [[604 175]]

 [[605 175]]

 [[606 175]]

 [[607 176]]

 [[608 176]]

 [[609 176]]

 [[610 176]]

 [[611 177]]

 [[612 178]]

 [[613 178]]

 [[614 178]]

 [[615 179]]

 [[616 179]]

 [[617 179]]

 [[618 180]]

 [[619 180]]

 [[620 181]]

 [[621 181]]

 [[622 181]]

 [[623 181]]

 [[624 182]]

 [[625 182]]

 [[626 183]]

 [[627 183]]

 [[628 184]]

 [[629 184]]

 [[630 185]]

 [[631 185]]

 [[632 185]]

 [[633 185]]

 [[634 186]]

 [[635 186]]

 [[636 186]]

 [[637 186]]

 [[638 186]]

 [[637 185]]

 [[637 184]]

 [[636 183]]

 [[635 182]]

 [[634 181]]

 [[633 180]]

 [[632 179]]

 [[631 179]]

 [[630 178]]

 [[629 177]]

 [[628 176]]

 [[627 175]]

 [[626 174]]

 [[625 174]]

 [[624 174]]

 [[623 173]]

 [[622 173]]

 [[621 172]]

 [[620 172]]

 [[619 171]]

 [[618 171]]

 [[617 170]]

 [[616 170]]

 [[615 169]]

 [[614 169]]

 [[613 168]]

 [[612 167]]

 [[611 166]]

 [[610 166]]

 [[609 166]]

 [[608 165]]

 [[607 165]]

 [[606 165]]

 [[605 165]]

 [[604 164]]

 [[603 164]]]
[[[  0   0]]

 [[501 157]]

 [[501 158]]

 [[502 159]]

 [[502 160]]

 [[502 161]]

 [[502 162]]

 [[502 163]]

 [[502 164]]

 [[503 165]]

 [[504 165]]

 [[504 164]]

 [[505 163]]

 [[506 162]]

 [[507 161]]

 [[508 160]]

 [[509 161]]

 [[510 162]]

 [[510 163]]

 [[510 164]]

 [[509 165]]

 [[508 166]]

 [[508 167]]

 [[507 168]]

 [[506 169]]

 [[506 170]]

 [[507 171]]

 [[508 171]]

 [[509 172]]

 [[510 172]]

 [[511 173]]

 [[512 173]]

 [[513 173]]

 [[514 173]]

 [[515 173]]

 [[516 174]]

 [[517 175]]

 [[517 176]]

 [[518 177]]

 [[519 178]]

 [[520 179]]

 [[521 179]]

 [[522 180]]

 [[523 180]]

 [[524 180]]

 [[525 180]]

 [[526 180]]

 [[527 180]]

 [[528 179]]

 [[528 178]]

 [[528 177]]

 [[529 176]]

 [[530 175]]

 [[530 174]]

 [[531 173]]

 [[531 172]]

 [[531 171]]

 [[531 170]]

 [[530 169]]

 [[530 168]]

 [[529 167]]

 [[529 166]]

 [[530 165]]

 [[531 164]]

 [[532 164]]

 [[532 163]]

 [[533 162]]

 [[532 162]]

 [[531 161]]

 [[530 162]]

 [[529 162]]

 [[529 163]]

 [[530 164]]

 [[530 165]]

 [[529 166]]

 [[528 167]]

 [[527 167]]

 [[526 167]]

 [[525 167]]

 [[524 167]]

 [[523 167]]

 [[522 167]]

 [[521 168]]

 [[520 169]]

 [[520 170]]

 [[520 171]]

 [[519 172]]

 [[518 171]]

 [[517 170]]

 [[516 169]]

 [[516 168]]

 [[515 167]]

 [[514 166]]

 [[514 165]]

 [[513 164]]

 [[513 163]]

 [[513 162]]

 [[512 161]]

 [[511 161]]

 [[510 161]]

 [[509 160]]

 [[509 159]]

 [[508 160]]

 [[507 159]]

 [[506 158]]

 [[505 158]]

 [[504 158]]

 [[503 157]]

 [[503 156]]]
[[[  0   0]]

 [[552 154]]

 [[551 155]]

 [[550 156]]

 [[549 157]]

 [[549 158]]

 [[550 158]]

 [[551 159]]

 [[552 159]]

 [[553 159]]

 [[554 159]]

 [[555 160]]

 [[556 160]]

 [[557 160]]

 [[558 160]]

 [[559 160]]

 [[560 161]]

 [[561 161]]

 [[562 161]]

 [[563 162]]

 [[564 162]]

 [[565 162]]

 [[566 163]]

 [[567 163]]

 [[568 163]]

 [[569 164]]

 [[570 164]]

 [[571 164]]

 [[572 165]]

 [[573 165]]

 [[574 165]]

 [[575 165]]

 [[576 165]]

 [[577 166]]

 [[578 166]]

 [[579 166]]

 [[580 166]]

 [[581 167]]

 [[582 167]]

 [[583 167]]

 [[584 168]]

 [[585 168]]

 [[586 169]]

 [[587 169]]

 [[588 170]]

 [[589 170]]

 [[590 171]]

 [[591 171]]

 [[592 171]]

 [[593 171]]

 [[594 171]]

 [[595 170]]

 [[595 169]]

 [[596 168]]

 [[596 167]]

 [[596 166]]

 [[597 165]]

 [[597 164]]

 [[596 163]]

 [[596 162]]

 [[595 161]]

 [[594 161]]

 [[593 161]]

 [[592 161]]

 [[591 161]]

 [[590 160]]

 [[589 160]]

 [[588 159]]

 [[587 159]]

 [[586 159]]

 [[585 158]]

 [[584 158]]

 [[583 158]]

 [[582 158]]

 [[581 158]]

 [[580 158]]

 [[579 158]]

 [[578 158]]

 [[577 157]]

 [[576 157]]

 [[575 157]]

 [[574 157]]

 [[573 157]]

 [[572 157]]

 [[571 156]]

 [[570 156]]

 [[569 156]]

 [[568 155]]

 [[567 155]]

 [[566 155]]

 [[565 155]]

 [[564 155]]

 [[563 154]]

 [[562 154]]

 [[561 154]]

 [[560 154]]

 [[559 154]]

 [[558 154]]

 [[557 154]]

 [[556 154]]

 [[555 153]]

 [[554 153]]]
[[[  0   0]]

 [[525  85]]

 [[524  85]]

 [[524  86]]

 [[523  87]]

 [[523  88]]

 [[522  89]]

 [[522  90]]

 [[522  91]]

 [[522  92]]

 [[522  93]]

 [[522  94]]

 [[521  95]]

 [[521  96]]

 [[520  97]]

 [[520  98]]

 [[519  99]]

 [[520 100]]

 [[521 101]]

 [[521 102]]

 [[521 103]]

 [[521 104]]

 [[521 105]]

 [[520 106]]

 [[520 107]]

 [[520 108]]

 [[520 109]]

 [[520 110]]

 [[520 111]]

 [[520 112]]

 [[520 113]]

 [[520 114]]

 [[519 115]]

 [[519 116]]

 [[519 117]]

 [[519 118]]

 [[519 119]]

 [[519 120]]

 [[519 121]]

 [[519 122]]

 [[519 123]]

 [[519 124]]

 [[518 125]]

 [[518 126]]

 [[517 127]]

 [[516 128]]

 [[516 129]]

 [[516 130]]

 [[516 131]]

 [[515 132]]

 [[515 133]]

 [[516 134]]

 [[516 135]]

 [[516 136]]

 [[516 137]]

 [[515 138]]

 [[515 139]]

 [[515 140]]

 [[515 141]]

 [[514 142]]

 [[514 143]]

 [[513 144]]

 [[513 145]]

 [[513 146]]

 [[512 147]]

 [[511 147]]

 [[510 147]]

 [[509 148]]

 [[508 149]]

 [[508 150]]

 [[507 151]]

 [[506 152]]

 [[506 153]]

 [[506 154]]

 [[507 155]]

 [[507 154]]

 [[507 153]]

 [[507 152]]

 [[508 151]]

 [[509 150]]

 [[510 151]]

 [[510 152]]

 [[511 153]]

 [[511 154]]

 [[511 155]]

 [[512 155]]

 [[513 155]]

 [[514 155]]

 [[515 156]]

 [[516 156]]

 [[517 157]]

 [[518 157]]

 [[517 156]]

 [[516 155]]

 [[515 154]]

 [[514 153]]

 [[513 152]]

 [[513 151]]

 [[512 150]]

 [[512 149]]

 [[513 148]]

 [[514 147]]

 [[514 146]]

 [[514 145]]

 [[515 144]]

 [[516 143]]

 [[516 142]]

 [[517 141]]

 [[517 140]]

 [[517 139]]

 [[518 138]]

 [[519 138]]

 [[520 138]]

 [[521 137]]

 [[522 136]]

 [[522 135]]

 [[522 134]]

 [[522 133]]

 [[522 132]]

 [[522 131]]

 [[523 130]]

 [[524 129]]

 [[523 128]]

 [[523 127]]

 [[523 126]]

 [[522 125]]

 [[522 124]]

 [[522 123]]

 [[523 122]]

 [[524 121]]

 [[525 120]]

 [[525 119]]

 [[525 118]]

 [[524 117]]

 [[524 116]]

 [[525 115]]

 [[525 114]]

 [[526 113]]

 [[527 112]]

 [[526 111]]

 [[526 110]]

 [[526 109]]

 [[526 108]]

 [[525 107]]

 [[525 106]]

 [[525 105]]

 [[525 104]]

 [[526 103]]

 [[525 102]]

 [[526 101]]

 [[526 100]]

 [[525  99]]

 [[525  98]]

 [[524  97]]

 [[524  96]]

 [[524  95]]

 [[524  94]]

 [[525  93]]

 [[526  93]]

 [[527  93]]

 [[528  93]]

 [[529  93]]

 [[530  93]]

 [[531  92]]

 [[532  92]]

 [[531  91]]

 [[532  90]]

 [[532  89]]

 [[533  88]]

 [[534  88]]

 [[535  89]]

 [[536  89]]

 [[537  89]]

 [[538  89]]

 [[539  89]]

 [[540  89]]

 [[541  89]]

 [[542  89]]

 [[543  88]]

 [[544  89]]

 [[545  89]]

 [[546  89]]

 [[547  89]]

 [[548  89]]

 [[549  89]]

 [[550  90]]

 [[550  91]]

 [[549  92]]

 [[548  92]]

 [[547  92]]

 [[546  92]]

 [[547  93]]

 [[548  93]]

 [[549  93]]

 [[550  94]]

 [[551  94]]

 [[552  94]]

 [[553  94]]

 [[554  94]]

 [[554  93]]

 [[553  92]]

 [[552  91]]

 [[553  90]]

 [[554  90]]

 [[555  90]]

 [[556  91]]

 [[557  90]]

 [[558  91]]

 [[559  91]]

 [[560  91]]

 [[561  91]]

 [[562  92]]

 [[563  92]]

 [[564  92]]

 [[565  93]]

 [[566  94]]

 [[567  95]]

 [[568  95]]

 [[569  96]]

 [[569  97]]

 [[569  98]]

 [[569  99]]

 [[570 100]]

 [[570 101]]

 [[570 102]]

 [[570 103]]

 [[570 104]]

 [[570 105]]

 [[569 106]]

 [[568 107]]

 [[567 108]]

 [[566 108]]

 [[565 108]]

 [[564 108]]

 [[563 109]]

 [[563 110]]

 [[564 111]]

 [[565 111]]

 [[566 112]]

 [[565 113]]

 [[564 114]]

 [[563 115]]

 [[563 116]]

 [[563 117]]

 [[563 118]]

 [[563 119]]

 [[563 120]]

 [[563 121]]

 [[563 122]]

 [[564 122]]

 [[565 123]]

 [[564 124]]

 [[564 125]]

 [[564 126]]

 [[564 127]]

 [[563 128]]

 [[564 129]]

 [[565 130]]

 [[565 131]]

 [[565 132]]

 [[566 133]]

 [[566 134]]

 [[565 135]]

 [[565 136]]

 [[565 137]]

 [[565 138]]

 [[565 139]]

 [[564 140]]

 [[564 141]]

 [[563 142]]

 [[562 143]]

 [[562 144]]

 [[563 145]]

 [[564 146]]

 [[565 147]]

 [[565 148]]

 [[566 149]]

 [[566 150]]

 [[567 149]]

 [[567 148]]

 [[567 147]]

 [[568 146]]

 [[569 145]]

 [[570 145]]

 [[570 144]]

 [[570 143]]

 [[570 142]]

 [[570 141]]

 [[570 140]]

 [[570 139]]

 [[571 138]]

 [[571 137]]

 [[571 136]]

 [[571 135]]

 [[571 134]]

 [[571 133]]

 [[570 132]]

 [[570 131]]

 [[571 130]]

 [[571 129]]

 [[571 128]]

 [[572 127]]

 [[572 126]]

 [[573 125]]

 [[573 124]]

 [[573 123]]

 [[573 122]]

 [[574 121]]

 [[574 120]]

 [[574 119]]

 [[573 118]]

 [[573 117]]

 [[573 116]]

 [[573 115]]

 [[574 114]]

 [[574 113]]

 [[574 112]]

 [[574 111]]

 [[575 110]]

 [[575 109]]

 [[575 108]]

 [[576 107]]

 [[576 106]]

 [[577 105]]

 [[577 104]]

 [[576 103]]

 [[576 102]]

 [[576 101]]

 [[577 100]]

 [[577  99]]

 [[577  98]]

 [[577  97]]

 [[577  96]]

 [[576  95]]

 [[576  94]]

 [[575  93]]

 [[575  92]]

 [[574  91]]

 [[573  91]]

 [[572  90]]

 [[571  89]]

 [[570  89]]

 [[569  88]]

 [[568  88]]

 [[567  87]]

 [[566  87]]

 [[565  87]]

 [[564  87]]

 [[563  87]]

 [[562  88]]

 [[561  88]]

 [[560  88]]

 [[559  88]]

 [[558  88]]

 [[557  87]]

 [[556  87]]

 [[555  87]]

 [[554  87]]

 [[553  86]]

 [[552  86]]

 [[551  85]]

 [[550  85]]

 [[549  85]]

 [[548  85]]

 [[547  85]]

 [[546  85]]

 [[545  85]]

 [[544  85]]

 [[543  85]]

 [[542  85]]

 [[541  85]]

 [[540  85]]

 [[539  85]]

 [[538  85]]

 [[537  85]]

 [[536  84]]

 [[535  84]]

 [[534  84]]

 [[533  84]]

 [[532  84]]

 [[531  84]]

 [[530  85]]

 [[529  84]]

 [[528  84]]

 [[527  84]]]
[[[  0   0]]

 [[334  80]]

 [[334  81]]

 [[334  82]]

 [[334  83]]

 [[334  84]]

 [[334  85]]

 [[334  86]]

 [[334  87]]

 [[334  88]]

 [[334  89]]

 [[335  90]]

 [[336  90]]

 [[337  90]]

 [[338  90]]

 [[339  90]]

 [[340  90]]

 [[341  90]]

 [[342  90]]

 [[343  91]]

 [[344  91]]

 [[345  91]]

 [[346  92]]

 [[347  92]]

 [[348  92]]

 [[349  93]]

 [[350  93]]

 [[351  93]]

 [[352  93]]

 [[353  93]]

 [[354  93]]

 [[355  93]]

 [[356  93]]

 [[357  94]]

 [[358  94]]

 [[359  94]]

 [[360  94]]

 [[361  95]]

 [[362  95]]

 [[363  95]]

 [[364  95]]

 [[365  95]]

 [[366  94]]

 [[367  94]]

 [[368  94]]

 [[369  94]]

 [[370  94]]

 [[371  94]]

 [[372  94]]

 [[373  94]]

 [[374  94]]

 [[375  93]]

 [[376  93]]

 [[377  93]]

 [[378  92]]

 [[379  92]]

 [[380  92]]

 [[381  91]]

 [[382  91]]

 [[383  91]]

 [[384  90]]

 [[385  89]]

 [[385  88]]

 [[385  87]]

 [[385  86]]

 [[385  85]]

 [[385  84]]

 [[385  83]]

 [[385  82]]

 [[385  81]]

 [[384  81]]

 [[383  81]]

 [[382  81]]

 [[381  82]]

 [[380  82]]

 [[379  82]]

 [[378  83]]

 [[377  83]]

 [[376  83]]

 [[375  84]]

 [[374  84]]

 [[373  84]]

 [[372  84]]

 [[371  84]]

 [[370  85]]

 [[369  85]]

 [[368  85]]

 [[367  85]]

 [[366  85]]

 [[365  85]]

 [[364  85]]

 [[363  85]]

 [[362  85]]

 [[361  85]]

 [[360  85]]

 [[359  85]]

 [[358  85]]

 [[357  84]]

 [[356  84]]

 [[355  84]]

 [[354  84]]

 [[353  83]]

 [[352  83]]

 [[351  83]]

 [[350  83]]

 [[349  83]]

 [[348  82]]

 [[347  82]]

 [[346  82]]

 [[345  82]]

 [[344  81]]

 [[343  81]]

 [[342  81]]

 [[341  80]]

 [[340  80]]

 [[339  80]]

 [[338  80]]

 [[337  80]]

 [[336  79]]

 [[335  79]]]
[[[  0   0]]

 [[462  74]]

 [[462  75]]

 [[462  76]]

 [[462  77]]

 [[462  78]]

 [[462  79]]

 [[463  80]]

 [[463  81]]

 [[463  82]]

 [[463  83]]

 [[463  84]]

 [[463  85]]

 [[463  86]]

 [[463  87]]

 [[463  88]]

 [[463  89]]

 [[463  90]]

 [[463  91]]

 [[463  92]]

 [[463  93]]

 [[463  94]]

 [[462  95]]

 [[461  94]]

 [[461  95]]

 [[461  96]]

 [[461  97]]

 [[461  98]]

 [[461  99]]

 [[460 100]]

 [[461 100]]

 [[462  99]]

 [[462  98]]

 [[462  97]]

 [[462  96]]

 [[462  95]]

 [[463  94]]

 [[464  93]]

 [[465  93]]

 [[465  92]]

 [[465  91]]

 [[465  90]]

 [[466  89]]

 [[466  88]]

 [[465  87]]

 [[465  86]]

 [[465  85]]

 [[465  84]]

 [[466  83]]

 [[467  83]]

 [[468  83]]

 [[469  83]]

 [[470  83]]

 [[471  83]]

 [[472  83]]

 [[473  83]]

 [[474  83]]

 [[475  82]]

 [[476  82]]

 [[477  82]]

 [[478  82]]

 [[479  82]]

 [[480  83]]

 [[481  84]]

 [[482  84]]

 [[483  85]]

 [[484  85]]

 [[485  85]]

 [[486  85]]

 [[487  85]]

 [[488  86]]

 [[489  86]]

 [[490  86]]

 [[491  86]]

 [[492  86]]

 [[492  85]]

 [[493  84]]

 [[494  84]]

 [[495  84]]

 [[496  85]]

 [[496  86]]

 [[497  87]]

 [[498  87]]

 [[499  86]]

 [[500  86]]

 [[501  85]]

 [[502  85]]

 [[503  85]]

 [[504  86]]

 [[505  87]]

 [[506  87]]

 [[507  87]]

 [[508  87]]

 [[509  88]]

 [[509  89]]

 [[509  90]]

 [[509  91]]

 [[509  92]]

 [[508  93]]

 [[507  93]]

 [[506  93]]

 [[505  93]]

 [[504  94]]

 [[504  95]]

 [[505  95]]

 [[506  96]]

 [[507  95]]

 [[508  95]]

 [[509  96]]

 [[509  97]]

 [[509  98]]

 [[509  97]]

 [[509  96]]

 [[509  95]]

 [[509  94]]

 [[509  93]]

 [[509  92]]

 [[509  91]]

 [[509  90]]

 [[510  89]]

 [[510  88]]

 [[511  87]]

 [[511  86]]

 [[512  85]]

 [[512  84]]

 [[512  83]]

 [[512  82]]

 [[512  81]]

 [[511  80]]

 [[510  79]]

 [[509  78]]

 [[508  78]]

 [[507  77]]

 [[506  77]]

 [[505  76]]

 [[504  76]]

 [[503  76]]

 [[502  76]]

 [[501  77]]

 [[500  77]]

 [[499  77]]

 [[498  76]]

 [[497  75]]

 [[496  75]]

 [[495  74]]

 [[494  74]]

 [[493  74]]

 [[492  74]]

 [[491  74]]

 [[490  73]]

 [[489  73]]

 [[488  73]]

 [[487  73]]

 [[486  73]]

 [[485  73]]

 [[484  73]]

 [[483  73]]

 [[482  73]]

 [[481  73]]

 [[480  73]]

 [[479  73]]

 [[478  73]]

 [[477  73]]

 [[476  73]]

 [[475  73]]

 [[474  73]]

 [[473  73]]

 [[472  73]]

 [[471  73]]

 [[470  73]]

 [[469  73]]

 [[468  73]]

 [[467  73]]

 [[466  73]]

 [[465  73]]

 [[464  73]]]
[[[  0   0]]

 [[386  65]]

 [[386  66]]

 [[386  67]]

 [[386  68]]

 [[386  69]]

 [[386  70]]

 [[386  71]]

 [[386  72]]

 [[387  73]]

 [[387  74]]

 [[387  75]]

 [[387  76]]

 [[387  77]]

 [[387  78]]

 [[388  78]]

 [[389  78]]

 [[390  78]]

 [[391  78]]

 [[392  78]]

 [[393  79]]

 [[394  79]]

 [[395  79]]

 [[396  79]]

 [[397  79]]

 [[398  79]]

 [[399  79]]

 [[400  79]]

 [[401  80]]

 [[402  81]]

 [[402  82]]

 [[402  83]]

 [[402  84]]

 [[402  85]]

 [[402  86]]

 [[402  87]]

 [[402  88]]

 [[401  89]]

 [[401  90]]

 [[402  91]]

 [[403  92]]

 [[404  92]]

 [[405  92]]

 [[406  93]]

 [[407  93]]

 [[408  94]]

 [[409  94]]

 [[410  95]]

 [[411  95]]

 [[412  96]]

 [[413  96]]

 [[414  96]]

 [[415  97]]

 [[416  97]]

 [[417  98]]

 [[418  98]]

 [[419  98]]

 [[420  98]]

 [[421  98]]

 [[422  98]]

 [[423  98]]

 [[424  99]]

 [[425  99]]

 [[426  99]]

 [[427  99]]

 [[428  99]]

 [[429  99]]

 [[430  99]]

 [[431  99]]

 [[432  99]]

 [[433  99]]

 [[434 100]]

 [[435 100]]

 [[436 100]]

 [[437 100]]

 [[438 100]]

 [[439 100]]

 [[440 100]]

 [[441  99]]

 [[442  99]]

 [[443  99]]

 [[444  99]]

 [[445  99]]

 [[446  99]]

 [[447  99]]

 [[448  99]]

 [[449  99]]

 [[450  98]]

 [[451  98]]

 [[452  98]]

 [[452  97]]

 [[452  96]]

 [[452  95]]

 [[452  94]]

 [[452  93]]

 [[453  92]]

 [[453  91]]

 [[453  90]]

 [[453  89]]

 [[453  88]]

 [[453  87]]

 [[453  86]]

 [[454  85]]

 [[454  84]]

 [[454  83]]

 [[453  83]]

 [[452  83]]

 [[451  84]]

 [[450  84]]

 [[449  84]]

 [[448  84]]

 [[447  84]]

 [[446  84]]

 [[445  84]]

 [[444  84]]

 [[443  84]]

 [[442  84]]

 [[441  84]]

 [[440  84]]

 [[439  84]]

 [[438  84]]

 [[437  84]]

 [[436  84]]

 [[435  84]]

 [[434  84]]

 [[433  84]]

 [[432  84]]

 [[431  83]]

 [[430  83]]

 [[429  83]]

 [[428  83]]

 [[427  83]]

 [[426  83]]

 [[425  83]]

 [[424  83]]

 [[423  82]]

 [[422  82]]

 [[421  82]]

 [[420  82]]

 [[419  81]]

 [[418  81]]

 [[417  81]]

 [[416  81]]

 [[415  80]]

 [[414  80]]

 [[413  80]]

 [[412  79]]

 [[411  79]]

 [[410  78]]

 [[409  78]]

 [[408  78]]

 [[407  77]]

 [[406  77]]

 [[405  77]]

 [[404  77]]

 [[403  76]]

 [[402  75]]

 [[401  74]]

 [[401  73]]

 [[401  72]]

 [[402  71]]

 [[402  70]]

 [[402  69]]

 [[402  68]]

 [[402  67]]

 [[402  66]]

 [[401  65]]

 [[400  65]]

 [[399  65]]

 [[398  65]]

 [[397  65]]

 [[396  65]]

 [[395  65]]

 [[394  65]]

 [[393  65]]

 [[392  64]]

 [[391  64]]

 [[390  64]]

 [[389  64]]

 [[388  64]]]
[[[  0   0]]

 [[379  50]]

 [[378  50]]

 [[377  51]]

 [[376  52]]

 [[375  52]]

 [[374  52]]

 [[373  52]]

 [[372  52]]

 [[371  52]]

 [[370  52]]

 [[369  52]]

 [[368  52]]

 [[367  52]]

 [[366  52]]

 [[365  52]]

 [[364  52]]

 [[363  52]]

 [[362  52]]

 [[361  52]]

 [[360  53]]

 [[359  53]]

 [[358  54]]

 [[357  54]]

 [[356  54]]

 [[355  55]]

 [[354  55]]

 [[353  55]]

 [[352  56]]

 [[351  56]]

 [[350  56]]

 [[349  56]]

 [[348  57]]

 [[347  57]]

 [[346  57]]

 [[346  58]]

 [[346  59]]

 [[347  60]]

 [[348  60]]

 [[349  60]]

 [[350  60]]

 [[351  60]]

 [[352  61]]

 [[353  60]]

 [[354  60]]

 [[355  60]]

 [[356  59]]

 [[357  58]]

 [[358  58]]

 [[359  58]]

 [[360  58]]

 [[361  58]]

 [[362  58]]

 [[363  58]]

 [[364  58]]

 [[365  58]]

 [[366  58]]

 [[367  58]]

 [[368  58]]

 [[369  58]]

 [[370  57]]

 [[371  57]]

 [[372  57]]

 [[373  57]]

 [[374  57]]

 [[375  57]]

 [[376  57]]

 [[377  57]]

 [[378  56]]

 [[379  56]]

 [[380  56]]

 [[381  56]]

 [[382  56]]

 [[383  55]]

 [[384  55]]

 [[385  54]]

 [[385  53]]

 [[385  52]]

 [[385  51]]

 [[384  50]]

 [[383  50]]

 [[382  50]]

 [[381  49]]]
[[[  0   0]]

 [[552   3]]

 [[553   4]]

 [[554   4]]

 [[555   4]]

 [[556   4]]

 [[557   4]]

 [[558   4]]

 [[559   5]]

 [[560   6]]

 [[561   6]]

 [[562   6]]

 [[563   6]]

 [[564   6]]

 [[565   6]]

 [[566   6]]

 [[567   7]]

 [[568   7]]

 [[569   7]]

 [[570   7]]

 [[571   7]]

 [[572   7]]

 [[573   7]]

 [[574   8]]

 [[575   9]]

 [[576  10]]

 [[576  11]]

 [[577  12]]

 [[577  13]]

 [[578  13]]

 [[579  12]]

 [[578  11]]

 [[578  10]]

 [[579   9]]

 [[580   9]]

 [[581   9]]

 [[582   9]]

 [[583  10]]

 [[584  10]]

 [[585  10]]

 [[586  10]]

 [[587  11]]

 [[588  11]]

 [[589  11]]

 [[590  11]]

 [[591  11]]

 [[592  11]]

 [[593  11]]

 [[594  11]]

 [[595  11]]

 [[596  11]]

 [[597  11]]

 [[598  12]]

 [[599  12]]

 [[600  13]]

 [[601  13]]

 [[602  14]]

 [[603  14]]

 [[604  13]]

 [[605  13]]

 [[606  13]]

 [[607  14]]

 [[608  14]]

 [[609  14]]

 [[610  14]]

 [[611  14]]

 [[612  14]]

 [[613  14]]

 [[614  15]]

 [[615  15]]

 [[616  16]]

 [[617  16]]

 [[618  17]]

 [[619  17]]

 [[620  17]]

 [[621  17]]

 [[622  17]]

 [[623  17]]

 [[624  17]]

 [[625  18]]

 [[626  19]]

 [[627  19]]

 [[628  19]]

 [[629  19]]

 [[630  19]]

 [[631  20]]

 [[632  19]]

 [[633  19]]

 [[634  19]]

 [[635  19]]

 [[636  20]]

 [[637  21]]

 [[638  22]]

 [[638  21]]

 [[638  20]]

 [[638  19]]

 [[638  18]]

 [[637  17]]

 [[636  17]]

 [[635  17]]

 [[634  17]]

 [[633  17]]

 [[632  17]]

 [[631  17]]

 [[630  17]]

 [[629  16]]

 [[628  16]]

 [[627  15]]

 [[626  15]]

 [[625  15]]

 [[624  16]]

 [[623  16]]

 [[622  15]]

 [[621  15]]

 [[620  15]]

 [[619  14]]

 [[618  14]]

 [[617  14]]

 [[616  14]]

 [[615  13]]

 [[614  13]]

 [[613  13]]

 [[612  12]]

 [[611  12]]

 [[610  12]]

 [[609  12]]

 [[608  12]]

 [[607  12]]

 [[606  12]]

 [[605  11]]

 [[604  11]]

 [[603  11]]

 [[602  11]]

 [[601  10]]

 [[600  10]]

 [[599  11]]

 [[598  10]]

 [[597  10]]

 [[596  10]]

 [[595  10]]

 [[594  10]]

 [[593   9]]

 [[592   9]]

 [[591   8]]

 [[590   8]]

 [[589   8]]

 [[588   7]]

 [[587   7]]

 [[586   6]]

 [[585   6]]

 [[584   6]]

 [[583   6]]

 [[582   6]]

 [[581   6]]

 [[580   6]]

 [[579   6]]

 [[578   5]]

 [[577   5]]

 [[576   5]]

 [[575   5]]

 [[574   4]]

 [[573   4]]

 [[572   3]]

 [[571   3]]

 [[570   3]]

 [[569   3]]

 [[568   3]]

 [[567   3]]

 [[566   3]]

 [[565   3]]

 [[564   3]]

 [[563   2]]

 [[562   2]]

 [[561   2]]

 [[560   2]]

 [[559   2]]

 [[558   2]]

 [[557   2]]

 [[556   2]]

 [[555   2]]

 [[554   2]]

 [[553   2]]]
