[[[  0   0]]

 [[393  87]]

 [[392  88]]

 [[392  89]]

 [[392  90]]

 [[391  91]]

 [[391  92]]

 [[391  93]]

 [[390  94]]

 [[390  95]]

 [[390  96]]

 [[390  97]]

 [[390  98]]

 [[390  99]]

 [[390 100]]

 [[390 101]]

 [[389 102]]

 [[389 103]]

 [[389 104]]

 [[389 105]]

 [[389 106]]

 [[389 107]]

 [[389 108]]

 [[388 109]]

 [[389 110]]

 [[389 111]]

 [[389 112]]

 [[388 113]]

 [[387 114]]

 [[387 115]]

 [[388 116]]

 [[388 117]]

 [[389 118]]

 [[389 119]]

 [[389 120]]

 [[389 121]]

 [[390 122]]

 [[390 123]]

 [[390 124]]

 [[391 125]]

 [[391 126]]

 [[391 127]]

 [[392 128]]

 [[392 129]]

 [[393 130]]

 [[393 131]]

 [[394 132]]

 [[393 133]]

 [[393 134]]

 [[393 135]]

 [[393 136]]

 [[394 137]]

 [[394 138]]

 [[395 139]]

 [[394 140]]

 [[393 140]]

 [[393 141]]

 [[392 142]]

 [[393 143]]

 [[394 143]]

 [[395 142]]

 [[396 143]]

 [[396 144]]

 [[397 144]]

 [[398 145]]

 [[398 144]]

 [[398 143]]

 [[399 142]]

 [[400 143]]

 [[401 143]]

 [[402 144]]

 [[402 145]]

 [[402 146]]

 [[403 146]]

 [[404 146]]

 [[405 146]]

 [[406 147]]

 [[407 147]]

 [[408 147]]

 [[409 147]]

 [[409 146]]

 [[408 145]]

 [[408 144]]

 [[409 143]]

 [[410 142]]

 [[410 141]]

 [[410 140]]

 [[409 140]]

 [[408 140]]

 [[407 140]]

 [[406 140]]

 [[405 140]]

 [[404 140]]

 [[403 139]]

 [[402 139]]

 [[402 140]]

 [[401 141]]

 [[400 141]]

 [[399 140]]

 [[398 141]]

 [[397 140]]

 [[397 139]]

 [[398 138]]

 [[399 138]]

 [[399 137]]

 [[400 136]]

 [[401 136]]

 [[402 136]]

 [[403 136]]

 [[404 136]]

 [[405 136]]

 [[406 136]]

 [[407 136]]

 [[408 136]]

 [[409 136]]

 [[410 136]]

 [[411 136]]

 [[412 136]]

 [[413 136]]

 [[414 136]]

 [[415 136]]

 [[416 136]]

 [[417 136]]

 [[418 137]]

 [[419 137]]

 [[420 137]]

 [[421 137]]

 [[422 137]]

 [[423 137]]

 [[424 137]]

 [[425 137]]

 [[426 137]]

 [[427 137]]

 [[428 136]]

 [[429 136]]

 [[429 135]]

 [[429 134]]

 [[429 133]]

 [[430 132]]

 [[429 132]]

 [[428 132]]

 [[427 132]]

 [[426 133]]

 [[425 134]]

 [[424 134]]

 [[423 134]]

 [[422 134]]

 [[421 134]]

 [[420 134]]

 [[419 133]]

 [[418 133]]

 [[417 133]]

 [[416 133]]

 [[415 133]]

 [[414 133]]

 [[413 133]]

 [[412 133]]

 [[411 133]]

 [[410 133]]

 [[409 133]]

 [[408 133]]

 [[407 133]]

 [[406 133]]

 [[405 132]]

 [[404 132]]

 [[403 132]]

 [[402 132]]

 [[401 131]]

 [[400 131]]

 [[399 130]]

 [[398 130]]

 [[397 130]]

 [[396 129]]

 [[395 128]]

 [[394 127]]

 [[394 126]]

 [[393 125]]

 [[392 124]]

 [[392 123]]

 [[392 122]]

 [[391 121]]

 [[391 120]]

 [[392 119]]

 [[392 118]]

 [[392 117]]

 [[392 116]]

 [[391 115]]

 [[391 114]]

 [[390 113]]

 [[390 112]]

 [[390 111]]

 [[390 110]]

 [[390 109]]

 [[390 108]]

 [[390 107]]

 [[391 106]]

 [[391 105]]

 [[391 104]]

 [[392 103]]

 [[392 102]]

 [[392 101]]

 [[392 100]]

 [[392  99]]

 [[393  98]]

 [[393  97]]

 [[393  96]]

 [[393  95]]

 [[393  94]]

 [[393  93]]

 [[393  92]]

 [[393  91]]

 [[393  90]]

 [[393  89]]

 [[393  88]]

 [[393  87]]]
[[[  0   0]]

 [[409  57]]

 [[408  57]]

 [[407  57]]

 [[406  57]]

 [[406  58]]

 [[405  59]]

 [[404  59]]

 [[403  58]]

 [[402  58]]

 [[401  57]]

 [[400  58]]

 [[399  59]]

 [[398  59]]

 [[398  60]]

 [[398  61]]

 [[398  62]]

 [[398  63]]

 [[399  64]]

 [[399  65]]

 [[399  66]]

 [[399  67]]

 [[400  67]]

 [[401  68]]

 [[402  69]]

 [[403  69]]

 [[404  70]]

 [[405  70]]

 [[406  70]]

 [[407  71]]

 [[408  71]]

 [[409  71]]

 [[410  72]]

 [[411  72]]

 [[412  73]]

 [[413  73]]

 [[414  74]]

 [[415  75]]

 [[416  74]]

 [[417  75]]

 [[418  75]]

 [[419  75]]

 [[420  75]]

 [[421  76]]

 [[422  75]]

 [[423  76]]

 [[424  76]]

 [[425  76]]

 [[426  76]]

 [[427  76]]

 [[428  77]]

 [[429  77]]

 [[430  76]]

 [[431  76]]

 [[432  76]]

 [[433  76]]

 [[434  77]]

 [[434  78]]

 [[435  78]]

 [[436  79]]

 [[437  79]]

 [[438  78]]

 [[439  78]]

 [[439  77]]

 [[440  76]]

 [[441  75]]

 [[442  74]]

 [[443  74]]

 [[444  73]]

 [[445  73]]

 [[446  73]]

 [[447  73]]

 [[448  73]]

 [[449  73]]

 [[450  72]]

 [[451  71]]

 [[452  71]]

 [[452  70]]

 [[452  69]]

 [[452  68]]

 [[451  67]]

 [[450  66]]

 [[450  65]]

 [[449  65]]

 [[448  64]]

 [[447  64]]

 [[446  63]]

 [[445  62]]

 [[444  61]]

 [[443  61]]

 [[442  60]]

 [[441  60]]

 [[440  60]]

 [[439  60]]

 [[438  60]]

 [[437  60]]

 [[436  59]]

 [[435  60]]

 [[434  61]]

 [[433  61]]

 [[432  61]]

 [[431  61]]

 [[430  61]]

 [[429  61]]

 [[428  61]]

 [[427  61]]

 [[426  61]]

 [[425  61]]

 [[424  61]]

 [[423  61]]

 [[422  62]]

 [[421  62]]

 [[420  63]]

 [[419  63]]

 [[418  62]]

 [[417  62]]

 [[416  62]]

 [[415  62]]

 [[415  63]]

 [[414  64]]

 [[413  65]]

 [[412  66]]

 [[411  65]]

 [[411  64]]

 [[410  63]]

 [[410  62]]

 [[410  61]]

 [[411  60]]

 [[411  59]]

 [[411  58]]

 [[411  57]]]
[[[  0   0]]

 [[511  22]]

 [[512  23]]

 [[513  24]]

 [[513  25]]

 [[513  26]]

 [[513  27]]

 [[513  28]]

 [[513  29]]

 [[513  30]]

 [[513  31]]

 [[513  32]]

 [[513  33]]

 [[513  34]]

 [[512  35]]

 [[511  36]]

 [[511  37]]

 [[511  38]]

 [[511  39]]

 [[511  40]]

 [[511  41]]

 [[510  42]]

 [[510  43]]

 [[509  44]]

 [[509  45]]

 [[509  46]]

 [[508  47]]

 [[508  48]]

 [[508  49]]

 [[508  50]]

 [[509  51]]

 [[510  51]]

 [[510  50]]

 [[510  49]]

 [[511  48]]

 [[511  47]]

 [[511  46]]

 [[511  45]]

 [[511  44]]

 [[511  43]]

 [[512  42]]

 [[513  42]]

 [[514  42]]

 [[515  42]]

 [[515  41]]

 [[516  40]]

 [[517  40]]

 [[518  40]]

 [[519  40]]

 [[520  41]]

 [[521  41]]

 [[522  41]]

 [[523  42]]

 [[522  43]]

 [[522  44]]

 [[521  45]]

 [[521  46]]

 [[522  45]]

 [[523  45]]

 [[524  44]]

 [[524  43]]

 [[525  42]]

 [[525  41]]

 [[525  40]]

 [[526  39]]

 [[526  38]]

 [[526  37]]

 [[527  36]]

 [[527  35]]

 [[528  34]]

 [[529  34]]

 [[530  34]]

 [[531  34]]

 [[532  33]]

 [[533  33]]

 [[534  33]]

 [[535  32]]

 [[536  32]]

 [[536  31]]

 [[536  30]]

 [[537  29]]

 [[537  28]]

 [[537  27]]

 [[537  26]]

 [[536  25]]

 [[535  24]]

 [[534  24]]

 [[533  25]]

 [[532  25]]

 [[531  26]]

 [[530  26]]

 [[529  25]]

 [[528  25]]

 [[527  25]]

 [[526  25]]

 [[525  25]]

 [[524  25]]

 [[523  24]]

 [[522  24]]

 [[521  24]]

 [[520  23]]

 [[519  23]]

 [[518  23]]

 [[517  23]]

 [[516  22]]

 [[515  22]]

 [[514  22]]

 [[513  21]]

 [[512  21]]]
