[[[  0   0]]

 [[491  87]]

 [[490  88]]

 [[489  89]]

 [[489  90]]

 [[488  91]]

 [[487  91]]

 [[486  91]]

 [[485  90]]

 [[484  90]]

 [[483  89]]

 [[482  89]]

 [[481  89]]

 [[481  90]]

 [[481  91]]

 [[482  92]]

 [[482  93]]

 [[482  94]]

 [[482  95]]

 [[481  96]]

 [[482  97]]

 [[482  98]]

 [[482  99]]

 [[483 100]]

 [[483 101]]

 [[483 102]]

 [[483 103]]

 [[483 104]]

 [[483 105]]

 [[483 106]]

 [[483 107]]

 [[483 108]]

 [[484 109]]

 [[485 110]]

 [[485 111]]

 [[485 112]]

 [[485 113]]

 [[486 113]]

 [[487 114]]

 [[487 115]]

 [[487 116]]

 [[487 117]]

 [[486 118]]

 [[485 118]]

 [[484 118]]

 [[483 118]]

 [[482 118]]

 [[481 119]]

 [[480 120]]

 [[479 120]]

 [[478 121]]

 [[477 121]]

 [[476 122]]

 [[475 122]]

 [[474 122]]

 [[473 123]]

 [[472 124]]

 [[473 125]]

 [[474 126]]

 [[475 126]]

 [[476 127]]

 [[477 127]]

 [[478 127]]

 [[479 127]]

 [[480 127]]

 [[481 128]]

 [[482 127]]

 [[483 127]]

 [[484 126]]

 [[485 126]]

 [[486 125]]

 [[487 125]]

 [[488 124]]

 [[489 125]]

 [[489 126]]

 [[490 127]]

 [[490 128]]

 [[489 129]]

 [[490 129]]

 [[491 129]]

 [[492 129]]

 [[493 128]]

 [[492 127]]

 [[492 126]]

 [[492 125]]

 [[492 124]]

 [[492 123]]

 [[492 122]]

 [[492 121]]

 [[493 120]]

 [[493 119]]

 [[493 118]]

 [[493 117]]

 [[493 116]]

 [[493 115]]

 [[493 114]]

 [[493 113]]

 [[493 112]]

 [[493 111]]

 [[493 110]]

 [[493 109]]

 [[493 108]]

 [[493 107]]

 [[493 106]]

 [[493 105]]

 [[494 104]]

 [[493 103]]

 [[493 102]]

 [[493 101]]

 [[494 100]]

 [[494  99]]

 [[494  98]]

 [[494  97]]

 [[494  96]]

 [[493  95]]

 [[493  94]]

 [[493  93]]

 [[493  92]]

 [[493  91]]

 [[493  90]]

 [[493  89]]

 [[493  88]]

 [[493  87]]

 [[492  86]]]
[[[  0   0]]

 [[535  69]]

 [[534  70]]

 [[534  71]]

 [[533  72]]

 [[532  73]]

 [[532  74]]

 [[532  75]]

 [[532  76]]

 [[531  77]]

 [[531  78]]

 [[531  79]]

 [[530  80]]

 [[529  81]]

 [[529  82]]

 [[529  83]]

 [[528  84]]

 [[528  85]]

 [[527  86]]

 [[528  87]]

 [[528  88]]

 [[529  89]]

 [[528  90]]

 [[528  91]]

 [[529  92]]

 [[530  93]]

 [[530  94]]

 [[530  95]]

 [[529  96]]

 [[528  97]]

 [[528  98]]

 [[527  99]]

 [[526  99]]

 [[525  99]]

 [[524  98]]

 [[523  97]]

 [[523  96]]

 [[523  95]]

 [[523  94]]

 [[523  95]]

 [[523  96]]

 [[523  97]]

 [[523  98]]

 [[523  99]]

 [[523 100]]

 [[523 101]]

 [[522 102]]

 [[522 103]]

 [[522 104]]

 [[521 105]]

 [[522 106]]

 [[522 107]]

 [[523 108]]

 [[522 109]]

 [[522 110]]

 [[521 111]]

 [[520 111]]

 [[519 111]]

 [[518 111]]

 [[519 112]]

 [[520 113]]

 [[520 114]]

 [[521 115]]

 [[522 116]]

 [[523 116]]

 [[524 116]]

 [[525 115]]

 [[526 115]]

 [[527 115]]

 [[528 115]]

 [[529 114]]

 [[529 113]]

 [[529 112]]

 [[530 111]]

 [[531 110]]

 [[531 109]]

 [[532 108]]

 [[533 107]]

 [[533 106]]

 [[532 105]]

 [[532 104]]

 [[532 103]]

 [[533 102]]

 [[533 101]]

 [[534 100]]

 [[534  99]]

 [[534  98]]

 [[535  97]]

 [[535  96]]

 [[535  95]]

 [[535  94]]

 [[535  93]]

 [[536  92]]

 [[536  91]]

 [[537  90]]

 [[538  90]]

 [[538  89]]

 [[537  88]]

 [[537  87]]

 [[536  86]]

 [[537  85]]

 [[537  84]]

 [[538  83]]

 [[539  82]]

 [[540  83]]

 [[541  83]]

 [[542  82]]

 [[543  81]]

 [[544  80]]

 [[543  79]]

 [[543  78]]

 [[543  77]]

 [[543  76]]

 [[542  76]]

 [[541  76]]

 [[540  77]]

 [[539  78]]

 [[538  79]]

 [[538  80]]

 [[537  81]]

 [[536  82]]

 [[535  83]]

 [[535  84]]

 [[535  85]]

 [[535  86]]

 [[535  87]]

 [[535  88]]

 [[535  89]]

 [[535  90]]

 [[535  91]]

 [[534  92]]

 [[533  93]]

 [[532  93]]

 [[531  92]]

 [[531  91]]

 [[530  90]]

 [[530  89]]

 [[531  88]]

 [[532  87]]

 [[531  86]]

 [[531  85]]

 [[531  84]]

 [[531  83]]

 [[531  82]]

 [[531  81]]

 [[531  80]]

 [[532  79]]

 [[532  78]]

 [[532  77]]

 [[533  76]]

 [[533  75]]

 [[533  74]]

 [[534  73]]

 [[535  72]]

 [[536  71]]

 [[537  71]]

 [[538  70]]

 [[538  69]]

 [[537  68]]

 [[536  68]]]
[[[  0   0]]

 [[478  59]]

 [[477  60]]

 [[477  61]]

 [[476  62]]

 [[475  63]]

 [[474  64]]

 [[473  65]]

 [[473  66]]

 [[472  67]]

 [[471  68]]

 [[470  69]]

 [[469  70]]

 [[468  70]]

 [[468  71]]

 [[467  72]]

 [[467  73]]

 [[466  74]]

 [[466  75]]

 [[467  76]]

 [[467  77]]

 [[468  78]]

 [[468  79]]

 [[468  80]]

 [[468  81]]

 [[467  82]]

 [[467  83]]

 [[466  84]]

 [[466  85]]

 [[465  86]]

 [[465  87]]

 [[464  88]]

 [[464  89]]

 [[464  90]]

 [[464  91]]

 [[464  92]]

 [[464  93]]

 [[464  94]]

 [[463  95]]

 [[463  96]]

 [[462  97]]

 [[462  98]]

 [[461  99]]

 [[460 100]]

 [[459 101]]

 [[458 102]]

 [[457 103]]

 [[456 104]]

 [[455 104]]

 [[454 104]]

 [[453 104]]

 [[452 104]]

 [[451 104]]

 [[450 104]]

 [[449 105]]

 [[449 106]]

 [[450 107]]

 [[450 108]]

 [[451 109]]

 [[452 109]]

 [[453 110]]

 [[454 110]]

 [[455 111]]

 [[456 112]]

 [[456 113]]

 [[457 114]]

 [[458 115]]

 [[459 115]]

 [[460 115]]

 [[461 115]]

 [[462 115]]

 [[462 114]]

 [[462 113]]

 [[462 112]]

 [[462 111]]

 [[462 110]]

 [[463 109]]

 [[464 109]]

 [[465 108]]

 [[466 107]]

 [[466 106]]

 [[466 105]]

 [[466 104]]

 [[466 103]]

 [[466 102]]

 [[466 101]]

 [[466 100]]

 [[467  99]]

 [[467  98]]

 [[467  97]]

 [[468  96]]

 [[468  95]]

 [[469  94]]

 [[470  94]]

 [[471  93]]

 [[471  92]]

 [[471  91]]

 [[472  90]]

 [[472  89]]

 [[472  88]]

 [[472  87]]

 [[472  86]]

 [[471  85]]

 [[471  84]]

 [[470  83]]

 [[470  82]]

 [[471  81]]

 [[471  80]]

 [[471  79]]

 [[472  78]]

 [[473  77]]

 [[474  76]]

 [[475  75]]

 [[474  74]]

 [[474  73]]

 [[474  72]]

 [[474  71]]

 [[474  70]]

 [[475  69]]

 [[476  69]]

 [[477  68]]

 [[478  67]]

 [[479  68]]

 [[480  68]]

 [[481  69]]

 [[482  69]]

 [[483  70]]

 [[484  71]]

 [[485  71]]

 [[486  72]]

 [[487  72]]

 [[488  73]]

 [[489  73]]

 [[490  74]]

 [[489  75]]

 [[488  76]]

 [[487  76]]

 [[486  77]]

 [[485  76]]

 [[484  76]]

 [[483  75]]

 [[482  75]]

 [[481  75]]

 [[481  76]]

 [[480  77]]

 [[480  78]]

 [[480  79]]

 [[480  80]]

 [[480  81]]

 [[481  82]]

 [[481  83]]

 [[482  84]]

 [[483  84]]

 [[484  84]]

 [[485  84]]

 [[486  83]]

 [[487  83]]

 [[488  83]]

 [[489  83]]

 [[490  83]]

 [[491  82]]

 [[491  81]]

 [[492  80]]

 [[492  79]]

 [[492  78]]

 [[493  77]]

 [[493  76]]

 [[493  75]]

 [[493  74]]

 [[493  73]]

 [[494  72]]

 [[494  71]]

 [[494  70]]

 [[495  69]]

 [[495  68]]

 [[494  67]]

 [[493  67]]

 [[492  66]]

 [[491  66]]

 [[490  65]]

 [[489  65]]

 [[488  65]]

 [[487  65]]

 [[486  65]]

 [[485  64]]

 [[484  63]]

 [[483  62]]

 [[482  62]]

 [[481  61]]

 [[481  60]]

 [[480  59]]]
[[[  0   0]]

 [[572  37]]

 [[571  38]]

 [[571  39]]

 [[571  40]]

 [[570  41]]

 [[570  42]]

 [[569  43]]

 [[568  44]]

 [[568  45]]

 [[567  46]]

 [[567  47]]

 [[566  48]]

 [[566  49]]

 [[566  50]]

 [[566  51]]

 [[566  52]]

 [[566  53]]

 [[566  54]]

 [[565  55]]

 [[564  56]]

 [[564  57]]

 [[564  58]]

 [[564  59]]

 [[564  60]]

 [[564  61]]

 [[564  62]]

 [[564  63]]

 [[565  64]]

 [[566  65]]

 [[565  66]]

 [[565  67]]

 [[564  68]]

 [[563  69]]

 [[562  69]]

 [[562  70]]

 [[561  71]]

 [[561  72]]

 [[561  73]]

 [[561  74]]

 [[561  75]]

 [[561  76]]

 [[560  77]]

 [[559  78]]

 [[558  78]]

 [[557  78]]

 [[556  78]]

 [[555  77]]

 [[555  76]]

 [[555  75]]

 [[556  74]]

 [[556  73]]

 [[556  72]]

 [[556  71]]

 [[556  70]]

 [[556  69]]

 [[557  68]]

 [[557  67]]

 [[557  66]]

 [[558  65]]

 [[558  64]]

 [[558  63]]

 [[558  62]]

 [[558  61]]

 [[559  60]]

 [[559  59]]

 [[560  58]]

 [[560  57]]

 [[559  57]]

 [[559  58]]

 [[558  59]]

 [[557  60]]

 [[556  61]]

 [[555  61]]

 [[554  61]]

 [[553  60]]

 [[552  59]]

 [[551  58]]

 [[551  57]]

 [[551  56]]

 [[551  55]]

 [[552  54]]

 [[553  53]]

 [[554  52]]

 [[554  51]]

 [[555  50]]

 [[554  51]]

 [[553  51]]

 [[552  50]]

 [[552  49]]

 [[553  48]]

 [[553  47]]

 [[554  46]]

 [[554  45]]

 [[553  45]]

 [[552  45]]

 [[551  46]]

 [[550  45]]

 [[549  44]]

 [[549  43]]

 [[548  44]]

 [[547  45]]

 [[546  46]]

 [[546  47]]

 [[546  48]]

 [[546  49]]

 [[546  50]]

 [[545  51]]

 [[544  51]]

 [[543  51]]

 [[542  52]]

 [[541  52]]

 [[540  52]]

 [[539  53]]

 [[539  54]]

 [[540  55]]

 [[541  55]]

 [[542  56]]

 [[543  57]]

 [[544  58]]

 [[544  59]]

 [[544  60]]

 [[544  61]]

 [[543  62]]

 [[542  63]]

 [[542  64]]

 [[542  65]]

 [[542  66]]

 [[542  67]]

 [[543  68]]

 [[544  69]]

 [[545  70]]

 [[546  70]]

 [[547  70]]

 [[548  69]]

 [[548  68]]

 [[548  67]]

 [[548  66]]

 [[549  65]]

 [[549  64]]

 [[550  63]]

 [[550  62]]

 [[550  61]]

 [[551  60]]

 [[552  60]]

 [[553  60]]

 [[554  61]]

 [[555  61]]

 [[556  62]]

 [[556  63]]

 [[556  64]]

 [[556  65]]

 [[556  66]]

 [[555  67]]

 [[555  68]]

 [[555  69]]

 [[555  70]]

 [[554  71]]

 [[554  72]]

 [[554  73]]

 [[553  74]]

 [[553  75]]

 [[553  76]]

 [[552  77]]

 [[552  78]]

 [[551  79]]

 [[551  80]]

 [[551  81]]

 [[550  82]]

 [[550  83]]

 [[550  84]]

 [[549  85]]

 [[549  86]]

 [[549  87]]

 [[548  88]]

 [[548  89]]

 [[548  90]]

 [[548  91]]

 [[548  92]]

 [[548  93]]

 [[548  94]]

 [[548  95]]

 [[547  96]]

 [[546  97]]

 [[546  98]]

 [[545  99]]

 [[544  98]]

 [[544  97]]

 [[544  96]]

 [[545  95]]

 [[545  94]]

 [[545  93]]

 [[545  92]]

 [[545  93]]

 [[544  94]]

 [[543  94]]

 [[542  95]]

 [[541  94]]

 [[541  93]]

 [[540  94]]

 [[540  95]]

 [[541  96]]

 [[541  97]]

 [[541  98]]

 [[541  99]]

 [[541 100]]

 [[542 101]]

 [[543 100]]

 [[544 100]]

 [[545 101]]

 [[545 102]]

 [[544 103]]

 [[543 104]]

 [[542 104]]

 [[542 105]]

 [[541 106]]

 [[541 107]]

 [[541 108]]

 [[542 109]]

 [[543 110]]

 [[543 111]]

 [[543 112]]

 [[542 113]]

 [[542 114]]

 [[542 115]]

 [[541 116]]

 [[541 117]]

 [[540 118]]

 [[540 119]]

 [[540 120]]

 [[539 121]]

 [[539 122]]

 [[539 123]]

 [[539 124]]

 [[538 125]]

 [[538 126]]

 [[537 127]]

 [[537 128]]

 [[536 129]]

 [[536 130]]

 [[536 131]]

 [[536 132]]

 [[537 133]]

 [[538 132]]

 [[539 131]]

 [[539 130]]

 [[540 129]]

 [[541 128]]

 [[541 127]]

 [[541 126]]

 [[540 125]]

 [[540 124]]

 [[541 123]]

 [[541 122]]

 [[541 121]]

 [[542 120]]

 [[542 119]]

 [[543 118]]

 [[543 117]]

 [[543 116]]

 [[544 115]]

 [[544 114]]

 [[544 113]]

 [[545 112]]

 [[545 111]]

 [[546 110]]

 [[547 111]]

 [[548 111]]

 [[548 110]]

 [[548 109]]

 [[548 108]]

 [[548 107]]

 [[547 106]]

 [[547 105]]

 [[547 104]]

 [[547 103]]

 [[547 102]]

 [[548 101]]

 [[548 100]]

 [[548  99]]

 [[549  98]]

 [[549  97]]

 [[550  96]]

 [[551  96]]

 [[552  97]]

 [[552  98]]

 [[552  99]]

 [[552 100]]

 [[552 101]]

 [[552 102]]

 [[552 103]]

 [[551 104]]

 [[551 105]]

 [[552 106]]

 [[552 107]]

 [[553 106]]

 [[554 106]]

 [[554 105]]

 [[554 104]]

 [[554 103]]

 [[554 102]]

 [[554 101]]

 [[555 100]]

 [[555  99]]

 [[555  98]]

 [[556  97]]

 [[556  96]]

 [[556  95]]

 [[557  94]]

 [[557  93]]

 [[557  92]]

 [[558  91]]

 [[558  90]]

 [[558  89]]

 [[558  88]]

 [[557  87]]

 [[556  86]]

 [[556  85]]

 [[557  84]]

 [[557  83]]

 [[556  83]]

 [[555  82]]

 [[554  81]]

 [[555  80]]

 [[556  80]]

 [[557  80]]

 [[558  79]]

 [[559  79]]

 [[560  78]]

 [[561  78]]

 [[562  78]]

 [[563  78]]

 [[563  77]]

 [[563  76]]

 [[562  75]]

 [[562  74]]

 [[562  73]]

 [[562  72]]

 [[562  71]]

 [[563  70]]

 [[564  71]]

 [[565  71]]

 [[566  71]]

 [[566  70]]

 [[566  69]]

 [[567  68]]

 [[568  67]]

 [[569  66]]

 [[570  65]]

 [[570  64]]

 [[570  63]]

 [[570  62]]

 [[570  61]]

 [[570  60]]

 [[569  59]]

 [[569  58]]

 [[569  57]]

 [[570  56]]

 [[571  55]]

 [[572  54]]

 [[572  53]]

 [[572  52]]

 [[571  52]]

 [[570  51]]

 [[570  50]]

 [[570  49]]

 [[570  48]]

 [[571  47]]

 [[571  46]]

 [[572  45]]

 [[573  44]]

 [[573  43]]

 [[573  42]]

 [[573  41]]

 [[573  40]]

 [[573  39]]

 [[573  38]]

 [[573  37]]]
[[[  0   0]]

 [[395   2]]

 [[394   3]]

 [[394   4]]

 [[394   5]]

 [[394   6]]

 [[394   7]]

 [[394   8]]

 [[394   9]]

 [[394  10]]

 [[394  11]]

 [[393  12]]

 [[393  13]]

 [[392  14]]

 [[391  15]]

 [[391  16]]

 [[391  17]]

 [[391  18]]

 [[390  19]]

 [[390  20]]

 [[390  21]]

 [[390  22]]

 [[389  23]]

 [[389  24]]

 [[389  25]]

 [[389  26]]

 [[389  27]]

 [[389  28]]

 [[389  29]]

 [[388  30]]

 [[388  31]]

 [[388  32]]

 [[387  33]]

 [[387  34]]

 [[387  35]]

 [[387  36]]

 [[387  37]]

 [[386  38]]

 [[386  39]]

 [[385  40]]

 [[385  41]]

 [[385  42]]

 [[385  43]]

 [[384  44]]

 [[383  45]]

 [[383  46]]

 [[382  47]]

 [[382  48]]

 [[382  49]]

 [[381  50]]

 [[381  51]]

 [[381  52]]

 [[380  53]]

 [[380  54]]

 [[379  55]]

 [[378  56]]

 [[378  57]]

 [[378  58]]

 [[377  59]]

 [[377  60]]

 [[376  61]]

 [[375  62]]

 [[375  63]]

 [[374  64]]

 [[374  65]]

 [[374  66]]

 [[374  67]]

 [[374  68]]

 [[375  68]]

 [[376  68]]

 [[377  67]]

 [[377  66]]

 [[377  65]]

 [[378  64]]

 [[379  64]]

 [[380  63]]

 [[381  62]]

 [[381  61]]

 [[382  60]]

 [[382  59]]

 [[383  58]]

 [[383  57]]

 [[384  56]]

 [[384  55]]

 [[384  54]]

 [[385  53]]

 [[385  52]]

 [[385  51]]

 [[386  50]]

 [[386  49]]

 [[387  48]]

 [[387  47]]

 [[388  46]]

 [[388  45]]

 [[389  44]]

 [[389  43]]

 [[390  42]]

 [[391  41]]

 [[392  40]]

 [[393  39]]

 [[394  38]]

 [[395  37]]

 [[396  38]]

 [[397  37]]

 [[398  37]]

 [[399  37]]

 [[400  38]]

 [[399  39]]

 [[399  40]]

 [[399  41]]

 [[398  42]]

 [[398  43]]

 [[398  44]]

 [[397  45]]

 [[397  46]]

 [[396  47]]

 [[395  48]]

 [[395  49]]

 [[395  50]]

 [[395  51]]

 [[395  52]]

 [[395  53]]

 [[395  54]]

 [[395  55]]

 [[394  56]]

 [[393  57]]

 [[392  58]]

 [[391  58]]

 [[390  59]]

 [[390  60]]

 [[389  61]]

 [[389  62]]

 [[389  63]]

 [[389  64]]

 [[390  64]]

 [[391  64]]

 [[392  64]]

 [[393  64]]

 [[394  63]]

 [[395  62]]

 [[396  61]]

 [[397  61]]

 [[397  60]]

 [[397  59]]

 [[396  58]]

 [[396  57]]

 [[397  56]]

 [[397  55]]

 [[398  54]]

 [[398  53]]

 [[399  52]]

 [[399  51]]

 [[399  50]]

 [[399  49]]

 [[400  48]]

 [[400  47]]

 [[400  46]]

 [[401  45]]

 [[401  44]]

 [[402  43]]

 [[402  42]]

 [[403  41]]

 [[403  40]]

 [[403  39]]

 [[404  38]]

 [[404  37]]

 [[405  36]]

 [[406  36]]

 [[407  36]]

 [[408  37]]

 [[409  38]]

 [[409  39]]

 [[408  40]]

 [[408  41]]

 [[408  42]]

 [[408  43]]

 [[407  44]]

 [[407  45]]

 [[406  46]]

 [[406  47]]

 [[406  48]]

 [[406  49]]

 [[406  50]]

 [[405  51]]

 [[405  52]]

 [[405  53]]

 [[404  54]]

 [[403  55]]

 [[403  56]]

 [[403  57]]

 [[403  58]]

 [[403  59]]

 [[404  60]]

 [[405  60]]

 [[406  59]]

 [[406  58]]

 [[406  57]]

 [[406  56]]

 [[407  55]]

 [[407  54]]

 [[407  53]]

 [[407  52]]

 [[408  51]]

 [[408  50]]

 [[408  49]]

 [[408  48]]

 [[409  47]]

 [[409  46]]

 [[410  45]]

 [[410  44]]

 [[410  43]]

 [[411  42]]

 [[411  41]]

 [[411  40]]

 [[412  39]]

 [[412  38]]

 [[412  37]]

 [[412  36]]

 [[412  35]]

 [[411  34]]

 [[410  33]]

 [[409  32]]

 [[408  31]]

 [[409  30]]

 [[410  29]]

 [[411  30]]

 [[411  29]]

 [[411  28]]

 [[411  27]]

 [[412  26]]

 [[412  25]]

 [[412  24]]

 [[412  23]]

 [[413  22]]

 [[413  21]]

 [[413  20]]

 [[413  19]]

 [[413  18]]

 [[413  17]]

 [[413  16]]

 [[413  15]]

 [[414  14]]

 [[415  13]]

 [[416  12]]

 [[416  11]]

 [[415  10]]

 [[415   9]]

 [[415   8]]

 [[415   7]]

 [[415   6]]

 [[414   5]]

 [[413   6]]

 [[412   5]]

 [[412   4]]

 [[412   3]]

 [[412   2]]

 [[411   1]]

 [[411   2]]

 [[410   3]]

 [[410   4]]

 [[411   5]]

 [[411   6]]

 [[411   7]]

 [[411   8]]

 [[411   9]]

 [[410  10]]

 [[410  11]]

 [[410  12]]

 [[410  13]]

 [[410  14]]

 [[410  15]]

 [[409  16]]

 [[409  17]]

 [[409  18]]

 [[409  19]]

 [[410  20]]

 [[410  21]]

 [[409  22]]

 [[408  22]]

 [[407  22]]

 [[406  22]]

 [[405  22]]

 [[404  21]]

 [[403  21]]

 [[402  21]]

 [[403  22]]

 [[403  23]]

 [[404  23]]

 [[405  23]]

 [[406  23]]

 [[407  24]]

 [[408  24]]

 [[409  25]]

 [[410  26]]

 [[409  27]]

 [[408  28]]

 [[407  28]]

 [[406  28]]

 [[405  28]]

 [[404  29]]

 [[405  30]]

 [[406  31]]

 [[406  32]]

 [[406  33]]

 [[405  34]]

 [[404  35]]

 [[403  36]]

 [[403  37]]

 [[402  38]]

 [[401  39]]

 [[400  38]]

 [[399  37]]

 [[399  36]]

 [[398  35]]

 [[398  34]]

 [[397  34]]

 [[396  34]]

 [[395  35]]

 [[394  35]]

 [[393  35]]

 [[392  35]]

 [[391  35]]

 [[390  34]]

 [[390  33]]

 [[390  32]]

 [[390  31]]

 [[390  30]]

 [[390  29]]

 [[391  28]]

 [[392  27]]

 [[393  26]]

 [[394  25]]

 [[395  25]]

 [[396  25]]

 [[397  24]]

 [[398  23]]

 [[398  22]]

 [[398  21]]

 [[398  20]]

 [[398  19]]

 [[398  18]]

 [[398  17]]

 [[398  16]]

 [[398  15]]

 [[399  14]]

 [[399  13]]

 [[399  12]]

 [[399  11]]

 [[399  10]]

 [[399   9]]

 [[399   8]]

 [[399   7]]

 [[399   6]]

 [[400   5]]

 [[400   4]]

 [[400   3]]

 [[400   2]]

 [[400   1]]

 [[399   1]]

 [[398   1]]

 [[397   1]]

 [[396   1]]]
