[[[  0   0]]

 [[  1 127]]

 [[  1 128]]

 [[  1 129]]

 [[  1 130]]

 [[  2 130]]

 [[  3 130]]

 [[  4 130]]

 [[  5 131]]

 [[  6 132]]

 [[  7 132]]

 [[  8 132]]

 [[  9 132]]

 [[ 10 133]]

 [[ 11 134]]

 [[ 12 135]]

 [[ 13 136]]

 [[ 14 137]]

 [[ 15 137]]

 [[ 16 138]]

 [[ 17 139]]

 [[ 18 139]]

 [[ 19 139]]

 [[ 20 138]]

 [[ 21 138]]

 [[ 22 139]]

 [[ 23 139]]

 [[ 24 140]]

 [[ 24 141]]

 [[ 25 142]]

 [[ 25 143]]

 [[ 26 144]]

 [[ 27 145]]

 [[ 28 146]]

 [[ 29 146]]

 [[ 30 146]]

 [[ 31 147]]

 [[ 31 148]]

 [[ 31 149]]

 [[ 32 149]]

 [[ 33 149]]

 [[ 34 149]]

 [[ 35 149]]

 [[ 36 149]]

 [[ 37 150]]

 [[ 38 150]]

 [[ 39 150]]

 [[ 40 150]]

 [[ 41 149]]

 [[ 42 149]]

 [[ 43 150]]

 [[ 43 151]]

 [[ 44 152]]

 [[ 45 153]]

 [[ 46 153]]

 [[ 47 154]]

 [[ 48 155]]

 [[ 49 156]]

 [[ 49 157]]

 [[ 50 157]]

 [[ 51 158]]

 [[ 51 159]]

 [[ 52 160]]

 [[ 53 160]]

 [[ 54 160]]

 [[ 55 160]]

 [[ 56 160]]

 [[ 57 160]]

 [[ 58 160]]

 [[ 59 161]]

 [[ 60 162]]

 [[ 61 163]]

 [[ 61 164]]

 [[ 62 165]]

 [[ 63 166]]

 [[ 64 166]]

 [[ 65 167]]

 [[ 65 168]]

 [[ 66 169]]

 [[ 66 170]]

 [[ 66 171]]

 [[ 67 172]]

 [[ 67 173]]

 [[ 67 174]]

 [[ 67 175]]

 [[ 67 176]]

 [[ 68 177]]

 [[ 69 178]]

 [[ 70 178]]

 [[ 71 179]]

 [[ 72 179]]

 [[ 73 179]]

 [[ 74 179]]

 [[ 75 180]]

 [[ 76 181]]

 [[ 75 182]]

 [[ 75 183]]

 [[ 75 184]]

 [[ 75 185]]

 [[ 75 186]]

 [[ 75 187]]

 [[ 75 188]]

 [[ 75 189]]

 [[ 74 190]]

 [[ 74 191]]

 [[ 75 192]]

 [[ 75 193]]

 [[ 74 194]]

 [[ 73 195]]

 [[ 72 196]]

 [[ 72 197]]

 [[ 72 198]]

 [[ 73 199]]

 [[ 74 200]]

 [[ 74 201]]

 [[ 75 202]]

 [[ 76 203]]

 [[ 76 204]]

 [[ 77 205]]

 [[ 77 206]]

 [[ 78 207]]

 [[ 78 208]]

 [[ 78 209]]

 [[ 77 210]]

 [[ 77 211]]

 [[ 76 212]]

 [[ 76 213]]

 [[ 75 214]]

 [[ 75 215]]

 [[ 74 216]]

 [[ 73 216]]

 [[ 72 215]]

 [[ 71 214]]

 [[ 70 213]]

 [[ 69 214]]

 [[ 68 214]]

 [[ 67 214]]

 [[ 66 214]]

 [[ 65 214]]

 [[ 64 214]]

 [[ 63 215]]

 [[ 63 216]]

 [[ 63 217]]

 [[ 62 218]]

 [[ 61 218]]

 [[ 60 218]]

 [[ 59 218]]

 [[ 58 219]]

 [[ 59 220]]

 [[ 60 220]]

 [[ 61 219]]

 [[ 62 219]]

 [[ 63 220]]

 [[ 63 221]]

 [[ 64 221]]

 [[ 65 221]]

 [[ 66 221]]

 [[ 67 221]]

 [[ 68 221]]

 [[ 69 221]]

 [[ 70 221]]

 [[ 71 221]]

 [[ 72 220]]

 [[ 73 220]]

 [[ 74 220]]

 [[ 75 220]]

 [[ 76 221]]

 [[ 77 222]]

 [[ 77 223]]

 [[ 78 224]]

 [[ 78 225]]

 [[ 78 226]]

 [[ 78 227]]

 [[ 78 228]]

 [[ 79 229]]

 [[ 79 230]]

 [[ 79 231]]

 [[ 79 232]]

 [[ 79 233]]

 [[ 79 234]]

 [[ 79 235]]

 [[ 79 236]]

 [[ 78 237]]

 [[ 78 238]]

 [[ 78 239]]

 [[ 77 240]]

 [[ 76 241]]

 [[ 77 242]]

 [[ 76 243]]

 [[ 76 244]]

 [[ 75 245]]

 [[ 76 246]]

 [[ 75 247]]

 [[ 74 247]]

 [[ 73 247]]

 [[ 73 248]]

 [[ 73 249]]

 [[ 73 250]]

 [[ 74 251]]

 [[ 75 252]]

 [[ 76 253]]

 [[ 77 254]]

 [[ 77 255]]

 [[ 77 256]]

 [[ 76 257]]

 [[ 75 258]]

 [[ 76 258]]

 [[ 77 258]]

 [[ 78 258]]

 [[ 79 258]]

 [[ 80 258]]

 [[ 81 258]]

 [[ 82 258]]

 [[ 83 258]]

 [[ 84 258]]

 [[ 85 258]]

 [[ 86 258]]

 [[ 87 258]]

 [[ 88 258]]

 [[ 89 258]]

 [[ 89 257]]

 [[ 90 256]]

 [[ 89 255]]

 [[ 88 254]]

 [[ 88 253]]

 [[ 88 252]]

 [[ 88 251]]

 [[ 88 250]]

 [[ 88 249]]

 [[ 88 248]]

 [[ 88 247]]

 [[ 88 246]]

 [[ 88 245]]

 [[ 87 244]]

 [[ 87 243]]

 [[ 87 242]]

 [[ 87 241]]

 [[ 87 240]]

 [[ 87 239]]

 [[ 87 238]]

 [[ 87 237]]

 [[ 87 236]]

 [[ 87 235]]

 [[ 87 234]]

 [[ 87 233]]

 [[ 88 232]]

 [[ 88 231]]

 [[ 88 230]]

 [[ 88 229]]

 [[ 88 228]]

 [[ 88 227]]

 [[ 88 226]]

 [[ 88 225]]

 [[ 87 224]]

 [[ 87 223]]

 [[ 87 222]]

 [[ 87 221]]

 [[ 88 220]]

 [[ 88 219]]

 [[ 88 218]]

 [[ 88 217]]

 [[ 88 216]]

 [[ 88 215]]

 [[ 89 214]]

 [[ 88 213]]

 [[ 88 212]]

 [[ 87 211]]

 [[ 86 210]]

 [[ 86 209]]

 [[ 86 208]]

 [[ 86 207]]

 [[ 86 206]]

 [[ 85 205]]

 [[ 85 204]]

 [[ 85 203]]

 [[ 84 202]]

 [[ 84 201]]

 [[ 84 200]]

 [[ 84 199]]

 [[ 84 198]]

 [[ 83 197]]

 [[ 82 196]]

 [[ 81 195]]

 [[ 81 194]]

 [[ 82 193]]

 [[ 82 192]]

 [[ 82 191]]

 [[ 82 190]]

 [[ 82 189]]

 [[ 82 188]]

 [[ 82 187]]

 [[ 83 186]]

 [[ 84 185]]

 [[ 84 184]]

 [[ 83 183]]

 [[ 82 182]]

 [[ 81 181]]

 [[ 80 180]]

 [[ 79 180]]

 [[ 78 179]]

 [[ 78 178]]

 [[ 77 177]]

 [[ 77 176]]

 [[ 77 175]]

 [[ 77 174]]

 [[ 76 173]]

 [[ 75 172]]

 [[ 74 171]]

 [[ 73 170]]

 [[ 74 169]]

 [[ 74 168]]

 [[ 73 167]]

 [[ 73 166]]

 [[ 72 165]]

 [[ 72 164]]

 [[ 71 164]]

 [[ 70 163]]

 [[ 69 162]]

 [[ 69 161]]

 [[ 68 161]]

 [[ 67 161]]

 [[ 66 160]]

 [[ 65 159]]

 [[ 64 158]]

 [[ 64 157]]

 [[ 63 156]]

 [[ 62 156]]

 [[ 61 156]]

 [[ 60 155]]

 [[ 59 154]]

 [[ 59 153]]

 [[ 59 152]]

 [[ 58 152]]

 [[ 57 152]]

 [[ 56 153]]

 [[ 55 152]]

 [[ 54 152]]

 [[ 53 151]]

 [[ 52 151]]

 [[ 51 150]]

 [[ 50 149]]

 [[ 50 148]]

 [[ 49 148]]

 [[ 48 147]]

 [[ 47 147]]

 [[ 46 146]]

 [[ 45 145]]

 [[ 44 145]]

 [[ 43 145]]

 [[ 42 145]]

 [[ 41 145]]

 [[ 40 145]]

 [[ 39 145]]

 [[ 38 144]]

 [[ 38 143]]

 [[ 38 142]]

 [[ 37 142]]

 [[ 36 142]]

 [[ 35 143]]

 [[ 34 142]]

 [[ 34 141]]

 [[ 33 140]]

 [[ 32 140]]

 [[ 31 140]]

 [[ 30 139]]

 [[ 29 139]]

 [[ 28 138]]

 [[ 27 138]]

 [[ 26 138]]

 [[ 25 137]]

 [[ 24 137]]

 [[ 23 136]]

 [[ 22 135]]

 [[ 21 134]]

 [[ 20 134]]

 [[ 19 134]]

 [[ 18 133]]

 [[ 18 132]]

 [[ 18 131]]

 [[ 17 130]]

 [[ 16 130]]

 [[ 15 130]]

 [[ 14 130]]

 [[ 13 130]]

 [[ 12 130]]

 [[ 11 130]]

 [[ 10 130]]

 [[  9 129]]

 [[  9 128]]

 [[  8 127]]

 [[  7 128]]

 [[  6 128]]

 [[  5 128]]

 [[  4 128]]

 [[  3 127]]

 [[  2 127]]]
[[[ 0  0]]

 [[32 54]]

 [[31 55]]

 ..., 
 [[36 56]]

 [[35 55]]

 [[34 54]]]
