[[[  0   0]]

 [[572  17]]

 [[572  18]]

 [[572  19]]

 [[572  20]]

 [[573  21]]

 [[572  22]]

 [[572  23]]

 [[573  24]]

 [[573  25]]

 [[573  26]]

 [[573  27]]

 [[572  28]]

 [[572  29]]

 [[572  30]]

 [[571  31]]

 [[571  32]]

 [[571  33]]

 [[572  32]]

 [[573  33]]

 [[573  34]]

 [[573  35]]

 [[573  36]]

 [[573  37]]

 [[574  38]]

 [[575  38]]

 [[576  38]]

 [[577  38]]

 [[578  38]]

 [[579  38]]

 [[580  38]]

 [[581  38]]

 [[582  39]]

 [[582  40]]

 [[582  41]]

 [[582  42]]

 [[582  43]]

 [[581  44]]

 [[581  45]]

 [[581  46]]

 [[581  47]]

 [[580  48]]

 [[580  49]]

 [[580  50]]

 [[579  51]]

 [[579  52]]

 [[578  53]]

 [[578  54]]

 [[577  55]]

 [[576  56]]

 [[575  57]]

 [[575  58]]

 [[574  59]]

 [[574  60]]

 [[573  61]]

 [[572  62]]

 [[571  62]]

 [[570  62]]

 [[569  61]]

 [[569  60]]

 [[568  60]]

 [[567  59]]

 [[566  58]]

 [[567  59]]

 [[568  60]]

 [[567  61]]

 [[568  62]]

 [[569  62]]

 [[570  63]]

 [[571  64]]

 [[571  65]]

 [[570  66]]

 [[569  66]]

 [[568  66]]

 [[567  66]]

 [[567  67]]

 [[566  68]]

 [[566  69]]

 [[566  70]]

 [[565  71]]

 [[565  72]]

 [[564  73]]

 [[564  74]]

 [[564  75]]

 [[563  76]]

 [[562  76]]

 [[561  77]]

 [[561  78]]

 [[561  79]]

 [[562  80]]

 [[563  81]]

 [[563  82]]

 [[564  83]]

 [[563  84]]

 [[564  85]]

 [[563  86]]

 [[562  86]]

 [[561  87]]

 [[560  87]]

 [[559  88]]

 [[558  88]]

 [[557  88]]

 [[556  89]]

 [[556  90]]

 [[557  90]]

 [[558  90]]

 [[559  91]]

 [[560  91]]

 [[561  91]]

 [[562  91]]

 [[563  90]]

 [[564  90]]

 [[565  91]]

 [[566  91]]

 [[567  90]]

 [[567  89]]

 [[567  88]]

 [[567  87]]

 [[567  86]]

 [[567  85]]

 [[568  84]]

 [[568  83]]

 [[569  82]]

 [[570  83]]

 [[570  82]]

 [[570  81]]

 [[570  80]]

 [[570  79]]

 [[569  78]]

 [[569  77]]

 [[570  76]]

 [[571  76]]

 [[571  75]]

 [[571  74]]

 [[570  73]]

 [[570  72]]

 [[571  71]]

 [[571  70]]

 [[572  69]]

 [[573  69]]

 [[574  69]]

 [[575  69]]

 [[575  68]]

 [[575  67]]

 [[574  68]]

 [[573  69]]

 [[572  68]]

 [[572  67]]

 [[572  66]]

 [[572  65]]

 [[573  64]]

 [[574  64]]

 [[575  65]]

 [[576  65]]

 [[575  65]]

 [[574  64]]

 [[575  63]]

 [[575  62]]

 [[575  61]]

 [[576  60]]

 [[577  59]]

 [[577  58]]

 [[578  57]]

 [[579  56]]

 [[579  55]]

 [[580  54]]

 [[581  53]]

 [[581  52]]

 [[582  51]]

 [[582  50]]

 [[582  49]]

 [[582  48]]

 [[583  47]]

 [[583  46]]

 [[583  45]]

 [[583  44]]

 [[583  43]]

 [[583  42]]

 [[583  41]]

 [[583  40]]

 [[583  39]]

 [[583  38]]

 [[582  37]]

 [[582  36]]

 [[582  35]]

 [[582  34]]

 [[582  33]]

 [[583  32]]

 [[583  31]]

 [[582  32]]

 [[581  32]]

 [[581  33]]

 [[580  34]]

 [[579  34]]

 [[578  34]]

 [[577  33]]

 [[576  33]]

 [[575  33]]

 [[574  32]]

 [[575  31]]

 [[576  31]]

 [[577  30]]

 [[578  30]]

 [[578  29]]

 [[578  28]]

 [[578  27]]

 [[577  26]]

 [[578  27]]

 [[577  28]]

 [[576  28]]

 [[575  29]]

 [[574  28]]

 [[573  27]]

 [[573  26]]

 [[574  25]]

 [[575  24]]

 [[575  23]]

 [[575  22]]

 [[575  21]]

 [[575  20]]

 [[574  19]]

 [[574  18]]

 [[575  17]]

 [[575  16]]

 [[574  17]]

 [[573  17]]]
[[[  0   0]]

 [[ 94  10]]

 [[ 93  10]]

 [[ 92  10]]

 [[ 91  11]]

 [[ 90  11]]

 [[ 89  12]]

 [[ 88  12]]

 [[ 87  12]]

 [[ 86  13]]

 [[ 85  13]]

 [[ 84  14]]

 [[ 83  14]]

 [[ 82  15]]

 [[ 81  16]]

 [[ 80  16]]

 [[ 79  16]]

 [[ 78  16]]

 [[ 77  16]]

 [[ 76  16]]

 [[ 75  15]]

 [[ 74  14]]

 [[ 74  13]]

 [[ 73  14]]

 [[ 73  15]]

 [[ 73  16]]

 [[ 73  17]]

 [[ 72  18]]

 [[ 71  19]]

 [[ 70  20]]

 [[ 69  20]]

 [[ 68  20]]

 [[ 67  20]]

 [[ 66  20]]

 [[ 65  20]]

 [[ 64  20]]

 [[ 63  20]]

 [[ 62  20]]

 [[ 61  20]]

 [[ 60  20]]

 [[ 59  20]]

 [[ 58  20]]

 [[ 57  20]]

 [[ 56  20]]

 [[ 55  20]]

 [[ 54  20]]

 [[ 53  20]]

 [[ 52  21]]

 [[ 51  22]]

 [[ 50  23]]

 [[ 49  23]]

 [[ 48  24]]

 [[ 47  25]]

 [[ 46  25]]

 [[ 45  26]]

 [[ 44  26]]

 [[ 43  27]]

 [[ 42  27]]

 [[ 41  27]]

 [[ 40  28]]

 [[ 41  28]]

 [[ 42  28]]

 [[ 43  28]]

 [[ 44  28]]

 [[ 45  28]]

 [[ 46  28]]

 [[ 47  29]]

 [[ 48  30]]

 [[ 47  31]]

 [[ 46  32]]

 [[ 45  32]]

 [[ 44  32]]

 [[ 43  32]]

 [[ 42  32]]

 [[ 41  33]]

 [[ 40  33]]

 [[ 39  34]]

 [[ 38  35]]

 [[ 37  36]]

 [[ 36  36]]

 [[ 35  36]]

 [[ 36  37]]

 [[ 36  38]]

 [[ 36  39]]

 [[ 36  40]]

 [[ 36  41]]

 [[ 36  42]]

 [[ 36  43]]

 [[ 36  44]]

 [[ 36  45]]

 [[ 36  46]]

 [[ 36  47]]

 [[ 36  48]]

 [[ 35  49]]

 [[ 36  50]]

 [[ 36  51]]

 [[ 36  52]]

 [[ 37  53]]

 [[ 37  54]]

 [[ 38  55]]

 [[ 38  56]]

 [[ 38  57]]

 [[ 38  58]]

 [[ 38  59]]

 [[ 38  60]]

 [[ 38  61]]

 [[ 38  62]]

 [[ 38  63]]

 [[ 38  64]]

 [[ 38  65]]

 [[ 38  66]]

 [[ 38  67]]

 [[ 38  68]]

 [[ 39  69]]

 [[ 40  69]]

 [[ 41  69]]

 [[ 42  69]]

 [[ 43  69]]

 [[ 44  69]]

 [[ 45  69]]

 [[ 46  69]]

 [[ 47  69]]

 [[ 48  68]]

 [[ 49  68]]

 [[ 50  68]]

 [[ 51  68]]

 [[ 52  68]]

 [[ 53  68]]

 [[ 54  68]]

 [[ 55  68]]

 [[ 56  68]]

 [[ 57  68]]

 [[ 58  69]]

 [[ 59  68]]

 [[ 60  68]]

 [[ 61  68]]

 [[ 62  67]]

 [[ 62  66]]

 [[ 62  65]]

 [[ 62  64]]

 [[ 61  63]]

 [[ 61  62]]

 [[ 61  61]]

 [[ 61  60]]

 [[ 61  59]]

 [[ 61  58]]

 [[ 61  57]]

 [[ 61  56]]

 [[ 62  55]]

 [[ 63  54]]

 [[ 64  54]]

 [[ 65  54]]

 [[ 66  55]]

 [[ 67  55]]

 [[ 68  55]]

 [[ 69  55]]

 [[ 70  55]]

 [[ 71  55]]

 [[ 72  55]]

 [[ 73  54]]

 [[ 74  54]]

 [[ 75  54]]

 [[ 76  54]]

 [[ 77  54]]

 [[ 78  54]]

 [[ 79  54]]

 [[ 80  53]]

 [[ 81  53]]

 [[ 82  52]]

 [[ 83  51]]

 [[ 83  50]]

 [[ 84  49]]

 [[ 85  48]]

 [[ 86  48]]

 [[ 87  49]]

 [[ 88  50]]

 [[ 89  50]]

 [[ 90  50]]

 [[ 91  50]]

 [[ 92  50]]

 [[ 93  50]]

 [[ 94  50]]

 [[ 95  50]]

 [[ 96  50]]

 [[ 97  50]]

 [[ 98  50]]

 [[ 99  50]]

 [[100  50]]

 [[101  50]]

 [[102  50]]

 [[103  49]]

 [[104  49]]

 [[105  49]]

 [[106  48]]

 [[107  48]]

 [[108  48]]

 [[109  48]]

 [[110  47]]

 [[111  46]]

 [[111  45]]

 [[111  44]]

 [[111  43]]

 [[111  42]]

 [[111  41]]

 [[110  41]]

 [[109  41]]

 [[108  41]]

 [[107  41]]

 [[106  41]]

 [[105  41]]

 [[104  42]]

 [[103  42]]

 [[102  42]]

 [[101  42]]

 [[100  42]]

 [[ 99  43]]

 [[ 98  43]]

 [[ 97  43]]

 [[ 96  43]]

 [[ 95  43]]

 [[ 94  43]]

 [[ 93  44]]

 [[ 92  44]]

 [[ 91  44]]

 [[ 90  44]]

 [[ 89  44]]

 [[ 88  44]]

 [[ 87  45]]

 [[ 86  45]]

 [[ 85  45]]

 [[ 84  46]]

 [[ 83  46]]

 [[ 82  47]]

 [[ 81  47]]

 [[ 80  48]]

 [[ 79  48]]

 [[ 78  48]]

 [[ 77  48]]

 [[ 76  48]]

 [[ 75  49]]

 [[ 74  49]]

 [[ 73  49]]

 [[ 72  49]]

 [[ 71  49]]

 [[ 70  50]]

 [[ 69  50]]

 [[ 68  50]]

 [[ 67  50]]

 [[ 66  51]]

 [[ 65  51]]

 [[ 64  51]]

 [[ 63  51]]

 [[ 62  51]]

 [[ 61  51]]

 [[ 60  50]]

 [[ 60  49]]

 [[ 59  48]]

 [[ 59  47]]

 [[ 59  46]]

 [[ 59  45]]

 [[ 59  44]]

 [[ 59  43]]

 [[ 59  42]]

 [[ 60  41]]

 [[ 61  40]]

 [[ 62  39]]

 [[ 63  39]]

 [[ 64  39]]

 [[ 65  40]]

 [[ 66  40]]

 [[ 67  40]]

 [[ 68  40]]

 [[ 69  40]]

 [[ 70  40]]

 [[ 71  40]]

 [[ 72  40]]

 [[ 73  39]]

 [[ 74  39]]

 [[ 75  39]]

 [[ 76  39]]

 [[ 77  38]]

 [[ 78  38]]

 [[ 79  38]]

 [[ 80  38]]

 [[ 81  38]]

 [[ 82  37]]

 [[ 83  36]]

 [[ 84  35]]

 [[ 85  34]]

 [[ 86  34]]

 [[ 87  34]]

 [[ 88  34]]

 [[ 89  34]]

 [[ 90  34]]

 [[ 91  34]]

 [[ 92  34]]

 [[ 93  34]]

 [[ 94  34]]

 [[ 95  34]]

 [[ 96  34]]

 [[ 97  34]]

 [[ 98  34]]

 [[ 99  34]]

 [[100  34]]

 [[101  34]]

 [[102  33]]

 [[103  33]]

 [[104  33]]

 [[105  32]]

 [[106  32]]

 [[107  32]]

 [[108  32]]

 [[109  32]]

 [[110  31]]

 [[110  30]]

 [[110  29]]

 [[110  28]]

 [[110  27]]

 [[110  26]]

 [[109  26]]

 [[108  26]]

 [[107  26]]

 [[106  26]]

 [[105  26]]

 [[104  26]]

 [[103  26]]

 [[102  27]]

 [[101  27]]

 [[100  27]]

 [[ 99  27]]

 [[ 98  27]]

 [[ 97  27]]

 [[ 96  27]]

 [[ 95  27]]

 [[ 94  27]]

 [[ 93  27]]

 [[ 92  27]]

 [[ 91  28]]

 [[ 90  28]]

 [[ 89  28]]

 [[ 88  29]]

 [[ 87  29]]

 [[ 86  30]]

 [[ 85  31]]

 [[ 84  31]]

 [[ 83  31]]

 [[ 82  32]]

 [[ 81  32]]

 [[ 80  32]]

 [[ 79  33]]

 [[ 78  33]]

 [[ 77  34]]

 [[ 76  34]]

 [[ 75  34]]

 [[ 74  34]]

 [[ 73  34]]

 [[ 72  34]]

 [[ 71  35]]

 [[ 70  35]]

 [[ 69  35]]

 [[ 68  35]]

 [[ 67  36]]

 [[ 66  36]]

 [[ 65  36]]

 [[ 64  36]]

 [[ 63  36]]

 [[ 62  36]]

 [[ 61  36]]

 [[ 60  36]]

 [[ 59  35]]

 [[ 59  34]]

 [[ 58  33]]

 [[ 58  32]]

 [[ 58  31]]

 [[ 58  30]]

 [[ 58  29]]

 [[ 58  28]]

 [[ 58  27]]

 [[ 58  26]]

 [[ 59  25]]

 [[ 60  24]]

 [[ 61  23]]

 [[ 62  23]]

 [[ 63  23]]

 [[ 64  23]]

 [[ 65  23]]

 [[ 66  23]]

 [[ 67  23]]

 [[ 68  23]]

 [[ 69  23]]

 [[ 70  23]]

 [[ 71  23]]

 [[ 72  23]]

 [[ 73  23]]

 [[ 74  23]]

 [[ 75  23]]

 [[ 76  23]]

 [[ 77  24]]

 [[ 78  23]]

 [[ 79  22]]

 [[ 79  21]]

 [[ 80  20]]

 [[ 81  19]]

 [[ 82  19]]

 [[ 83  18]]

 [[ 84  18]]

 [[ 85  18]]

 [[ 86  18]]

 [[ 87  18]]

 [[ 88  17]]

 [[ 89  17]]

 [[ 90  17]]

 [[ 91  17]]

 [[ 92  16]]

 [[ 92  15]]

 [[ 92  14]]

 [[ 92  13]]

 [[ 93  12]]

 [[ 94  12]]

 [[ 95  11]]

 [[ 95  10]]]
[[[ 0  0]]

 [[49 31]]

 [[50 31]]

 [[51 31]]

 [[52 31]]

 [[53 32]]

 [[54 32]]

 [[55 33]]

 [[55 34]]

 [[55 35]]

 [[54 36]]

 [[54 37]]

 [[55 38]]

 [[55 39]]

 [[55 40]]

 [[55 41]]

 [[55 42]]

 [[54 43]]

 [[54 44]]

 [[54 45]]

 [[54 46]]

 [[54 47]]

 [[54 48]]

 [[55 49]]

 [[56 50]]

 [[56 51]]

 [[56 52]]

 [[56 53]]

 [[57 54]]

 [[57 55]]

 [[57 56]]

 [[56 57]]

 [[57 58]]

 [[56 59]]

 [[55 60]]

 [[54 61]]

 [[54 62]]

 [[53 63]]

 [[52 63]]

 [[51 64]]

 [[50 64]]

 [[49 65]]

 [[48 65]]

 [[47 66]]

 [[46 67]]

 [[45 67]]

 [[44 67]]

 [[43 67]]

 [[42 66]]

 [[41 65]]

 [[41 64]]

 [[42 63]]

 [[43 63]]

 [[44 62]]

 [[45 62]]

 [[45 61]]

 [[45 60]]

 [[44 59]]

 [[43 58]]

 [[44 57]]

 [[44 56]]

 [[45 55]]

 [[46 54]]

 [[46 53]]

 [[45 53]]

 [[44 53]]

 [[43 52]]

 [[42 52]]

 [[41 51]]

 [[40 51]]

 [[39 50]]

 [[40 49]]

 [[39 48]]

 [[40 47]]

 [[40 46]]

 [[40 45]]

 [[39 44]]

 [[39 43]]

 [[38 42]]

 [[38 41]]

 [[38 40]]

 [[38 39]]

 [[38 38]]

 [[39 37]]

 [[39 36]]

 [[40 35]]

 [[41 35]]

 [[42 34]]

 [[43 33]]

 [[44 33]]

 [[45 33]]

 [[46 32]]

 [[47 32]]]
