[[[  0   0]]

 [[ 31 220]]

 [[ 31 221]]

 [[ 31 222]]

 [[ 31 223]]

 [[ 30 224]]

 [[ 29 225]]

 [[ 28 226]]

 [[ 27 226]]

 [[ 27 227]]

 [[ 27 228]]

 [[ 27 229]]

 [[ 27 230]]

 [[ 27 231]]

 [[ 26 232]]

 [[ 27 233]]

 [[ 27 234]]

 [[ 28 235]]

 [[ 28 236]]

 [[ 28 237]]

 [[ 28 238]]

 [[ 29 239]]

 [[ 29 240]]

 [[ 30 241]]

 [[ 31 241]]

 [[ 32 241]]

 [[ 33 242]]

 [[ 34 243]]

 [[ 34 244]]

 [[ 35 245]]

 [[ 34 246]]

 [[ 34 247]]

 [[ 34 248]]

 [[ 34 249]]

 [[ 34 250]]

 [[ 35 251]]

 [[ 35 252]]

 [[ 35 253]]

 [[ 35 254]]

 [[ 36 255]]

 [[ 37 254]]

 [[ 37 253]]

 [[ 37 252]]

 [[ 37 251]]

 [[ 36 250]]

 [[ 36 249]]

 [[ 36 248]]

 [[ 36 247]]

 [[ 36 246]]

 [[ 36 245]]

 [[ 37 244]]

 [[ 38 244]]

 [[ 39 244]]

 [[ 40 244]]

 [[ 41 243]]

 [[ 42 242]]

 [[ 43 241]]

 [[ 44 241]]

 [[ 45 241]]

 [[ 46 240]]

 [[ 47 240]]

 [[ 48 239]]

 [[ 48 238]]

 [[ 48 237]]

 [[ 48 236]]

 [[ 48 235]]

 [[ 48 234]]

 [[ 48 233]]

 [[ 48 232]]

 [[ 48 231]]

 [[ 48 230]]

 [[ 48 229]]

 [[ 47 229]]

 [[ 46 230]]

 [[ 45 230]]

 [[ 44 229]]

 [[ 43 229]]

 [[ 42 228]]

 [[ 42 227]]

 [[ 41 226]]

 [[ 41 225]]

 [[ 41 224]]

 [[ 40 223]]

 [[ 40 222]]

 [[ 39 221]]

 [[ 38 221]]

 [[ 37 220]]

 [[ 36 219]]

 [[ 35 219]]

 [[ 34 219]]

 [[ 33 219]]]
[[[  0   0]]

 [[ 34 220]]

 [[ 35 220]]

 [[ 36 220]]

 [[ 37 221]]

 [[ 37 222]]

 [[ 38 223]]

 [[ 38 224]]

 [[ 39 225]]

 [[ 40 226]]

 [[ 41 227]]

 [[ 41 228]]

 [[ 42 229]]

 [[ 42 230]]

 [[ 42 231]]

 [[ 43 232]]

 [[ 44 233]]

 [[ 45 234]]

 [[ 45 235]]

 [[ 46 236]]

 [[ 46 237]]

 [[ 46 238]]

 [[ 45 239]]

 [[ 44 240]]

 [[ 43 240]]

 [[ 42 240]]

 [[ 41 241]]

 [[ 40 242]]

 [[ 39 243]]

 [[ 38 243]]

 [[ 37 243]]

 [[ 36 243]]

 [[ 35 242]]

 [[ 34 241]]

 [[ 34 240]]

 [[ 33 239]]

 [[ 32 238]]

 [[ 31 237]]

 [[ 30 236]]

 [[ 29 235]]

 [[ 29 234]]

 [[ 28 233]]

 [[ 28 232]]

 [[ 29 231]]

 [[ 29 230]]

 [[ 30 229]]

 [[ 30 228]]

 [[ 30 227]]

 [[ 31 226]]

 [[ 31 225]]

 [[ 32 224]]

 [[ 32 223]]

 [[ 32 222]]]
[[[  0   0]]

 [[ 96 163]]

 [[ 97 164]]

 [[ 98 165]]

 [[ 99 166]]

 [[ 99 167]]

 [[ 98 168]]

 [[ 97 169]]

 [[ 96 170]]

 [[ 95 171]]

 [[ 95 172]]

 [[ 96 173]]

 [[ 95 174]]

 [[ 95 175]]

 [[ 95 176]]

 [[ 95 177]]

 [[ 95 178]]

 [[ 95 179]]

 [[ 95 180]]

 [[ 95 181]]

 [[ 95 182]]

 [[ 95 183]]

 [[ 95 184]]

 [[ 94 185]]

 [[ 94 186]]

 [[ 93 187]]

 [[ 93 188]]

 [[ 93 189]]

 [[ 92 190]]

 [[ 93 191]]

 [[ 93 192]]

 [[ 93 193]]

 [[ 93 194]]

 [[ 93 195]]

 [[ 93 196]]

 [[ 92 197]]

 [[ 92 198]]

 [[ 92 199]]

 [[ 92 200]]

 [[ 92 201]]

 [[ 92 202]]

 [[ 92 203]]

 [[ 92 204]]

 [[ 93 205]]

 [[ 93 206]]

 [[ 94 206]]

 [[ 95 206]]

 [[ 95 205]]

 [[ 96 204]]

 [[ 97 203]]

 [[ 98 203]]

 [[ 99 203]]

 [[100 202]]

 [[101 201]]

 [[101 200]]

 [[101 199]]

 [[102 198]]

 [[103 197]]

 [[104 196]]

 [[104 195]]

 [[104 194]]

 [[105 193]]

 [[106 192]]

 [[107 192]]

 [[108 192]]

 [[108 191]]

 [[109 190]]

 [[110 189]]

 [[110 188]]

 [[110 187]]

 [[110 186]]

 [[110 185]]

 [[110 184]]

 [[110 183]]

 [[110 182]]

 [[110 181]]

 [[109 180]]

 [[108 179]]

 [[107 178]]

 [[107 177]]

 [[106 176]]

 [[106 175]]

 [[105 174]]

 [[105 173]]

 [[105 172]]

 [[105 171]]

 [[104 170]]

 [[104 169]]

 [[103 168]]

 [[102 167]]

 [[101 166]]

 [[101 165]]

 [[101 164]]

 [[100 163]]

 [[ 99 163]]

 [[ 98 163]]]
[[[  0   0]]

 [[ 99 169]]

 [[100 169]]

 [[101 170]]

 [[102 171]]

 [[103 172]]

 [[103 173]]

 [[103 174]]

 [[103 175]]

 [[104 176]]

 [[104 177]]

 [[105 178]]

 [[105 179]]

 [[106 180]]

 [[106 181]]

 [[106 182]]

 [[107 183]]

 [[107 184]]

 [[107 185]]

 [[107 186]]

 [[107 187]]

 [[107 188]]

 [[107 189]]

 [[107 190]]

 [[106 191]]

 [[105 191]]

 [[104 192]]

 [[103 193]]

 [[103 194]]

 [[103 195]]

 [[102 196]]

 [[101 197]]

 [[101 198]]

 [[100 199]]

 [[ 99 200]]

 [[ 98 200]]

 [[ 97 201]]

 [[ 96 201]]

 [[ 95 201]]

 [[ 94 200]]

 [[ 94 199]]

 [[ 94 198]]

 [[ 94 197]]

 [[ 94 196]]

 [[ 94 195]]

 [[ 94 194]]

 [[ 94 193]]

 [[ 94 192]]

 [[ 95 191]]

 [[ 95 190]]

 [[ 95 189]]

 [[ 96 188]]

 [[ 96 187]]

 [[ 96 186]]

 [[ 96 185]]

 [[ 96 184]]

 [[ 96 183]]

 [[ 96 182]]

 [[ 96 181]]

 [[ 96 180]]

 [[ 96 179]]

 [[ 96 178]]

 [[ 96 177]]

 [[ 97 176]]

 [[ 97 175]]

 [[ 97 174]]

 [[ 98 173]]

 [[ 98 172]]

 [[ 98 171]]]
[[[  0   0]]

 [[502  75]]

 [[502  76]]

 [[502  77]]

 [[501  78]]

 [[501  79]]

 [[502  80]]

 [[502  81]]

 [[502  82]]

 [[502  83]]

 [[502  84]]

 [[502  85]]

 [[501  86]]

 [[501  87]]

 [[501  88]]

 [[501  89]]

 [[501  90]]

 [[501  91]]

 [[501  92]]

 [[501  93]]

 [[501  94]]

 [[500  95]]

 [[500  96]]

 [[499  97]]

 [[498  96]]

 [[497  97]]

 [[497  98]]

 [[497  99]]

 [[497 100]]

 [[497 101]]

 [[498 102]]

 [[498 103]]

 [[498 104]]

 [[498 105]]

 [[498 106]]

 [[498 107]]

 [[498 108]]

 [[497 109]]

 [[497 110]]

 [[497 111]]

 [[497 112]]

 [[496 113]]

 [[496 114]]

 [[497 115]]

 [[497 116]]

 [[498 117]]

 [[498 118]]

 [[498 119]]

 [[497 120]]

 [[498 121]]

 [[498 122]]

 [[499 123]]

 [[500 122]]

 [[501 122]]

 [[502 121]]

 [[502 120]]

 [[502 119]]

 [[502 118]]

 [[502 117]]

 [[503 116]]

 [[503 115]]

 [[503 114]]

 [[504 113]]

 [[505 114]]

 [[506 114]]

 [[507 113]]

 [[506 112]]

 [[506 111]]

 [[506 110]]

 [[506 109]]

 [[506 108]]

 [[507 107]]

 [[507 106]]

 [[507 105]]

 [[507 104]]

 [[507 103]]

 [[508 102]]

 [[508 101]]

 [[508 100]]

 [[508  99]]

 [[508  98]]

 [[509  97]]

 [[509  96]]

 [[509  95]]

 [[510  94]]

 [[510  93]]

 [[510  92]]

 [[510  91]]

 [[510  90]]

 [[511  89]]

 [[511  88]]

 [[511  87]]

 [[511  86]]

 [[511  85]]

 [[511  84]]

 [[511  83]]

 [[512  82]]

 [[512  81]]

 [[512  80]]

 [[512  79]]

 [[512  78]]

 [[511  77]]

 [[511  76]]

 [[511  75]]

 [[510  74]]

 [[509  75]]

 [[508  75]]

 [[507  74]]

 [[506  74]]

 [[505  74]]

 [[504  74]]]
[[[  0   0]]

 [[232  73]]

 [[233  74]]

 [[233  75]]

 [[234  76]]

 [[234  77]]

 [[235  78]]

 [[235  79]]

 [[235  80]]

 [[236  81]]

 [[236  82]]

 [[237  83]]

 [[238  84]]

 [[239  83]]

 [[240  82]]

 [[241  81]]

 [[242  80]]

 [[243  80]]

 [[244  80]]

 [[245  81]]

 [[245  82]]

 [[245  83]]

 [[246  84]]

 [[246  85]]

 [[246  86]]

 [[246  87]]

 [[246  88]]

 [[246  89]]

 [[246  90]]

 [[246  91]]

 [[246  92]]

 [[245  93]]

 [[244  94]]

 [[243  95]]

 [[242  95]]

 [[241  96]]

 [[240  95]]

 [[239  94]]

 [[238  93]]

 [[238  92]]

 [[237  91]]

 [[237  90]]

 [[236  89]]

 [[235  88]]

 [[234  88]]

 [[233  88]]

 [[232  88]]

 [[231  88]]

 [[230  87]]

 [[229  86]]

 [[229  85]]

 [[229  84]]

 [[229  83]]

 [[229  82]]

 [[229  81]]

 [[229  80]]

 [[229  79]]

 [[229  78]]

 [[229  77]]

 [[230  76]]

 [[230  75]]]
[[[  0   0]]

 [[279  31]]

 [[280  31]]

 [[281  31]]

 [[282  31]]

 [[283  31]]

 [[284  31]]

 [[285  31]]

 [[286  31]]

 [[287  31]]

 [[288  31]]

 [[289  31]]

 [[290  31]]

 [[291  31]]

 [[292  31]]

 [[293  31]]

 [[294  31]]

 [[295  31]]

 [[296  31]]

 [[297  31]]

 [[298  31]]

 [[299  31]]

 [[300  31]]

 [[301  31]]

 [[302  32]]

 [[303  32]]

 [[304  32]]

 [[305  32]]

 [[306  32]]

 [[307  32]]

 [[308  33]]

 [[309  33]]

 [[310  33]]

 [[311  33]]

 [[312  34]]

 [[313  35]]

 [[314  36]]

 [[313  37]]

 [[312  37]]

 [[311  38]]

 [[310  38]]

 [[309  38]]

 [[308  38]]

 [[307  38]]

 [[306  38]]

 [[305  38]]

 [[304  38]]

 [[303  38]]

 [[302  38]]

 [[301  38]]

 [[300  38]]

 [[299  37]]

 [[298  37]]

 [[297  37]]

 [[296  37]]

 [[295  37]]

 [[295  38]]

 [[296  38]]

 [[297  38]]

 [[298  39]]

 [[299  39]]

 [[300  39]]

 [[301  40]]

 [[302  40]]

 [[303  40]]

 [[304  40]]

 [[305  40]]

 [[306  40]]

 [[307  40]]

 [[308  40]]

 [[309  40]]

 [[310  40]]

 [[311  39]]

 [[312  39]]

 [[313  38]]

 [[314  38]]

 [[315  39]]

 [[316  40]]

 [[316  41]]

 [[316  42]]

 [[316  43]]

 [[316  44]]

 [[316  45]]

 [[316  46]]

 [[316  47]]

 [[316  48]]

 [[316  49]]

 [[316  50]]

 [[316  51]]

 [[316  52]]

 [[316  53]]

 [[316  54]]

 [[316  55]]

 [[316  56]]

 [[316  57]]

 [[316  58]]

 [[316  59]]

 [[316  60]]

 [[316  61]]

 [[316  62]]

 [[316  63]]

 [[316  64]]

 [[316  65]]

 [[316  66]]

 [[316  67]]

 [[316  68]]

 [[316  69]]

 [[316  70]]

 [[316  71]]

 [[316  72]]

 [[316  73]]

 [[316  74]]

 [[316  75]]

 [[316  76]]

 [[316  77]]

 [[316  78]]

 [[316  79]]

 [[316  80]]

 [[316  81]]

 [[316  82]]

 [[316  83]]

 [[316  84]]

 [[316  85]]

 [[316  86]]

 [[315  87]]

 [[315  88]]

 [[315  89]]

 [[316  90]]

 [[316  91]]

 [[316  92]]

 [[316  93]]

 [[316  94]]

 [[316  95]]

 [[316  96]]

 [[316  97]]

 [[316  98]]

 [[316  99]]

 [[316 100]]

 [[316 101]]

 [[315 102]]

 [[314 103]]

 [[313 104]]

 [[312 104]]

 [[311 104]]

 [[310 104]]

 [[309 104]]

 [[308 103]]

 [[307 103]]

 [[306 103]]

 [[305 104]]

 [[304 104]]

 [[303 103]]

 [[302 103]]

 [[301 104]]

 [[300 104]]

 [[299 105]]

 [[298 105]]

 [[297 105]]

 [[296 105]]

 [[295 105]]

 [[294 104]]

 [[293 104]]

 [[292 104]]

 [[291 103]]

 [[290 102]]

 [[289 102]]

 [[288 103]]

 [[287 103]]

 [[286 103]]

 [[285 103]]

 [[284 103]]

 [[283 102]]

 [[282 102]]

 [[281 101]]

 [[280 101]]

 [[279 100]]

 [[278 100]]

 [[277  99]]

 [[276  99]]

 [[275  99]]

 [[274  99]]

 [[273  98]]

 [[272  97]]

 [[271  96]]

 [[270  95]]

 [[269  94]]

 [[269  93]]

 [[269  92]]

 [[269  91]]

 [[270  90]]

 [[270  89]]

 [[270  88]]

 [[270  87]]

 [[271  86]]

 [[271  85]]

 [[271  84]]

 [[271  83]]

 [[271  82]]

 [[272  81]]

 [[272  80]]

 [[272  79]]

 [[272  78]]

 [[272  77]]

 [[272  76]]

 [[272  75]]

 [[272  74]]

 [[272  73]]

 [[272  72]]

 [[271  71]]

 [[271  70]]

 [[271  69]]

 [[270  68]]

 [[270  67]]

 [[270  66]]

 [[271  65]]

 [[271  64]]

 [[270  63]]

 [[270  62]]

 [[269  61]]

 [[268  60]]

 [[268  59]]

 [[267  58]]

 [[267  57]]

 [[267  56]]

 [[267  55]]

 [[268  54]]

 [[268  53]]

 [[269  52]]

 [[269  51]]

 [[269  50]]

 [[270  49]]

 [[271  49]]

 [[272  48]]

 [[273  48]]

 [[274  47]]

 [[274  46]]

 [[274  45]]

 [[274  44]]

 [[274  43]]

 [[274  42]]

 [[274  41]]

 [[274  40]]

 [[274  39]]

 [[274  38]]

 [[274  37]]

 [[274  36]]

 [[275  35]]

 [[276  34]]

 [[277  33]]]
[[[  0   0]]

 [[376  26]]

 [[376  27]]

 [[376  28]]

 [[376  29]]

 [[376  30]]

 [[376  31]]

 [[377  31]]

 [[378  32]]

 [[379  32]]

 [[380  32]]

 [[381  32]]

 [[382  32]]

 [[383  32]]

 [[384  33]]

 [[385  33]]

 [[386  33]]

 [[387  33]]

 [[388  33]]

 [[389  34]]

 [[390  34]]

 [[391  34]]

 [[392  34]]

 [[393  34]]

 [[394  34]]

 [[395  34]]

 [[396  34]]

 [[397  34]]

 [[398  35]]

 [[399  35]]

 [[400  35]]

 [[401  35]]

 [[402  35]]

 [[403  36]]

 [[404  36]]

 [[405  36]]

 [[406  37]]

 [[407  37]]

 [[408  37]]

 [[409  38]]

 [[410  38]]

 [[411  38]]

 [[412  38]]

 [[413  38]]

 [[414  39]]

 [[415  39]]

 [[416  39]]

 [[417  39]]

 [[418  40]]

 [[419  40]]

 [[420  40]]

 [[421  40]]

 [[422  40]]

 [[423  40]]

 [[424  41]]

 [[425  41]]

 [[426  41]]

 [[427  41]]

 [[427  40]]

 [[428  39]]

 [[429  40]]

 [[430  41]]

 [[431  41]]

 [[432  41]]

 [[433  41]]

 [[434  42]]

 [[435  42]]

 [[436  43]]

 [[437  43]]

 [[438  43]]

 [[439  44]]

 [[440  44]]

 [[441  44]]

 [[442  45]]

 [[443  45]]

 [[444  45]]

 [[445  45]]

 [[446  45]]

 [[447  46]]

 [[448  46]]

 [[449  46]]

 [[450  46]]

 [[451  46]]

 [[452  46]]

 [[453  46]]

 [[454  46]]

 [[455  45]]

 [[456  44]]

 [[456  43]]

 [[456  42]]

 [[456  41]]

 [[456  40]]

 [[455  39]]

 [[454  39]]

 [[453  39]]

 [[452  39]]

 [[451  39]]

 [[450  39]]

 [[449  38]]

 [[448  38]]

 [[447  38]]

 [[446  38]]

 [[445  37]]

 [[444  37]]

 [[443  37]]

 [[442  37]]

 [[441  37]]

 [[440  37]]

 [[439  37]]

 [[438  36]]

 [[437  36]]

 [[436  36]]

 [[435  36]]

 [[434  35]]

 [[433  35]]

 [[432  35]]

 [[431  36]]

 [[430  36]]

 [[429  36]]

 [[428  35]]

 [[428  34]]

 [[427  33]]

 [[426  33]]

 [[425  34]]

 [[424  34]]

 [[423  35]]

 [[422  35]]

 [[421  35]]

 [[420  35]]

 [[419  35]]

 [[418  35]]

 [[417  35]]

 [[416  34]]

 [[415  34]]

 [[414  34]]

 [[413  34]]

 [[412  34]]

 [[411  33]]

 [[410  33]]

 [[409  33]]

 [[408  33]]

 [[407  32]]

 [[406  32]]

 [[405  32]]

 [[404  31]]

 [[403  30]]

 [[402  29]]

 [[401  28]]

 [[400  27]]

 [[399  27]]

 [[398  27]]

 [[397  28]]

 [[396  28]]

 [[395  28]]

 [[394  28]]

 [[393  28]]

 [[392  28]]

 [[391  27]]

 [[390  27]]

 [[389  27]]

 [[388  27]]

 [[387  27]]

 [[386  27]]

 [[385  27]]

 [[384  27]]

 [[383  27]]

 [[382  27]]

 [[381  26]]

 [[380  26]]

 [[379  26]]

 [[378  25]]]
[[[  0   0]]

 [[553   8]]

 [[553   9]]

 [[552  10]]

 [[551  11]]

 [[550  10]]

 [[550   9]]

 [[549   9]]

 [[548  10]]

 [[548  11]]

 [[548  12]]

 [[549  13]]

 [[549  14]]

 [[550  15]]

 [[551  15]]

 [[552  15]]

 [[553  16]]

 [[554  17]]

 [[555  18]]

 [[556  18]]

 [[557  19]]

 [[557  20]]

 [[557  21]]

 [[558  21]]

 [[559  21]]

 [[560  21]]

 [[561  21]]

 [[562  21]]

 [[563  21]]

 [[564  21]]

 [[565  21]]

 [[566  21]]

 [[567  21]]

 [[568  21]]

 [[569  21]]

 [[570  22]]

 [[571  23]]

 [[572  24]]

 [[573  24]]

 [[574  24]]

 [[575  24]]

 [[576  24]]

 [[577  24]]

 [[578  24]]

 [[579  25]]

 [[580  25]]

 [[581  26]]

 [[582  26]]

 [[583  26]]

 [[584  26]]

 [[585  26]]

 [[586  26]]

 [[587  26]]

 [[588  25]]

 [[588  24]]

 [[589  23]]

 [[590  23]]

 [[591  24]]

 [[592  23]]

 [[593  23]]

 [[593  22]]

 [[594  21]]

 [[595  22]]

 [[596  22]]

 [[597  21]]

 [[598  21]]

 [[599  22]]

 [[600  22]]

 [[601  22]]

 [[602  23]]

 [[603  23]]

 [[604  23]]

 [[605  23]]

 [[606  22]]

 [[607  22]]

 [[608  21]]

 [[609  21]]

 [[610  21]]

 [[611  21]]

 [[612  21]]

 [[613  21]]

 [[614  20]]

 [[613  19]]

 [[613  18]]

 [[612  18]]

 [[611  17]]

 [[610  17]]

 [[609  17]]

 [[608  17]]

 [[607  17]]

 [[606  17]]

 [[605  18]]

 [[604  18]]

 [[603  18]]

 [[602  18]]

 [[601  19]]

 [[600  19]]

 [[599  20]]

 [[598  20]]

 [[597  20]]

 [[596  20]]

 [[595  20]]

 [[594  19]]

 [[593  19]]

 [[592  18]]

 [[591  18]]

 [[590  18]]

 [[589  18]]

 [[588  18]]

 [[587  18]]

 [[586  18]]

 [[585  17]]

 [[584  18]]

 [[583  17]]

 [[582  17]]

 [[581  17]]

 [[580  16]]

 [[579  16]]

 [[578  16]]

 [[577  16]]

 [[576  17]]

 [[575  18]]

 [[574  18]]

 [[573  17]]

 [[572  16]]

 [[571  17]]

 [[570  17]]

 [[569  16]]

 [[568  16]]

 [[567  16]]

 [[566  15]]

 [[565  15]]

 [[564  14]]

 [[563  14]]

 [[562  14]]

 [[561  14]]

 [[560  14]]

 [[559  15]]

 [[558  15]]

 [[557  16]]

 [[556  16]]

 [[555  15]]

 [[554  15]]

 [[553  14]]

 [[553  13]]

 [[553  12]]

 [[554  11]]

 [[555  10]]

 [[555   9]]

 [[554   8]]

 [[554   7]]]
[[[  0   0]]

 [[241   6]]

 [[240   6]]

 [[239   6]]

 [[238   6]]

 [[237   7]]

 [[236   7]]

 [[235   8]]

 [[234   8]]

 [[233   8]]

 [[232   8]]

 [[231   9]]

 [[230   9]]

 [[229   9]]

 [[228   9]]

 [[229  10]]

 [[230  11]]

 [[230  12]]

 [[230  13]]

 [[231  12]]

 [[232  12]]

 [[233  12]]

 [[234  11]]

 [[235  11]]

 [[236  10]]

 [[237  11]]

 [[238  10]]

 [[239  10]]

 [[240  10]]

 [[241  11]]

 [[241  12]]

 [[241  13]]

 [[240  14]]

 [[239  15]]

 [[239  16]]

 [[239  17]]

 [[239  18]]

 [[238  19]]

 [[237  20]]

 [[238  21]]

 [[238  22]]

 [[239  22]]

 [[240  21]]

 [[241  20]]

 [[240  19]]

 [[241  18]]

 [[241  17]]

 [[242  16]]

 [[243  16]]

 [[244  16]]

 [[245  16]]

 [[245  15]]

 [[246  14]]

 [[247  13]]

 [[248  12]]

 [[249  13]]

 [[250  14]]

 [[251  14]]

 [[252  13]]

 [[253  12]]

 [[254  11]]

 [[255  12]]

 [[255  13]]

 [[256  14]]

 [[257  14]]

 [[258  14]]

 [[259  14]]

 [[260  14]]

 [[261  14]]

 [[262  15]]

 [[263  15]]

 [[264  15]]

 [[265  15]]

 [[266  15]]

 [[266  14]]

 [[266  13]]

 [[266  12]]

 [[266  11]]

 [[266  10]]

 [[266   9]]

 [[265   8]]

 [[265   7]]

 [[264   6]]

 [[264   5]]

 [[263   6]]

 [[262   6]]

 [[261   6]]

 [[260   6]]

 [[259   7]]

 [[258   7]]

 [[257   8]]

 [[256   8]]

 [[255   8]]

 [[254   8]]

 [[253   8]]

 [[252   8]]

 [[251   7]]

 [[250   7]]

 [[249   8]]

 [[248   8]]

 [[247   8]]

 [[246   8]]

 [[245   7]]

 [[245   6]]

 [[245   5]]

 [[244   5]]

 [[243   5]]]
[[[  0   0]]

 [[392   1]]

 [[393   1]]

 ..., 
 [[394   1]]

 [[393   1]]

 [[392   1]]]
[[[  0   0]]

 [[494  25]]

 [[495  25]]

 [[496  25]]

 [[497  25]]

 [[498  25]]

 [[499  25]]

 [[500  25]]

 [[501  25]]

 [[502  25]]

 [[503  25]]

 [[504  26]]

 [[505  26]]

 [[506  26]]

 [[507  26]]

 [[508  26]]

 [[509  27]]

 [[510  27]]

 [[511  27]]

 [[512  28]]

 [[513  28]]

 [[514  28]]

 [[515  28]]

 [[516  28]]

 [[517  28]]

 [[518  29]]

 [[519  30]]

 [[520  31]]

 [[520  32]]

 [[520  33]]

 [[520  34]]

 [[520  35]]

 [[519  36]]

 [[519  37]]

 [[519  38]]

 [[518  39]]

 [[517  40]]

 [[516  41]]

 [[515  41]]

 [[514  42]]

 [[513  41]]

 [[512  41]]

 [[511  41]]

 [[510  40]]

 [[509  40]]

 [[508  40]]

 [[507  39]]

 [[506  39]]

 [[505  39]]

 [[504  38]]

 [[503  38]]

 [[502  38]]

 [[501  38]]

 [[500  38]]

 [[499  38]]

 [[498  38]]

 [[497  37]]

 [[496  37]]

 [[495  37]]

 [[494  36]]

 [[493  35]]

 [[493  34]]

 [[493  33]]

 [[493  32]]

 [[494  31]]

 [[493  30]]

 [[493  29]]

 [[493  28]]

 [[493  27]]]
[[[  0   0]]

 [[466  16]]

 [[467  16]]

 [[468  16]]

 [[469  16]]

 [[470  17]]

 [[471  17]]

 [[472  18]]

 [[473  18]]

 [[474  18]]

 [[475  19]]

 [[476  19]]

 [[477  19]]

 [[478  19]]

 [[479  20]]

 [[480  20]]

 [[481  20]]

 [[482  20]]

 [[483  21]]

 [[484  21]]

 [[485  21]]

 [[486  22]]

 [[487  22]]

 [[488  23]]

 [[489  23]]

 [[490  24]]

 [[491  25]]

 [[491  26]]

 [[491  27]]

 [[491  28]]

 [[491  29]]

 [[491  30]]

 [[491  31]]

 [[490  32]]

 [[490  33]]

 [[489  34]]

 [[488  34]]

 [[487  34]]

 [[486  34]]

 [[485  34]]

 [[484  33]]

 [[483  33]]

 [[482  33]]

 [[481  33]]

 [[480  33]]

 [[479  33]]

 [[478  32]]

 [[477  32]]

 [[476  32]]

 [[475  32]]

 [[474  31]]

 [[473  31]]

 [[472  31]]

 [[471  31]]

 [[470  30]]

 [[469  30]]

 [[468  30]]

 [[467  29]]

 [[466  29]]

 [[465  29]]

 [[464  29]]

 [[463  28]]

 [[462  27]]

 [[462  26]]

 [[462  25]]

 [[462  24]]

 [[462  23]]

 [[463  22]]

 [[462  21]]

 [[463  20]]

 [[463  19]]

 [[464  18]]]
