[[[  0   0]]

 [[515   2]]

 [[514   3]]

 ..., 
 [[518   1]]

 [[517   1]]

 [[516   1]]]
[[[  0   0]]

 [[515   3]]

 [[516   3]]

 [[517   3]]

 [[518   4]]

 [[519   4]]

 [[520   4]]

 [[521   4]]

 [[522   4]]

 [[523   4]]

 [[524   4]]

 [[525   4]]

 [[526   4]]

 [[527   4]]

 [[528   4]]

 [[529   4]]

 [[530   4]]

 [[531   4]]

 [[532   5]]

 [[533   5]]

 [[534   6]]

 [[535   7]]

 [[535   8]]

 [[535   9]]

 [[535  10]]

 [[535  11]]

 [[534  12]]

 [[533  12]]

 [[532  12]]

 [[532  13]]

 [[533  14]]

 [[534  14]]

 [[535  15]]

 [[536  16]]

 [[535  17]]

 [[534  18]]

 [[533  18]]

 [[532  17]]

 [[531  17]]

 [[530  17]]

 [[529  17]]

 [[529  18]]

 [[529  19]]

 [[529  20]]

 [[528  21]]

 [[527  21]]

 [[527  22]]

 [[526  23]]

 [[525  23]]

 [[524  23]]

 [[523  23]]

 [[522  23]]

 [[521  22]]

 [[521  21]]

 [[521  20]]

 [[521  19]]

 [[520  18]]

 [[520  17]]

 [[520  16]]

 [[520  15]]

 [[520  14]]

 [[519  13]]

 [[518  13]]

 [[517  13]]

 [[516  13]]

 [[515  13]]

 [[514  12]]

 [[513  12]]

 [[512  11]]

 [[511  10]]

 [[511   9]]

 [[511   8]]

 [[512   7]]

 [[512   6]]

 [[513   5]]]
[[[  0   0]]

 [[415   2]]

 [[415   3]]

 [[414   4]]

 [[414   5]]

 [[414   6]]

 [[414   7]]

 [[414   8]]

 [[414   9]]

 [[414  10]]

 [[414  11]]

 [[414  12]]

 [[414  13]]

 [[414  14]]

 [[415  15]]

 [[415  16]]

 [[415  17]]

 [[416  18]]

 [[416  19]]

 [[415  20]]

 [[414  20]]

 [[413  21]]

 [[413  22]]

 [[412  23]]

 [[411  24]]

 [[410  25]]

 [[409  26]]

 [[408  27]]

 [[408  28]]

 [[408  29]]

 [[407  30]]

 [[407  31]]

 [[407  32]]

 [[407  33]]

 [[407  34]]

 [[407  35]]

 [[407  36]]

 [[408  37]]

 [[409  38]]

 [[410  38]]

 [[411  38]]

 [[411  37]]

 [[411  36]]

 [[410  35]]

 [[410  34]]

 [[409  33]]

 [[409  32]]

 [[409  31]]

 [[409  30]]

 [[410  29]]

 [[410  28]]

 [[411  27]]

 [[412  26]]

 [[412  25]]

 [[413  24]]

 [[413  23]]

 [[414  22]]

 [[415  21]]

 [[416  20]]

 [[417  20]]

 [[418  19]]

 [[419  19]]

 [[420  20]]

 [[420  21]]

 [[420  22]]

 [[420  23]]

 [[419  24]]

 [[418  25]]

 [[418  26]]

 [[419  26]]

 [[420  27]]

 [[420  26]]

 [[420  25]]

 [[420  24]]

 [[420  23]]

 [[421  22]]

 [[421  21]]

 [[421  20]]

 [[421  19]]

 [[422  18]]

 [[423  17]]

 [[424  16]]

 [[425  17]]

 [[426  17]]

 [[427  17]]

 [[428  17]]

 [[429  18]]

 [[430  19]]

 [[430  20]]

 [[430  21]]

 [[430  22]]

 [[429  23]]

 [[429  24]]

 [[429  25]]

 [[429  26]]

 [[429  27]]

 [[430  27]]

 [[431  26]]

 [[431  25]]

 [[432  24]]

 [[433  24]]

 [[434  25]]

 [[434  26]]

 [[434  27]]

 [[434  28]]

 [[434  29]]

 [[435  30]]

 [[435  31]]

 [[434  32]]

 [[433  32]]

 [[433  33]]

 [[432  34]]

 [[431  35]]

 [[431  36]]

 [[432  37]]

 [[433  37]]

 [[434  38]]

 [[435  39]]

 [[436  40]]

 [[437  41]]

 [[437  42]]

 [[438  42]]

 [[439  42]]

 [[440  43]]

 [[441  43]]

 [[442  44]]

 [[443  44]]

 [[444  44]]

 [[445  44]]

 [[446  45]]

 [[447  46]]

 [[447  47]]

 [[446  48]]

 [[447  49]]

 [[447  50]]

 [[448  51]]

 [[448  52]]

 [[449  53]]

 [[449  52]]

 [[449  51]]

 [[450  50]]

 [[451  49]]

 [[451  48]]

 [[451  47]]

 [[452  46]]

 [[453  46]]

 [[454  45]]

 [[453  44]]

 [[453  43]]

 [[453  42]]

 [[453  41]]

 [[454  40]]

 [[455  40]]

 [[456  39]]

 [[457  39]]

 [[457  38]]

 [[457  37]]

 [[456  36]]

 [[455  36]]

 [[454  36]]

 [[453  35]]

 [[452  34]]

 [[451  34]]

 [[450  35]]

 [[450  36]]

 [[450  37]]

 [[449  38]]

 [[448  38]]

 [[447  37]]

 [[447  36]]

 [[446  35]]

 [[445  34]]

 [[445  35]]

 [[445  36]]

 [[445  37]]

 [[445  38]]

 [[445  39]]

 [[445  40]]

 [[444  41]]

 [[443  41]]

 [[442  41]]

 [[441  42]]

 [[440  42]]

 [[439  41]]

 [[438  40]]

 [[438  39]]

 [[438  38]]

 [[439  37]]

 [[440  36]]

 [[441  36]]

 [[442  35]]

 [[442  34]]

 [[442  33]]

 [[441  32]]

 [[440  32]]

 [[439  32]]

 [[438  31]]

 [[437  30]]

 [[437  29]]

 [[437  28]]

 [[437  27]]

 [[437  26]]

 [[437  25]]

 [[438  24]]

 [[437  24]]

 [[436  23]]

 [[435  23]]

 [[435  24]]

 [[434  25]]

 [[433  24]]

 [[433  23]]

 [[433  22]]

 [[433  21]]

 [[433  20]]

 [[433  19]]

 [[433  18]]

 [[434  17]]

 [[435  18]]

 [[435  19]]

 [[435  20]]

 [[435  21]]

 [[435  20]]

 [[435  19]]

 [[435  18]]

 [[435  17]]

 [[435  16]]

 [[436  15]]

 [[436  14]]

 [[436  13]]

 [[436  12]]

 [[436  11]]

 [[435  10]]

 [[435   9]]

 [[434   8]]

 [[434   7]]

 [[434   6]]

 [[434   5]]

 [[434   4]]

 [[435   3]]

 [[435   2]]

 [[435   1]]

 [[434   1]]

 [[433   1]]

 [[432   1]]

 [[431   1]]

 [[430   1]]

 [[429   1]]

 [[428   1]]

 [[427   1]]

 [[426   1]]

 [[425   1]]

 [[424   1]]

 [[424   2]]

 [[425   3]]

 [[426   3]]

 [[427   2]]

 [[428   2]]

 [[429   1]]

 [[430   2]]

 [[430   3]]

 [[430   4]]

 [[429   5]]

 [[429   6]]

 [[429   7]]

 [[429   8]]

 [[429   9]]

 [[430   9]]

 [[431  10]]

 [[431  11]]

 [[431  12]]

 [[431  13]]

 [[431  14]]

 [[430  15]]

 [[429  15]]

 [[428  16]]

 [[427  16]]

 [[426  16]]

 [[425  16]]

 [[424  16]]

 [[423  15]]

 [[422  15]]

 [[421  15]]

 [[420  15]]

 [[419  15]]

 [[418  14]]

 [[417  13]]

 [[416  12]]

 [[416  11]]

 [[416  10]]

 [[416   9]]

 [[417   8]]

 [[417   7]]

 [[417   6]]

 [[417   5]]

 [[417   4]]

 [[418   3]]

 [[418   2]]

 [[418   1]]

 [[417   1]]

 [[416   1]]]
