[[[  0   0]]

 [[ 55 109]]

 [[ 54 110]]

 [[ 53 110]]

 [[ 52 110]]

 [[ 52 111]]

 [[ 53 112]]

 [[ 54 113]]

 [[ 55 113]]

 [[ 56 113]]

 [[ 57 114]]

 [[ 58 114]]

 [[ 59 114]]

 [[ 60 114]]

 [[ 61 114]]

 [[ 62 115]]

 [[ 63 115]]

 [[ 64 115]]

 [[ 65 116]]

 [[ 66 116]]

 [[ 67 117]]

 [[ 68 117]]

 [[ 69 117]]

 [[ 70 117]]

 [[ 71 118]]

 [[ 72 119]]

 [[ 72 120]]

 [[ 73 121]]

 [[ 74 122]]

 [[ 75 122]]

 [[ 76 123]]

 [[ 77 124]]

 [[ 78 124]]

 [[ 79 124]]

 [[ 80 123]]

 [[ 81 123]]

 [[ 82 124]]

 [[ 83 125]]

 [[ 84 126]]

 [[ 84 127]]

 [[ 85 127]]

 [[ 86 127]]

 [[ 87 128]]

 [[ 87 129]]

 [[ 87 130]]

 [[ 88 131]]

 [[ 89 131]]

 [[ 90 131]]

 [[ 91 132]]

 [[ 91 133]]

 [[ 92 133]]

 [[ 93 133]]

 [[ 94 133]]

 [[ 95 133]]

 [[ 96 132]]

 [[ 97 133]]

 [[ 97 134]]

 [[ 97 135]]

 [[ 98 136]]

 [[ 99 136]]

 [[100 135]]

 [[101 135]]

 [[102 136]]

 [[103 137]]

 [[103 138]]

 [[104 138]]

 [[105 139]]

 [[106 139]]

 [[107 140]]

 [[107 141]]

 [[108 142]]

 [[108 143]]

 [[109 144]]

 [[110 145]]

 [[111 145]]

 [[112 145]]

 [[113 145]]

 [[114 145]]

 [[115 145]]

 [[116 146]]

 [[117 147]]

 [[118 148]]

 [[118 149]]

 [[119 150]]

 [[120 151]]

 [[121 152]]

 [[122 153]]

 [[123 154]]

 [[123 155]]

 [[124 156]]

 [[124 157]]

 [[124 158]]

 [[125 159]]

 [[125 160]]

 [[124 161]]

 [[125 162]]

 [[126 163]]

 [[127 164]]

 [[128 164]]

 [[129 165]]

 [[129 166]]

 [[130 167]]

 [[130 168]]

 [[130 169]]

 [[130 170]]

 [[130 171]]

 [[130 172]]

 [[129 173]]

 [[128 174]]

 [[128 175]]

 [[128 176]]

 [[128 177]]

 [[129 178]]

 [[128 179]]

 [[127 180]]

 [[127 181]]

 [[126 182]]

 [[127 182]]

 [[128 183]]

 [[129 184]]

 [[129 185]]

 [[129 186]]

 [[129 187]]

 [[129 188]]

 [[129 189]]

 [[129 190]]

 [[130 191]]

 [[130 192]]

 [[130 193]]

 [[129 194]]

 [[129 195]]

 [[128 196]]

 [[127 197]]

 [[127 198]]

 [[126 199]]

 [[125 199]]

 [[124 198]]

 [[123 197]]

 [[122 196]]

 [[121 197]]

 [[120 197]]

 [[119 197]]

 [[118 197]]

 [[117 196]]

 [[116 197]]

 [[115 197]]

 [[114 198]]

 [[114 199]]

 [[113 200]]

 [[112 200]]

 [[111 201]]

 [[111 202]]

 [[112 202]]

 [[113 202]]

 [[114 202]]

 [[115 203]]

 [[116 203]]

 [[117 203]]

 [[118 203]]

 [[119 203]]

 [[120 203]]

 [[121 203]]

 [[122 203]]

 [[123 202]]

 [[124 202]]

 [[125 202]]

 [[126 202]]

 [[127 203]]

 [[127 204]]

 [[128 205]]

 [[128 206]]

 [[128 207]]

 [[129 208]]

 [[129 209]]

 [[129 210]]

 [[129 211]]

 [[130 212]]

 [[130 213]]

 [[130 214]]

 [[130 215]]

 [[129 216]]

 [[129 217]]

 [[129 218]]

 [[128 219]]

 [[127 220]]

 [[127 221]]

 [[126 222]]

 [[125 222]]

 [[125 223]]

 [[125 224]]

 [[125 225]]

 [[124 226]]

 [[123 226]]

 [[123 227]]

 [[124 228]]

 [[123 229]]

 [[122 229]]

 [[122 230]]

 [[121 231]]

 [[121 232]]

 [[121 233]]

 [[122 233]]

 [[123 234]]

 [[124 235]]

 [[125 236]]

 [[125 237]]

 [[124 238]]

 [[123 238]]

 [[123 239]]

 [[122 240]]

 [[122 241]]

 [[121 242]]

 [[121 243]]

 [[121 244]]

 [[122 245]]

 [[122 246]]

 [[123 247]]

 [[123 248]]

 [[123 249]]

 [[123 250]]

 [[123 251]]

 [[124 252]]

 [[124 253]]

 [[123 254]]

 [[122 255]]

 [[121 256]]

 [[121 257]]

 [[121 258]]

 [[122 258]]

 [[123 258]]

 [[124 258]]

 [[125 258]]

 [[126 258]]

 [[127 258]]

 [[128 258]]

 [[129 258]]

 [[130 258]]

 [[131 258]]

 [[132 258]]

 [[133 258]]

 [[134 258]]

 [[135 258]]

 [[136 258]]

 [[136 257]]

 [[136 256]]

 [[136 255]]

 [[136 254]]

 [[136 253]]

 [[135 252]]

 [[135 251]]

 [[135 250]]

 [[135 249]]

 [[135 248]]

 [[135 247]]

 [[135 246]]

 [[136 245]]

 [[136 244]]

 [[136 243]]

 [[136 242]]

 [[136 241]]

 [[136 240]]

 [[136 239]]

 [[137 238]]

 [[136 237]]

 [[136 236]]

 [[136 235]]

 [[136 234]]

 [[136 233]]

 [[136 232]]

 [[136 231]]

 [[136 230]]

 [[136 229]]

 [[136 228]]

 [[135 227]]

 [[135 226]]

 [[135 225]]

 [[135 224]]

 [[136 223]]

 [[136 222]]

 [[136 221]]

 [[137 220]]

 [[137 219]]

 [[137 218]]

 [[137 217]]

 [[137 216]]

 [[138 215]]

 [[138 214]]

 [[138 213]]

 [[138 212]]

 [[139 211]]

 [[139 210]]

 [[138 209]]

 [[138 208]]

 [[138 207]]

 [[138 206]]

 [[138 205]]

 [[139 204]]

 [[139 203]]

 [[140 202]]

 [[140 201]]

 [[140 200]]

 [[140 199]]

 [[141 198]]

 [[140 197]]

 [[139 196]]

 [[138 195]]

 [[138 194]]

 [[138 193]]

 [[138 192]]

 [[138 191]]

 [[138 190]]

 [[138 189]]

 [[138 188]]

 [[137 187]]

 [[137 186]]

 [[137 185]]

 [[137 184]]

 [[137 183]]

 [[137 182]]

 [[136 181]]

 [[136 180]]

 [[135 179]]

 [[135 178]]

 [[135 177]]

 [[135 176]]

 [[136 175]]

 [[136 174]]

 [[137 173]]

 [[137 172]]

 [[137 171]]

 [[137 170]]

 [[137 169]]

 [[137 168]]

 [[136 167]]

 [[135 166]]

 [[135 165]]

 [[134 164]]

 [[133 163]]

 [[133 162]]

 [[133 161]]

 [[133 160]]

 [[132 159]]

 [[131 158]]

 [[130 157]]

 [[130 156]]

 [[129 155]]

 [[129 154]]

 [[129 153]]

 [[129 152]]

 [[128 152]]

 [[127 151]]

 [[126 150]]

 [[126 149]]

 [[125 148]]

 [[125 147]]

 [[124 147]]

 [[123 147]]

 [[122 146]]

 [[122 145]]

 [[122 144]]

 [[121 143]]

 [[120 142]]

 [[119 142]]

 [[118 141]]

 [[117 140]]

 [[117 139]]

 [[116 139]]

 [[115 139]]

 [[114 139]]

 [[113 138]]

 [[112 137]]

 [[111 136]]

 [[110 136]]

 [[109 135]]

 [[108 135]]

 [[107 134]]

 [[106 133]]

 [[105 132]]

 [[104 131]]

 [[103 131]]

 [[102 131]]

 [[101 131]]

 [[100 131]]

 [[ 99 131]]

 [[ 98 130]]

 [[ 97 129]]

 [[ 97 128]]

 [[ 97 127]]

 [[ 96 127]]

 [[ 95 127]]

 [[ 94 127]]

 [[ 93 126]]

 [[ 92 126]]

 [[ 91 126]]

 [[ 90 125]]

 [[ 89 125]]

 [[ 88 124]]

 [[ 87 124]]

 [[ 86 124]]

 [[ 85 123]]

 [[ 85 122]]

 [[ 84 121]]

 [[ 84 120]]

 [[ 83 120]]

 [[ 82 120]]

 [[ 81 121]]

 [[ 80 121]]

 [[ 79 122]]

 [[ 78 122]]

 [[ 77 121]]

 [[ 77 120]]

 [[ 76 119]]

 [[ 76 118]]

 [[ 77 117]]

 [[ 76 117]]

 [[ 75 116]]

 [[ 74 116]]

 [[ 73 116]]

 [[ 72 116]]

 [[ 71 115]]

 [[ 71 114]]

 [[ 70 113]]

 [[ 69 114]]

 [[ 68 114]]

 [[ 67 114]]

 [[ 66 114]]

 [[ 65 113]]

 [[ 64 113]]

 [[ 63 112]]

 [[ 62 111]]

 [[ 61 111]]

 [[ 60 111]]

 [[ 59 111]]

 [[ 58 110]]

 [[ 57 109]]]
[[[ 0  0]]

 [[54 43]]

 [[53 44]]

 ..., 
 [[58 43]]

 [[57 42]]

 [[56 42]]]
