[[[  0   0]]

 [[520 203]]

 [[519 203]]

 [[519 204]]

 [[518 205]]

 [[517 206]]

 [[516 207]]

 [[516 208]]

 [[517 209]]

 [[518 210]]

 [[518 211]]

 [[518 212]]

 [[519 213]]

 [[520 214]]

 [[521 214]]

 [[522 214]]

 [[523 215]]

 [[524 215]]

 [[525 215]]

 [[526 215]]

 [[527 216]]

 [[528 216]]

 [[529 216]]

 [[530 217]]

 [[531 218]]

 [[532 219]]

 [[532 220]]

 [[533 221]]

 [[534 222]]

 [[535 222]]

 [[536 221]]

 [[537 221]]

 [[538 220]]

 [[539 221]]

 [[540 221]]

 [[541 220]]

 [[542 220]]

 [[543 219]]

 [[544 219]]

 [[545 220]]

 [[545 221]]

 [[546 222]]

 [[547 222]]

 [[548 223]]

 [[548 224]]

 [[549 225]]

 [[550 226]]

 [[550 227]]

 [[550 228]]

 [[551 228]]

 [[552 227]]

 [[552 226]]

 [[552 225]]

 [[551 224]]

 [[551 223]]

 [[551 222]]

 [[551 221]]

 [[551 220]]

 [[552 219]]

 [[553 218]]

 [[554 218]]

 [[554 217]]

 [[553 216]]

 [[552 215]]

 [[552 216]]

 [[551 217]]

 [[551 218]]

 [[550 219]]

 [[549 219]]

 [[548 220]]

 [[547 219]]

 [[547 218]]

 [[546 217]]

 [[546 216]]

 [[545 215]]

 [[544 214]]

 [[543 214]]

 [[542 213]]

 [[541 213]]

 [[540 213]]

 [[539 213]]

 [[538 214]]

 [[537 214]]

 [[536 214]]

 [[535 214]]

 [[534 214]]

 [[533 214]]

 [[532 214]]

 [[531 213]]

 [[530 213]]

 [[529 212]]

 [[528 212]]

 [[527 211]]

 [[527 210]]

 [[526 209]]

 [[526 208]]

 [[525 207]]

 [[525 206]]

 [[524 205]]

 [[523 204]]

 [[522 203]]]
[[[  0   0]]

 [[523 162]]

 [[522 162]]

 [[522 163]]

 [[522 164]]

 [[522 165]]

 [[522 166]]

 [[521 167]]

 [[521 168]]

 [[520 169]]

 [[521 170]]

 [[521 171]]

 [[521 172]]

 [[521 173]]

 [[520 174]]

 [[521 175]]

 [[521 176]]

 [[521 177]]

 [[522 178]]

 [[522 179]]

 [[523 180]]

 [[524 180]]

 [[525 181]]

 [[526 182]]

 [[527 183]]

 [[527 184]]

 [[528 185]]

 [[529 185]]

 [[530 186]]

 [[531 187]]

 [[532 187]]

 [[533 188]]

 [[534 188]]

 [[535 189]]

 [[536 189]]

 [[537 189]]

 [[538 190]]

 [[539 190]]

 [[540 190]]

 [[541 190]]

 [[542 191]]

 [[543 191]]

 [[544 192]]

 [[545 192]]

 [[546 192]]

 [[547 192]]

 [[548 193]]

 [[549 193]]

 [[550 193]]

 [[551 193]]

 [[552 193]]

 [[553 194]]

 [[554 194]]

 [[555 194]]

 [[556 195]]

 [[557 195]]

 [[558 195]]

 [[559 196]]

 [[560 196]]

 [[561 197]]

 [[562 197]]

 [[563 197]]

 [[564 197]]

 [[565 197]]

 [[566 198]]

 [[567 198]]

 [[568 198]]

 [[569 198]]

 [[570 198]]

 [[571 198]]

 [[572 198]]

 [[573 198]]

 [[574 197]]

 [[574 196]]

 [[575 195]]

 [[575 194]]

 [[575 193]]

 [[576 192]]

 [[576 191]]

 [[577 190]]

 [[577 189]]

 [[577 188]]

 [[577 187]]

 [[576 187]]

 [[575 187]]

 [[574 187]]

 [[573 186]]

 [[572 186]]

 [[571 186]]

 [[570 186]]

 [[569 186]]

 [[568 185]]

 [[567 185]]

 [[566 185]]

 [[565 184]]

 [[564 184]]

 [[563 184]]

 [[562 184]]

 [[561 184]]

 [[560 183]]

 [[559 183]]

 [[558 183]]

 [[557 182]]

 [[556 182]]

 [[555 182]]

 [[554 181]]

 [[553 181]]

 [[552 181]]

 [[551 181]]

 [[550 180]]

 [[549 180]]

 [[548 179]]

 [[547 179]]

 [[546 179]]

 [[545 178]]

 [[544 178]]

 [[543 178]]

 [[542 178]]

 [[541 178]]

 [[540 178]]

 [[539 178]]

 [[538 177]]

 [[537 177]]

 [[536 176]]

 [[535 175]]

 [[534 175]]

 [[533 174]]

 [[532 173]]

 [[531 172]]

 [[530 171]]

 [[530 170]]

 [[529 169]]

 [[528 168]]

 [[527 167]]

 [[527 166]]

 [[526 165]]

 [[525 164]]

 [[525 163]]

 [[525 162]]]
[[[  0   0]]

 [[536 131]]

 [[536 132]]

 [[536 133]]

 [[535 134]]

 [[535 135]]

 [[534 136]]

 [[533 136]]

 [[533 137]]

 [[532 138]]

 [[532 139]]

 [[532 140]]

 [[532 141]]

 [[533 142]]

 [[533 143]]

 [[534 144]]

 [[534 145]]

 [[535 146]]

 [[535 147]]

 [[536 147]]

 [[537 148]]

 [[538 149]]

 [[539 150]]

 [[540 151]]

 [[541 152]]

 [[542 153]]

 [[543 154]]

 [[544 155]]

 [[545 155]]

 [[546 155]]

 [[547 155]]

 [[548 155]]

 [[549 155]]

 [[550 155]]

 [[551 155]]

 [[552 156]]

 [[553 156]]

 [[554 156]]

 [[555 157]]

 [[556 157]]

 [[557 158]]

 [[558 158]]

 [[559 159]]

 [[560 159]]

 [[561 159]]

 [[562 159]]

 [[563 159]]

 [[564 159]]

 [[565 160]]

 [[566 160]]

 [[567 160]]

 [[568 161]]

 [[569 161]]

 [[570 162]]

 [[571 162]]

 [[572 162]]

 [[573 162]]

 [[574 162]]

 [[575 163]]

 [[576 163]]

 [[577 163]]

 [[578 163]]

 [[579 163]]

 [[580 164]]

 [[581 164]]

 [[582 165]]

 [[583 165]]

 [[584 165]]

 [[585 165]]

 [[585 164]]

 [[585 163]]

 [[585 162]]

 [[585 161]]

 [[586 160]]

 [[586 159]]

 [[587 158]]

 [[587 157]]

 [[587 156]]

 [[587 155]]

 [[588 154]]

 [[588 153]]

 [[588 152]]

 [[587 152]]

 [[586 152]]

 [[585 152]]

 [[584 151]]

 [[583 151]]

 [[582 151]]

 [[581 151]]

 [[580 150]]

 [[579 150]]

 [[578 150]]

 [[577 150]]

 [[576 149]]

 [[575 149]]

 [[574 149]]

 [[573 149]]

 [[572 148]]

 [[571 148]]

 [[570 148]]

 [[569 148]]

 [[568 147]]

 [[567 147]]

 [[566 147]]

 [[565 146]]

 [[564 146]]

 [[563 146]]

 [[562 145]]

 [[561 145]]

 [[560 145]]

 [[559 144]]

 [[558 144]]

 [[557 144]]

 [[556 144]]

 [[555 144]]

 [[554 143]]

 [[553 143]]

 [[552 142]]

 [[551 142]]

 [[550 142]]

 [[549 141]]

 [[548 141]]

 [[547 141]]

 [[546 140]]

 [[545 139]]

 [[544 138]]

 [[543 137]]

 [[542 136]]

 [[541 135]]

 [[540 134]]

 [[539 133]]

 [[539 132]]

 [[538 131]]

 [[537 130]]]
[[[  0   0]]

 [[547 102]]

 [[547 103]]

 [[547 104]]

 [[548 105]]

 [[549 106]]

 [[550 107]]

 [[551 108]]

 [[552 108]]

 [[553 109]]

 [[554 110]]

 [[555 111]]

 [[556 111]]

 [[557 112]]

 [[558 113]]

 [[559 113]]

 [[560 113]]

 [[561 113]]

 [[562 114]]

 [[563 114]]

 [[564 114]]

 [[565 114]]

 [[566 114]]

 [[567 114]]

 [[568 115]]

 [[569 115]]

 [[570 116]]

 [[570 117]]

 [[571 118]]

 [[570 119]]

 [[570 120]]

 [[571 121]]

 [[572 122]]

 [[573 122]]

 [[574 122]]

 [[575 123]]

 [[576 123]]

 [[577 123]]

 [[578 123]]

 [[579 124]]

 [[580 124]]

 [[581 124]]

 [[582 125]]

 [[583 125]]

 [[584 124]]

 [[585 123]]

 [[584 122]]

 [[583 121]]

 [[582 120]]

 [[581 119]]

 [[580 118]]

 [[579 118]]

 [[578 117]]

 [[578 116]]

 [[577 115]]

 [[577 114]]

 [[576 113]]

 [[575 112]]

 [[574 112]]

 [[573 111]]

 [[572 111]]

 [[571 110]]

 [[570 110]]

 [[569 109]]

 [[568 109]]

 [[567 108]]

 [[566 108]]

 [[565 108]]

 [[564 107]]

 [[563 107]]

 [[562 107]]

 [[561 107]]

 [[560 106]]

 [[559 105]]

 [[558 104]]

 [[557 104]]

 [[556 103]]

 [[555 102]]

 [[554 102]]

 [[553 101]]

 [[552 101]]

 [[551 101]]

 [[550 101]]

 [[549 101]]]
[[[  0   0]]

 [[547  84]]

 [[547  85]]

 [[547  86]]

 [[547  87]]

 [[547  88]]

 [[548  89]]

 [[548  90]]

 [[549  90]]

 [[550  91]]

 [[551  92]]

 [[552  92]]

 [[553  92]]

 [[554  93]]

 [[555  93]]

 [[556  93]]

 [[557  94]]

 [[558  94]]

 [[559  95]]

 [[560  95]]

 [[561  95]]

 [[562  95]]

 [[563  95]]

 [[564  95]]

 [[565  96]]

 [[566  96]]

 [[567  96]]

 [[568  96]]

 [[569  96]]

 [[570  97]]

 [[571  97]]

 [[572  96]]

 [[573  95]]

 [[573  94]]

 [[574  93]]

 [[574  92]]

 [[575  91]]

 [[574  90]]

 [[573  89]]

 [[572  89]]

 [[571  89]]

 [[570  89]]

 [[569  88]]

 [[568  88]]

 [[567  88]]

 [[566  88]]

 [[565  88]]

 [[564  88]]

 [[563  87]]

 [[562  87]]

 [[561  87]]

 [[560  87]]

 [[559  86]]

 [[558  86]]

 [[557  86]]

 [[556  85]]

 [[555  85]]

 [[554  84]]

 [[553  84]]

 [[552  84]]

 [[551  83]]

 [[550  83]]

 [[549  83]]

 [[548  83]]]
[[[  0   0]]

 [[553  67]]

 [[552  67]]

 [[552  68]]

 [[552  69]]

 [[552  70]]

 [[551  71]]

 [[551  72]]

 [[552  73]]

 [[553  74]]

 [[554  74]]

 [[555  75]]

 [[556  75]]

 [[557  75]]

 [[558  76]]

 [[559  76]]

 [[560  76]]

 [[561  76]]

 [[562  77]]

 [[563  77]]

 [[564  77]]

 [[565  78]]

 [[566  78]]

 [[567  78]]

 [[568  78]]

 [[569  79]]

 [[570  79]]

 [[571  79]]

 [[572  79]]

 [[573  79]]

 [[574  80]]

 [[575  80]]

 [[576  80]]

 [[577  79]]

 [[578  78]]

 [[578  77]]

 [[578  76]]

 [[578  75]]

 [[579  74]]

 [[579  73]]

 [[578  72]]

 [[577  72]]

 [[576  72]]

 [[575  72]]

 [[574  72]]

 [[573  71]]

 [[572  71]]

 [[571  71]]

 [[570  71]]

 [[569  70]]

 [[568  70]]

 [[567  70]]

 [[566  69]]

 [[565  69]]

 [[564  69]]

 [[563  69]]

 [[562  68]]

 [[561  68]]

 [[560  68]]

 [[559  67]]

 [[558  67]]

 [[557  67]]

 [[556  67]]

 [[555  66]]]
[[[  0   0]]

 [[317  45]]

 [[317  46]]

 [[316  47]]

 [[315  47]]

 [[314  47]]

 [[313  46]]

 [[312  45]]

 [[311  45]]

 [[311  46]]

 [[312  46]]

 [[313  47]]

 [[314  48]]

 [[314  49]]

 [[315  50]]

 [[316  50]]

 [[317  50]]

 [[318  49]]

 [[319  48]]

 [[320  48]]

 [[321  49]]

 [[322  50]]

 [[323  50]]

 [[324  50]]

 [[325  50]]

 [[326  49]]

 [[327  50]]

 [[328  50]]

 [[329  51]]

 [[330  51]]

 [[331  51]]

 [[332  50]]

 [[333  50]]

 [[334  50]]

 [[335  51]]

 [[336  52]]

 [[337  52]]

 [[338  52]]

 [[339  52]]

 [[340  52]]

 [[341  52]]

 [[342  52]]

 [[343  53]]

 [[344  53]]

 [[345  53]]

 [[346  53]]

 [[347  53]]

 [[348  53]]

 [[349  53]]

 [[350  54]]

 [[351  54]]

 [[352  54]]

 [[353  53]]

 [[354  53]]

 [[355  53]]

 [[356  53]]

 [[357  54]]

 [[357  55]]

 [[358  55]]

 [[359  55]]

 [[360  55]]

 [[361  55]]

 [[362  54]]

 [[363  54]]

 [[364  55]]

 [[365  56]]

 [[366  56]]

 [[367  56]]

 [[368  56]]

 [[369  55]]

 [[370  55]]

 [[371  56]]

 [[372  57]]

 [[373  58]]

 [[374  57]]

 [[375  57]]

 [[376  56]]

 [[377  56]]

 [[378  57]]

 [[379  58]]

 [[380  58]]

 [[381  59]]

 [[382  59]]

 [[382  58]]

 [[383  57]]

 [[384  56]]

 [[385  56]]

 [[386  57]]

 [[386  58]]

 [[386  59]]

 [[386  60]]

 [[387  60]]

 [[388  61]]

 [[389  61]]

 [[390  60]]

 [[390  59]]

 [[391  58]]

 [[392  57]]

 [[393  58]]

 [[394  59]]

 [[394  60]]

 [[394  61]]

 [[395  61]]

 [[396  61]]

 [[397  60]]

 [[398  59]]

 [[399  59]]

 [[400  59]]

 [[401  60]]

 [[402  60]]

 [[403  60]]

 [[404  60]]

 [[405  61]]

 [[406  61]]

 [[407  61]]

 [[408  62]]

 [[409  62]]

 [[410  62]]

 [[411  62]]

 [[412  62]]

 [[413  63]]

 [[414  63]]

 [[415  63]]

 [[416  63]]

 [[417  63]]

 [[418  63]]

 [[419  63]]

 [[420  63]]

 [[421  63]]

 [[422  63]]

 [[423  63]]

 [[424  63]]

 [[425  63]]

 [[426  63]]

 [[427  63]]

 [[428  63]]

 [[429  64]]

 [[429  65]]

 [[429  66]]

 [[429  67]]

 [[429  68]]

 [[429  69]]

 [[429  70]]

 [[430  71]]

 [[429  72]]

 [[428  73]]

 [[429  73]]

 [[430  73]]

 [[431  72]]

 [[432  72]]

 [[433  72]]

 [[434  72]]

 [[435  72]]

 [[436  72]]

 [[437  72]]

 [[438  72]]

 [[439  73]]

 [[440  74]]

 [[441  73]]

 [[442  73]]

 [[443  73]]

 [[444  73]]

 [[445  73]]

 [[446  74]]

 [[447  75]]

 [[447  76]]

 [[448  76]]

 [[449  76]]

 [[450  76]]

 [[451  76]]

 [[452  76]]

 [[453  75]]

 [[454  76]]

 [[455  76]]

 [[456  76]]

 [[457  75]]

 [[458  75]]

 [[459  75]]

 [[460  76]]

 [[461  77]]

 [[462  77]]

 [[463  78]]

 [[464  78]]

 [[465  78]]

 [[466  77]]

 [[467  77]]

 [[468  78]]

 [[469  78]]

 [[470  79]]

 [[471  79]]

 [[472  78]]

 [[473  78]]

 [[474  78]]

 [[475  78]]

 [[476  79]]

 [[477  80]]

 [[478  81]]

 [[478  82]]

 [[479  82]]

 [[480  82]]

 [[481  81]]

 [[482  80]]

 [[483  80]]

 [[484  80]]

 [[485  81]]

 [[486  82]]

 [[487  82]]

 [[488  81]]

 [[489  81]]

 [[490  82]]

 [[491  82]]

 [[492  82]]

 [[493  82]]

 [[494  81]]

 [[495  81]]

 [[496  81]]

 [[495  80]]

 [[494  80]]

 [[493  79]]

 [[492  79]]

 [[491  79]]

 [[490  79]]

 [[489  78]]

 [[488  77]]

 [[487  77]]

 [[486  77]]

 [[485  77]]

 [[484  77]]

 [[483  77]]

 [[482  77]]

 [[481  77]]

 [[480  77]]

 [[479  77]]

 [[478  77]]

 [[477  76]]

 [[476  76]]

 [[475  77]]

 [[474  77]]

 [[473  77]]

 [[472  76]]

 [[471  75]]

 [[470  74]]

 [[469  74]]

 [[468  73]]

 [[467  73]]

 [[466  73]]

 [[465  73]]

 [[464  73]]

 [[463  72]]

 [[462  72]]

 [[461  72]]

 [[460  72]]

 [[459  72]]

 [[458  72]]

 [[457  72]]

 [[456  71]]

 [[455  71]]

 [[454  71]]

 [[453  71]]

 [[452  70]]

 [[451  70]]

 [[450  71]]

 [[449  70]]

 [[448  69]]

 [[447  69]]

 [[446  68]]

 [[445  68]]

 [[444  68]]

 [[443  67]]

 [[442  67]]

 [[441  68]]

 [[440  68]]

 [[439  67]]

 [[439  66]]

 [[439  65]]

 [[438  64]]

 [[437  63]]

 [[436  62]]

 [[436  61]]

 [[436  60]]

 [[435  59]]

 [[434  58]]

 [[434  57]]

 [[434  56]]

 [[434  55]]

 [[433  55]]

 [[432  55]]

 [[431  55]]

 [[431  56]]

 [[430  57]]

 [[429  58]]

 [[428  58]]

 [[427  58]]

 [[426  58]]

 [[425  58]]

 [[424  58]]

 [[423  57]]

 [[422  57]]

 [[421  57]]

 [[420  57]]

 [[419  56]]

 [[418  56]]

 [[417  56]]

 [[416  56]]

 [[415  56]]

 [[414  55]]

 [[413  55]]

 [[412  55]]

 [[411  55]]

 [[410  55]]

 [[409  55]]

 [[408  55]]

 [[407  54]]

 [[406  54]]

 [[405  54]]

 [[404  53]]

 [[403  53]]

 [[402  53]]

 [[401  52]]

 [[400  51]]

 [[399  50]]

 [[398  51]]

 [[397  52]]

 [[396  52]]

 [[395  52]]

 [[394  53]]

 [[394  54]]

 [[394  55]]

 [[393  56]]

 [[392  57]]

 [[391  57]]

 [[390  57]]

 [[389  58]]

 [[388  58]]

 [[387  58]]

 [[386  57]]

 [[385  56]]

 [[386  55]]

 [[386  54]]

 [[386  53]]

 [[385  53]]

 [[384  53]]

 [[383  53]]

 [[383  54]]

 [[383  55]]

 [[383  56]]

 [[382  57]]

 [[381  57]]

 [[380  56]]

 [[379  55]]

 [[379  54]]

 [[379  53]]

 [[378  53]]

 [[377  52]]

 [[376  52]]

 [[375  52]]

 [[374  51]]

 [[374  50]]

 [[373  51]]

 [[374  52]]

 [[375  53]]

 [[375  54]]

 [[374  55]]

 [[373  55]]

 [[372  54]]

 [[371  53]]

 [[370  52]]

 [[369  52]]

 [[368  52]]

 [[367  52]]

 [[366  52]]

 [[365  51]]

 [[364  51]]

 [[363  51]]

 [[362  51]]

 [[361  51]]

 [[360  52]]

 [[359  53]]

 [[358  53]]

 [[357  52]]

 [[357  51]]

 [[357  50]]

 [[356  49]]

 [[355  49]]

 [[354  49]]

 [[353  49]]

 [[352  49]]

 [[351  48]]

 [[350  49]]

 [[349  49]]

 [[348  49]]

 [[347  48]]

 [[346  48]]

 [[345  49]]

 [[344  49]]

 [[343  48]]

 [[342  48]]

 [[341  48]]

 [[340  48]]

 [[339  48]]

 [[338  48]]

 [[337  48]]

 [[336  47]]

 [[335  47]]

 [[334  47]]

 [[333  46]]

 [[332  47]]

 [[331  47]]

 [[330  48]]

 [[329  47]]

 [[328  46]]

 [[327  46]]

 [[326  47]]

 [[325  48]]

 [[324  48]]

 [[323  48]]

 [[322  48]]

 [[321  47]]

 [[321  46]]

 [[321  45]]

 [[320  45]]

 [[319  44]]

 [[318  44]]]
[[[  0   0]]

 [[403  35]]

 [[403  36]]

 [[403  37]]

 [[402  38]]

 [[401  39]]

 [[400  39]]

 [[399  40]]

 [[399  41]]

 [[399  42]]

 [[399  43]]

 [[398  44]]

 [[398  45]]

 [[399  44]]

 [[400  44]]

 [[401  43]]

 [[402  42]]

 [[403  42]]

 [[404  42]]

 [[405  42]]

 [[406  42]]

 [[407  42]]

 [[408  43]]

 [[409  43]]

 [[410  43]]

 [[411  44]]

 [[412  44]]

 [[413  44]]

 [[414  44]]

 [[415  44]]

 [[416  45]]

 [[417  45]]

 [[418  45]]

 [[419  45]]

 [[420  45]]

 [[421  45]]

 [[422  45]]

 [[423  45]]

 [[424  45]]

 [[425  45]]

 [[426  45]]

 [[427  45]]

 [[428  45]]

 [[429  46]]

 [[430  46]]

 [[431  47]]

 [[432  48]]

 [[432  49]]

 [[433  50]]

 [[434  51]]

 [[435  50]]

 [[435  49]]

 [[435  48]]

 [[434  47]]

 [[433  46]]

 [[433  45]]

 [[433  44]]

 [[434  43]]

 [[435  43]]

 [[436  43]]

 [[436  42]]

 [[436  41]]

 [[436  40]]

 [[435  39]]

 [[434  39]]

 [[433  40]]

 [[432  40]]

 [[431  40]]

 [[430  40]]

 [[429  40]]

 [[428  40]]

 [[427  40]]

 [[426  40]]

 [[425  39]]

 [[424  39]]

 [[423  39]]

 [[422  39]]

 [[421  38]]

 [[420  38]]

 [[419  38]]

 [[418  38]]

 [[417  38]]

 [[416  37]]

 [[415  37]]

 [[414  37]]

 [[413  37]]

 [[412  37]]

 [[411  36]]

 [[410  36]]

 [[409  36]]

 [[408  36]]

 [[407  36]]

 [[406  35]]

 [[405  35]]

 [[404  35]]]
[[[  0   0]]

 [[414  18]]

 [[413  19]]

 [[412  19]]

 [[411  20]]

 [[410  21]]

 [[409  22]]

 [[408  22]]

 [[408  23]]

 [[409  23]]

 [[410  23]]

 [[411  23]]

 [[412  24]]

 [[413  24]]

 [[414  25]]

 [[415  25]]

 [[416  26]]

 [[417  26]]

 [[418  26]]

 [[419  26]]

 [[420  26]]

 [[421  26]]

 [[422  26]]

 [[423  26]]

 [[424  26]]

 [[425  26]]

 [[426  26]]

 [[427  27]]

 [[428  27]]

 [[429  27]]

 [[430  27]]

 [[431  27]]

 [[432  28]]

 [[432  29]]

 [[433  30]]

 [[434  30]]

 [[435  30]]

 [[436  30]]

 [[437  30]]

 [[438  31]]

 [[437  32]]

 [[436  32]]

 [[436  33]]

 [[435  34]]

 [[436  35]]

 [[436  36]]

 [[437  37]]

 [[438  38]]

 [[439  38]]

 [[440  37]]

 [[440  36]]

 [[439  35]]

 [[440  34]]

 [[441  33]]

 [[442  34]]

 [[443  35]]

 [[444  35]]

 [[444  34]]

 [[443  34]]

 [[442  33]]

 [[443  32]]

 [[444  32]]

 [[445  31]]

 [[446  32]]

 [[447  32]]

 [[448  33]]

 [[449  33]]

 [[450  32]]

 [[451  32]]

 [[452  32]]

 [[453  33]]

 [[454  34]]

 [[455  34]]

 [[456  34]]

 [[457  34]]

 [[458  34]]

 [[459  34]]

 [[460  34]]

 [[461  34]]

 [[462  35]]

 [[463  36]]

 [[464  37]]

 [[465  37]]

 [[465  36]]

 [[465  35]]

 [[465  34]]

 [[464  33]]

 [[464  32]]

 [[464  31]]

 [[464  30]]

 [[465  29]]

 [[466  29]]

 [[467  28]]

 [[467  27]]

 [[466  26]]

 [[465  25]]

 [[465  24]]

 [[465  23]]

 [[465  22]]

 [[465  21]]

 [[464  21]]

 [[463  21]]

 [[462  20]]

 [[461  20]]

 [[460  19]]

 [[459  19]]

 [[458  19]]

 [[457  19]]

 [[456  19]]

 [[455  19]]

 [[454  18]]

 [[453  17]]

 [[452  17]]

 [[451  17]]

 [[450  17]]

 [[449  17]]

 [[448  17]]

 [[447  17]]

 [[446  18]]

 [[446  19]]

 [[446  20]]

 [[447  20]]

 [[448  20]]

 [[449  20]]

 [[450  20]]

 [[451  19]]

 [[452  19]]

 [[453  20]]

 [[453  21]]

 [[454  22]]

 [[455  23]]

 [[456  23]]

 [[457  23]]

 [[458  23]]

 [[459  23]]

 [[460  23]]

 [[461  24]]

 [[462  25]]

 [[463  25]]

 [[464  25]]

 [[465  26]]

 [[465  27]]

 [[465  28]]

 [[464  29]]

 [[463  29]]

 [[462  29]]

 [[461  29]]

 [[460  30]]

 [[459  30]]

 [[458  31]]

 [[457  31]]

 [[456  30]]

 [[455  29]]

 [[454  28]]

 [[453  28]]

 [[452  28]]

 [[451  29]]

 [[450  30]]

 [[449  29]]

 [[448  29]]

 [[447  28]]

 [[447  27]]

 [[447  26]]

 [[446  25]]

 [[446  24]]

 [[445  23]]

 [[444  22]]

 [[443  21]]

 [[442  21]]

 [[441  21]]

 [[441  22]]

 [[442  23]]

 [[443  24]]

 [[444  25]]

 [[444  26]]

 [[444  27]]

 [[444  28]]

 [[443  29]]

 [[442  29]]

 [[441  29]]

 [[440  29]]

 [[439  28]]

 [[439  27]]

 [[439  26]]

 [[439  25]]

 [[439  24]]

 [[438  24]]

 [[437  25]]

 [[437  26]]

 [[437  27]]

 [[436  28]]

 [[435  27]]

 [[434  27]]

 [[433  26]]

 [[432  26]]

 [[431  26]]

 [[430  26]]

 [[429  25]]

 [[429  24]]

 [[429  23]]

 [[430  22]]

 [[431  22]]

 [[431  21]]

 [[430  20]]

 [[429  21]]

 [[428  20]]

 [[427  19]]

 [[426  18]]

 [[425  18]]

 [[424  19]]

 [[423  20]]

 [[422  20]]

 [[421  20]]

 [[420  20]]

 [[419  19]]

 [[419  18]]

 [[418  18]]

 [[417  18]]

 [[416  18]]

 [[415  17]]]
[[[  0   0]]

 [[120   2]]

 [[121   2]]

 [[122   2]]

 [[123   3]]

 [[122   4]]

 [[122   5]]

 [[121   6]]

 [[120   6]]

 [[121   7]]

 [[121   8]]

 [[122   9]]

 [[123  10]]

 [[123  11]]

 [[123  12]]

 [[122  13]]

 [[122  14]]

 [[122  15]]

 [[123  16]]

 [[122  17]]

 [[122  18]]

 [[121  19]]

 [[122  20]]

 [[123  21]]

 [[123  22]]

 [[124  23]]

 [[123  24]]

 [[123  25]]

 [[123  26]]

 [[123  27]]

 [[123  28]]

 [[123  29]]

 [[123  30]]

 [[124  31]]

 [[125  31]]

 [[126  31]]

 [[127  30]]

 [[128  30]]

 [[129  30]]

 [[130  30]]

 [[131  30]]

 [[132  30]]

 [[133  30]]

 [[134  31]]

 [[135  32]]

 [[136  32]]

 [[137  32]]

 [[138  32]]

 [[139  32]]

 [[140  32]]

 [[141  32]]

 [[142  32]]

 [[143  32]]

 [[144  32]]

 [[145  32]]

 [[146  32]]

 [[147  32]]

 [[148  32]]

 [[149  32]]

 [[150  32]]

 [[151  32]]

 [[152  32]]

 [[153  31]]

 [[154  31]]

 [[155  31]]

 [[156  32]]

 [[157  32]]

 [[158  32]]

 [[159  32]]

 [[160  32]]

 [[161  32]]

 [[162  32]]

 [[163  32]]

 [[164  32]]

 [[165  32]]

 [[166  33]]

 [[167  33]]

 [[168  34]]

 [[169  34]]

 [[170  34]]

 [[171  34]]

 [[172  34]]

 [[173  34]]

 [[174  34]]

 [[175  34]]

 [[176  34]]

 [[177  34]]

 [[178  33]]

 [[179  33]]

 [[180  33]]

 [[181  33]]

 [[182  33]]

 [[183  33]]

 [[184  33]]

 [[185  33]]

 [[186  33]]

 [[187  33]]

 [[188  33]]

 [[189  34]]

 [[190  34]]

 [[191  34]]

 [[192  34]]

 [[193  34]]

 [[194  34]]

 [[195  34]]

 [[196  34]]

 [[197  33]]

 [[198  32]]

 [[199  31]]

 [[200  31]]

 [[201  32]]

 [[202  33]]

 [[202  34]]

 [[203  35]]

 [[203  36]]

 [[204  37]]

 [[205  37]]

 [[206  36]]

 [[207  36]]

 [[208  36]]

 [[209  37]]

 [[210  38]]

 [[211  38]]

 [[212  38]]

 [[213  37]]

 [[214  37]]

 [[215  38]]

 [[216  38]]

 [[217  38]]

 [[218  38]]

 [[219  38]]

 [[220  38]]

 [[221  38]]

 [[222  38]]

 [[223  38]]

 [[224  38]]

 [[225  38]]

 [[226  38]]

 [[227  39]]

 [[228  40]]

 [[229  40]]

 [[230  39]]

 [[231  39]]

 [[232  39]]

 [[233  40]]

 [[234  40]]

 [[235  40]]

 [[236  40]]

 [[237  39]]

 [[238  39]]

 [[239  40]]

 [[240  40]]

 [[241  41]]

 [[242  41]]

 [[243  40]]

 [[244  40]]

 [[245  40]]

 [[246  41]]

 [[247  41]]

 [[248  42]]

 [[249  42]]

 [[250  41]]

 [[251  41]]

 [[252  41]]

 [[253  41]]

 [[254  42]]

 [[255  43]]

 [[256  43]]

 [[257  42]]

 [[258  42]]

 [[259  42]]

 [[260  43]]

 [[261  43]]

 [[262  43]]

 [[263  42]]

 [[264  42]]

 [[265  43]]

 [[266  43]]

 [[267  44]]

 [[268  44]]

 [[269  44]]

 [[270  44]]

 [[271  44]]

 [[272  44]]

 [[273  45]]

 [[274  45]]

 [[275  44]]

 [[276  44]]

 [[277  44]]

 [[278  44]]

 [[279  44]]

 [[280  45]]

 [[281  45]]

 [[282  45]]

 [[283  45]]

 [[284  44]]

 [[285  44]]

 [[286  45]]

 [[287  45]]

 [[288  45]]

 [[289  45]]

 [[290  44]]

 [[291  45]]

 [[292  45]]

 [[293  45]]

 [[294  46]]

 [[295  46]]

 [[296  46]]

 [[297  46]]

 [[298  45]]

 [[299  45]]

 [[300  46]]

 [[301  47]]

 [[302  48]]

 [[303  48]]

 [[304  48]]

 [[305  47]]

 [[306  47]]

 [[307  48]]

 [[308  48]]

 [[309  48]]

 [[309  47]]

 [[308  47]]

 [[307  46]]

 [[307  45]]

 [[307  44]]

 [[308  43]]

 [[307  43]]

 [[306  43]]

 [[305  42]]

 [[304  42]]

 [[303  41]]

 [[302  42]]

 [[301  42]]

 [[300  42]]

 [[299  42]]

 [[298  41]]

 [[297  41]]

 [[296  40]]

 [[295  40]]

 [[294  40]]

 [[293  41]]

 [[292  41]]

 [[291  40]]

 [[290  40]]

 [[289  40]]

 [[288  41]]

 [[287  41]]

 [[286  41]]

 [[285  41]]

 [[284  41]]

 [[283  41]]

 [[282  41]]

 [[281  40]]

 [[280  40]]

 [[279  40]]

 [[278  40]]

 [[277  41]]

 [[276  42]]

 [[275  43]]

 [[274  42]]

 [[273  41]]

 [[272  40]]

 [[273  39]]

 [[272  38]]

 [[273  37]]

 [[274  37]]

 [[275  37]]

 [[276  37]]

 [[276  36]]

 [[275  37]]

 [[274  37]]

 [[273  37]]

 [[272  38]]

 [[271  37]]

 [[270  36]]

 [[269  37]]

 [[268  38]]

 [[267  38]]

 [[266  38]]

 [[265  38]]

 [[264  38]]

 [[263  37]]

 [[262  37]]

 [[261  38]]

 [[260  38]]

 [[259  38]]

 [[258  38]]

 [[257  39]]

 [[256  39]]

 [[255  38]]

 [[255  37]]

 [[254  37]]

 [[253  37]]

 [[252  37]]

 [[251  36]]

 [[250  35]]

 [[249  35]]

 [[248  35]]

 [[247  35]]

 [[246  36]]

 [[245  36]]

 [[244  36]]

 [[243  36]]

 [[242  36]]

 [[241  35]]

 [[240  36]]

 [[239  36]]

 [[238  36]]

 [[237  35]]

 [[236  34]]

 [[235  34]]

 [[234  35]]

 [[233  36]]

 [[232  36]]

 [[231  36]]

 [[230  36]]

 [[229  36]]

 [[228  36]]

 [[227  35]]

 [[226  35]]

 [[225  34]]

 [[225  33]]

 [[224  32]]

 [[223  32]]

 [[222  33]]

 [[221  34]]

 [[220  34]]

 [[219  33]]

 [[218  32]]

 [[217  32]]

 [[216  31]]

 [[215  31]]

 [[214  32]]

 [[213  32]]

 [[212  32]]

 [[211  31]]

 [[210  32]]

 [[209  32]]

 [[208  31]]

 [[208  30]]

 [[207  29]]

 [[206  29]]

 [[205  29]]

 [[204  29]]

 [[203  30]]

 [[202  30]]

 [[201  30]]

 [[200  29]]

 [[199  30]]

 [[198  29]]

 [[197  29]]

 [[196  29]]

 [[195  29]]

 [[194  29]]

 [[193  29]]

 [[192  29]]

 [[191  29]]

 [[190  29]]

 [[189  30]]

 [[188  30]]

 [[187  30]]

 [[186  30]]

 [[185  30]]

 [[184  29]]

 [[183  29]]

 [[182  29]]

 [[181  29]]

 [[180  29]]

 [[179  29]]

 [[178  29]]

 [[177  29]]

 [[176  29]]

 [[175  29]]

 [[174  29]]

 [[173  29]]

 [[172  29]]

 [[171  29]]

 [[170  29]]

 [[169  30]]

 [[168  30]]

 [[167  30]]

 [[166  29]]

 [[165  29]]

 [[164  29]]

 [[163  29]]

 [[162  29]]

 [[161  29]]

 [[160  30]]

 [[159  30]]

 [[158  30]]

 [[157  30]]

 [[156  30]]

 [[155  30]]

 [[154  30]]

 [[153  30]]

 [[152  29]]

 [[151  28]]

 [[151  27]]

 [[151  26]]

 [[151  25]]

 [[151  24]]

 [[151  23]]

 [[150  23]]

 [[149  22]]

 [[148  22]]

 [[147  22]]

 [[146  23]]

 [[145  23]]

 [[144  23]]

 [[143  24]]

 [[142  24]]

 [[141  23]]

 [[141  22]]

 [[141  21]]

 [[140  20]]

 [[139  20]]

 [[138  21]]

 [[139  22]]

 [[139  23]]

 [[138  24]]

 [[137  25]]

 [[136  25]]

 [[135  25]]

 [[134  24]]

 [[133  25]]

 [[132  25]]

 [[131  25]]

 [[130  25]]

 [[129  25]]

 [[128  25]]

 [[127  25]]

 [[126  24]]

 [[126  23]]

 [[125  22]]

 [[124  21]]

 [[124  20]]

 [[124  19]]

 [[125  18]]

 [[126  17]]

 [[126  16]]

 [[125  15]]

 [[125  14]]

 [[125  13]]

 [[125  12]]

 [[126  11]]

 [[126  10]]

 [[126   9]]

 [[125   8]]

 [[125   7]]

 [[125   6]]

 [[126   5]]

 [[126   4]]

 [[126   3]]

 [[126   2]]

 [[125   1]]

 [[124   1]]

 [[123   1]]

 [[122   1]]

 [[121   1]]

 [[120   1]]]
[[[ 0  0]]

 [[45  2]]

 [[45  3]]

 [[45  4]]

 [[45  5]]

 [[45  6]]

 [[45  7]]

 [[45  8]]

 [[45  9]]

 [[45 10]]

 [[45 11]]

 [[45 12]]

 [[45 13]]

 [[45 14]]

 [[45 15]]

 [[45 16]]

 [[45 17]]

 [[45 18]]

 [[46 19]]

 [[46 20]]

 [[46 21]]

 [[46 22]]

 [[46 23]]

 [[46 24]]

 [[46 25]]

 [[47 26]]

 [[48 27]]

 [[49 28]]

 [[49 29]]

 [[50 30]]

 [[50 31]]

 [[50 32]]

 [[51 33]]

 [[51 34]]

 [[51 35]]

 [[51 36]]

 [[51 37]]

 [[51 38]]

 [[51 39]]

 [[51 40]]

 [[51 41]]

 [[51 42]]

 [[52 43]]

 [[52 44]]

 [[53 45]]

 [[53 46]]

 [[54 47]]

 [[55 47]]

 [[56 47]]

 [[57 47]]

 [[58 47]]

 [[59 47]]

 [[60 47]]

 [[61 47]]

 [[62 47]]

 [[63 47]]

 [[64 47]]

 [[65 47]]

 [[66 47]]

 [[67 46]]

 [[68 46]]

 [[69 45]]

 [[70 45]]

 [[71 45]]

 [[72 45]]

 [[73 44]]

 [[74 44]]

 [[75 44]]

 [[76 44]]

 [[77 44]]

 [[78 43]]

 [[79 43]]

 [[80 43]]

 [[81 42]]

 [[81 41]]

 [[80 41]]

 [[79 40]]

 [[78 39]]

 [[78 38]]

 [[79 37]]

 [[79 36]]

 [[79 35]]

 [[79 34]]

 [[79 33]]

 [[79 32]]

 [[79 31]]

 [[79 30]]

 [[78 29]]

 [[79 28]]

 [[80 27]]

 [[81 26]]

 [[81 25]]

 [[82 24]]

 [[82 23]]

 [[83 22]]

 [[83 21]]

 [[83 20]]

 [[83 19]]

 [[83 18]]

 [[84 17]]

 [[84 16]]

 [[83 15]]

 [[83 14]]

 [[83 13]]

 [[83 12]]

 [[83 11]]

 [[83 10]]

 [[83  9]]

 [[83  8]]

 [[83  7]]

 [[83  6]]

 [[82  5]]

 [[82  4]]

 [[82  3]]

 [[83  2]]

 [[83  1]]

 [[82  1]]

 [[81  1]]

 [[80  1]]

 [[80  2]]

 [[79  3]]

 [[79  4]]

 [[80  5]]

 [[80  6]]

 [[80  7]]

 [[80  8]]

 [[80  9]]

 [[80 10]]

 [[80 11]]

 [[80 12]]

 [[80 13]]

 [[80 14]]

 [[81 15]]

 [[81 16]]

 [[81 17]]

 [[81 18]]

 [[81 19]]

 [[81 20]]

 [[80 21]]

 [[79 22]]

 [[78 23]]

 [[77 23]]

 [[76 23]]

 [[76 24]]

 [[75 25]]

 [[75 26]]

 [[75 27]]

 [[75 28]]

 [[75 29]]

 [[76 30]]

 [[76 31]]

 [[76 32]]

 [[76 33]]

 [[76 34]]

 [[76 35]]

 [[76 36]]

 [[76 37]]

 [[76 38]]

 [[75 39]]

 [[74 40]]

 [[73 40]]

 [[72 41]]

 [[71 41]]

 [[70 41]]

 [[69 41]]

 [[68 41]]

 [[67 42]]

 [[66 42]]

 [[65 42]]

 [[64 42]]

 [[63 42]]

 [[62 43]]

 [[61 43]]

 [[60 43]]

 [[59 43]]

 [[58 43]]

 [[57 43]]

 [[56 43]]

 [[55 42]]

 [[54 41]]

 [[53 40]]

 [[53 39]]

 [[53 38]]

 [[53 37]]

 [[53 36]]

 [[53 35]]

 [[53 34]]

 [[53 33]]

 [[53 32]]

 [[53 31]]

 [[53 30]]

 [[53 29]]

 [[53 28]]

 [[53 27]]

 [[53 26]]

 [[53 25]]

 [[52 24]]

 [[51 23]]

 [[50 23]]

 [[49 23]]

 [[48 22]]

 [[48 21]]

 [[48 20]]

 [[48 19]]

 [[48 18]]

 [[48 17]]

 [[48 16]]

 [[48 15]]

 [[48 14]]

 [[48 13]]

 [[48 12]]

 [[48 11]]

 [[47 10]]

 [[47  9]]

 [[48  8]]

 [[48  7]]

 [[48  6]]

 [[48  5]]

 [[48  4]]

 [[48  3]]

 [[48  2]]

 [[48  1]]

 [[47  1]]]
