[[[  0   0]]

 [[475  89]]

 [[475  90]]

 [[475  91]]

 [[474  92]]

 [[473  92]]

 [[472  92]]

 [[471  91]]

 [[470  90]]

 [[469  90]]

 [[468  90]]

 [[467  91]]

 [[466  91]]

 [[465  91]]

 [[464  90]]

 [[463  89]]

 [[462  89]]

 [[461  89]]

 [[460  89]]

 [[459  89]]

 [[458  89]]

 [[457  89]]

 [[456  89]]

 [[456  90]]

 [[455  91]]

 [[454  92]]

 [[453  93]]

 [[452  92]]

 [[451  92]]

 [[450  92]]

 [[449  92]]

 [[448  92]]

 [[447  92]]

 [[446  92]]

 [[445  92]]

 [[444  92]]

 [[443  92]]

 [[442  92]]

 [[441  92]]

 [[440  92]]

 [[439  93]]

 [[438  92]]

 [[437  92]]

 [[436  92]]

 [[435  92]]

 [[434  92]]

 [[433  92]]

 [[432  92]]

 [[431  93]]

 [[430  94]]

 [[429  94]]

 [[428  94]]

 [[427  94]]

 [[426  94]]

 [[425  93]]

 [[424  93]]

 [[423  93]]

 [[422  93]]

 [[421  94]]

 [[420  94]]

 [[419  94]]

 [[418  94]]

 [[419  95]]

 [[420  95]]

 [[421  95]]

 [[422  95]]

 [[423  95]]

 [[424  95]]

 [[425  94]]

 [[426  94]]

 [[427  94]]

 [[428  94]]

 [[429  94]]

 [[430  94]]

 [[431  94]]

 [[432  94]]

 [[433  94]]

 [[434  94]]

 [[435  94]]

 [[436  94]]

 [[437  94]]

 [[438  94]]

 [[439  94]]

 [[440  94]]

 [[441  94]]

 [[442  94]]

 [[443  94]]

 [[444  94]]

 [[445  95]]

 [[446  95]]

 [[447  95]]

 [[448  95]]

 [[449  95]]

 [[450  95]]

 [[451  95]]

 [[452  95]]

 [[453  96]]

 [[454  96]]

 [[455  96]]

 [[456  96]]

 [[457  96]]

 [[458  96]]

 [[459  96]]

 [[460  95]]

 [[461  95]]

 [[462  95]]

 [[463  95]]

 [[464  95]]

 [[465  96]]

 [[466  96]]

 [[467  95]]

 [[468  95]]

 [[469  95]]

 [[470  96]]

 [[471  96]]

 [[472  96]]

 [[473  97]]

 [[473  98]]

 [[474  98]]

 [[475  99]]

 [[476  99]]

 [[477  99]]

 [[477  98]]

 [[477  97]]

 [[477  96]]

 [[477  95]]

 [[477  94]]

 [[477  93]]

 [[477  92]]

 [[477  91]]

 [[478  90]]

 [[477  89]]

 [[477  88]]]
[[[  0   0]]

 [[352  87]]

 [[351  88]]

 [[350  89]]

 [[350  90]]

 [[350  91]]

 [[350  92]]

 [[351  93]]

 [[352  94]]

 [[353  94]]

 [[354  94]]

 [[355  94]]

 [[356  94]]

 [[357  94]]

 [[357  93]]

 [[357  92]]

 [[357  91]]

 [[358  90]]

 [[359  89]]

 [[360  89]]

 [[361  89]]

 [[362  89]]

 [[363  90]]

 [[364  90]]

 [[365  91]]

 [[365  92]]

 [[365  93]]

 [[365  94]]

 [[366  95]]

 [[367  95]]

 [[368  94]]

 [[369  94]]

 [[370  94]]

 [[371  95]]

 [[372  95]]

 [[373  95]]

 [[374  95]]

 [[375  95]]

 [[376  95]]

 [[377  95]]

 [[378  95]]

 [[379  95]]

 [[380  95]]

 [[381  95]]

 [[382  95]]

 [[383  94]]

 [[384  93]]

 [[385  93]]

 [[386  92]]

 [[387  92]]

 [[388  92]]

 [[389  92]]

 [[390  92]]

 [[391  93]]

 [[392  94]]

 [[393  95]]

 [[394  95]]

 [[395  95]]

 [[396  95]]

 [[397  95]]

 [[398  94]]

 [[399  94]]

 [[399  93]]

 [[398  92]]

 [[398  91]]

 [[397  90]]

 [[396  90]]

 [[395  90]]

 [[394  91]]

 [[393  91]]

 [[392  91]]

 [[391  91]]

 [[390  91]]

 [[389  90]]

 [[388  90]]

 [[387  90]]

 [[386  90]]

 [[385  90]]

 [[384  90]]

 [[383  91]]

 [[382  92]]

 [[381  92]]

 [[380  92]]

 [[379  92]]

 [[378  92]]

 [[377  92]]

 [[376  92]]

 [[375  91]]

 [[374  91]]

 [[373  90]]

 [[373  89]]

 [[372  89]]

 [[371  88]]

 [[370  88]]

 [[369  88]]

 [[368  87]]

 [[367  87]]

 [[366  87]]

 [[365  87]]

 [[364  87]]

 [[363  87]]

 [[362  87]]

 [[361  87]]

 [[360  87]]

 [[359  87]]

 [[358  86]]

 [[357  86]]

 [[356  86]]

 [[355  87]]

 [[354  87]]]
[[[  0   0]]

 [[207  74]]

 [[208  75]]

 [[208  76]]

 [[207  77]]

 [[206  78]]

 [[205  79]]

 [[204  79]]

 [[203  78]]

 [[202  77]]

 [[201  76]]

 [[200  75]]

 [[200  74]]

 [[199  74]]

 [[198  74]]

 [[197  74]]

 [[197  75]]

 [[197  76]]

 [[197  77]]

 [[196  78]]

 [[195  79]]

 [[194  79]]

 [[193  79]]

 [[192  79]]

 [[191  78]]

 [[191  77]]

 [[190  76]]

 [[189  75]]

 [[189  74]]

 [[188  75]]

 [[187  75]]

 [[186  75]]

 [[186  76]]

 [[185  77]]

 [[185  78]]

 [[184  79]]

 [[183  80]]

 [[182  79]]

 [[181  79]]

 [[180  78]]

 [[179  78]]

 [[179  79]]

 [[180  80]]

 [[180  81]]

 [[181  82]]

 [[182  82]]

 [[183  82]]

 [[184  81]]

 [[185  80]]

 [[186  79]]

 [[187  79]]

 [[188  78]]

 [[189  79]]

 [[190  79]]

 [[191  80]]

 [[191  81]]

 [[192  82]]

 [[193  83]]

 [[194  83]]

 [[195  83]]

 [[196  82]]

 [[195  81]]

 [[196  80]]

 [[196  79]]

 [[197  78]]

 [[198  78]]

 [[199  78]]

 [[200  79]]

 [[201  80]]

 [[201  81]]

 [[202  82]]

 [[203  82]]

 [[204  82]]

 [[205  82]]

 [[205  81]]

 [[206  80]]

 [[207  79]]

 [[208  78]]

 [[209  78]]

 [[210  78]]

 [[211  79]]

 [[212  80]]

 [[212  81]]

 [[212  82]]

 [[213  83]]

 [[214  83]]

 [[215  83]]

 [[216  83]]

 [[217  83]]

 [[218  82]]

 [[218  81]]

 [[218  80]]

 [[218  79]]

 [[219  78]]

 [[220  77]]

 [[221  78]]

 [[222  79]]

 [[223  80]]

 [[224  81]]

 [[225  82]]

 [[226  82]]

 [[227  81]]

 [[227  80]]

 [[227  79]]

 [[228  78]]

 [[229  77]]

 [[230  77]]

 [[231  77]]

 [[232  77]]

 [[233  78]]

 [[233  79]]

 [[234  79]]

 [[235  80]]

 [[235  81]]

 [[235  82]]

 [[236  83]]

 [[237  82]]

 [[238  82]]

 [[238  81]]

 [[238  80]]

 [[239  79]]

 [[240  78]]

 [[241  77]]

 [[242  77]]

 [[243  77]]

 [[244  78]]

 [[244  79]]

 [[244  80]]

 [[245  81]]

 [[246  81]]

 [[247  81]]

 [[248  81]]

 [[249  81]]

 [[250  81]]

 [[250  80]]

 [[251  79]]

 [[251  78]]

 [[252  77]]

 [[253  77]]

 [[254  77]]

 [[255  78]]

 [[256  79]]

 [[256  80]]

 [[256  81]]

 [[256  82]]

 [[257  82]]

 [[258  81]]

 [[259  81]]

 [[260  80]]

 [[260  79]]

 [[261  78]]

 [[262  78]]

 [[262  77]]

 [[263  76]]

 [[263  75]]

 [[262  76]]

 [[261  77]]

 [[260  77]]

 [[259  78]]

 [[258  78]]

 [[257  77]]

 [[256  77]]

 [[255  76]]

 [[254  75]]

 [[253  74]]

 [[252  75]]

 [[251  75]]

 [[251  76]]

 [[250  77]]

 [[249  77]]

 [[248  77]]

 [[247  77]]

 [[246  77]]

 [[245  76]]

 [[244  75]]

 [[243  75]]

 [[242  74]]

 [[241  75]]

 [[240  76]]

 [[239  77]]

 [[238  78]]

 [[237  78]]

 [[236  78]]

 [[235  77]]

 [[234  76]]

 [[233  75]]

 [[233  74]]

 [[232  74]]

 [[231  73]]

 [[230  73]]

 [[229  73]]

 [[229  74]]

 [[229  75]]

 [[228  76]]

 [[227  77]]

 [[226  78]]

 [[225  78]]

 [[224  77]]

 [[223  77]]

 [[222  76]]

 [[222  75]]

 [[221  74]]

 [[221  75]]

 [[220  76]]

 [[219  76]]

 [[218  77]]

 [[217  77]]

 [[216  78]]

 [[215  78]]

 [[214  78]]

 [[213  77]]

 [[212  76]]

 [[212  75]]

 [[211  74]]

 [[212  73]]

 [[211  73]]

 [[210  74]]

 [[209  74]]

 [[208  73]]

 [[207  73]]]
[[[  0   0]]

 [[276  71]]

 [[276  72]]

 [[275  73]]

 [[274  74]]

 [[273  74]]

 [[272  74]]

 [[272  75]]

 [[271  76]]

 [[270  77]]

 [[269  78]]

 [[268  78]]

 [[267  78]]

 [[266  79]]

 [[267  80]]

 [[267  81]]

 [[267  82]]

 [[268  82]]

 [[269  82]]

 [[270  82]]

 [[271  82]]

 [[272  81]]

 [[272  80]]

 [[272  79]]

 [[273  78]]

 [[274  77]]

 [[275  77]]

 [[276  77]]

 [[277  78]]

 [[278  79]]

 [[279  80]]

 [[280  80]]

 [[281  80]]

 [[282  80]]

 [[283  80]]

 [[284  80]]

 [[285  80]]

 [[286  80]]

 [[287  80]]

 [[288  81]]

 [[289  81]]

 [[290  81]]

 [[291  81]]

 [[292  81]]

 [[293  81]]

 [[294  81]]

 [[295  81]]

 [[296  81]]

 [[297  81]]

 [[298  81]]

 [[299  81]]

 [[300  81]]

 [[301  81]]

 [[302  81]]

 [[303  81]]

 [[304  81]]

 [[305  81]]

 [[306  81]]

 [[307  81]]

 [[308  81]]

 [[309  80]]

 [[310  80]]

 [[311  80]]

 [[312  80]]

 [[313  80]]

 [[314  79]]

 [[315  79]]

 [[316  79]]

 [[317  79]]

 [[318  79]]

 [[319  79]]

 [[320  80]]

 [[320  81]]

 [[320  82]]

 [[320  83]]

 [[320  84]]

 [[320  85]]

 [[320  86]]

 [[320  87]]

 [[320  88]]

 [[320  89]]

 [[320  90]]

 [[319  91]]

 [[320  91]]

 [[321  91]]

 [[322  92]]

 [[322  91]]

 [[323  90]]

 [[324  90]]

 [[325  90]]

 [[326  91]]

 [[326  92]]

 [[327  93]]

 [[328  93]]

 [[329  93]]

 [[329  92]]

 [[330  91]]

 [[331  91]]

 [[331  90]]

 [[332  89]]

 [[333  88]]

 [[334  88]]

 [[335  88]]

 [[336  89]]

 [[337  90]]

 [[338  91]]

 [[339  91]]

 [[340  91]]

 [[341  91]]

 [[342  91]]

 [[342  90]]

 [[343  89]]

 [[344  89]]

 [[345  89]]

 [[346  89]]

 [[347  89]]

 [[348  88]]

 [[347  88]]

 [[346  87]]

 [[345  87]]

 [[344  87]]

 [[343  87]]

 [[342  88]]

 [[341  88]]

 [[340  88]]

 [[339  88]]

 [[338  87]]

 [[337  86]]

 [[337  85]]

 [[336  84]]

 [[335  84]]

 [[335  85]]

 [[334  86]]

 [[334  87]]

 [[333  88]]

 [[332  88]]

 [[331  88]]

 [[330  88]]

 [[329  88]]

 [[328  87]]

 [[327  87]]

 [[326  87]]

 [[325  86]]

 [[324  85]]

 [[324  84]]

 [[324  83]]

 [[323  82]]

 [[323  81]]

 [[322  80]]

 [[321  79]]

 [[321  78]]

 [[321  77]]

 [[322  76]]

 [[323  75]]

 [[323  74]]

 [[323  73]]

 [[322  73]]

 [[321  73]]

 [[320  73]]

 [[319  72]]

 [[318  72]]

 [[317  72]]

 [[316  72]]

 [[315  73]]

 [[314  73]]

 [[313  73]]

 [[312  73]]

 [[311  73]]

 [[310  73]]

 [[309  73]]

 [[308  73]]

 [[307  72]]

 [[306  72]]

 [[305  72]]

 [[304  73]]

 [[303  73]]

 [[302  73]]

 [[301  73]]

 [[300  73]]

 [[299  72]]

 [[298  72]]

 [[297  72]]

 [[296  72]]

 [[295  72]]

 [[294  72]]

 [[293  72]]

 [[292  72]]

 [[291  72]]

 [[290  72]]

 [[289  72]]

 [[288  72]]

 [[287  72]]

 [[286  71]]

 [[285  71]]

 [[284  71]]

 [[283  71]]

 [[282  71]]

 [[281  71]]

 [[280  71]]

 [[279  71]]

 [[278  70]]]
[[[  0   0]]

 [[480  70]]

 [[479  71]]

 [[479  72]]

 [[479  73]]

 [[479  74]]

 [[479  75]]

 [[479  76]]

 [[479  77]]

 [[480  78]]

 [[481  77]]

 [[482  78]]

 [[482  79]]

 [[482  80]]

 [[482  81]]

 [[482  82]]

 [[482  83]]

 [[482  84]]

 [[482  85]]

 [[482  86]]

 [[483  86]]

 [[484  87]]

 [[485  87]]

 [[486  88]]

 [[487  88]]

 [[488  89]]

 [[489  90]]

 [[490  90]]

 [[491  90]]

 [[492  91]]

 [[493  91]]

 [[494  91]]

 [[495  91]]

 [[496  91]]

 [[497  92]]

 [[498  92]]

 [[499  92]]

 [[500  92]]

 [[501  92]]

 [[502  92]]

 [[503  92]]

 [[504  93]]

 [[505  93]]

 [[506  93]]

 [[507  93]]

 [[508  93]]

 [[509  93]]

 [[510  93]]

 [[511  93]]

 [[512  93]]

 [[513  93]]

 [[514  93]]

 [[515  93]]

 [[516  93]]

 [[517  92]]

 [[518  91]]

 [[518  90]]

 [[518  89]]

 [[518  88]]

 [[518  87]]

 [[518  86]]

 [[519  85]]

 [[519  84]]

 [[519  83]]

 [[519  82]]

 [[518  82]]

 [[517  82]]

 [[516  82]]

 [[515  82]]

 [[514  82]]

 [[513  82]]

 [[512  82]]

 [[511  82]]

 [[510  82]]

 [[509  82]]

 [[508  82]]

 [[507  82]]

 [[506  82]]

 [[505  82]]

 [[504  82]]

 [[503  81]]

 [[502  81]]

 [[501  81]]

 [[500  81]]

 [[499  81]]

 [[498  81]]

 [[497  80]]

 [[496  80]]

 [[495  80]]

 [[494  80]]

 [[493  80]]

 [[492  79]]

 [[491  79]]

 [[490  79]]

 [[489  79]]

 [[488  78]]

 [[487  77]]

 [[486  76]]

 [[485  75]]

 [[484  75]]

 [[483  75]]

 [[482  76]]

 [[481  77]]

 [[480  76]]

 [[480  75]]

 [[480  74]]

 [[481  73]]

 [[481  72]]

 [[480  71]]

 [[480  70]]]
[[[  0   0]]

 [[487  54]]

 [[487  55]]

 [[487  56]]

 [[486  57]]

 [[486  58]]

 [[486  59]]

 [[486  60]]

 [[486  61]]

 [[486  62]]

 [[486  63]]

 [[487  64]]

 [[488  64]]

 [[489  65]]

 [[490  65]]

 [[491  66]]

 [[492  66]]

 [[493  66]]

 [[494  66]]

 [[495  67]]

 [[496  67]]

 [[497  67]]

 [[498  67]]

 [[499  67]]

 [[500  68]]

 [[501  68]]

 [[502  68]]

 [[503  68]]

 [[504  68]]

 [[505  69]]

 [[506  69]]

 [[507  69]]

 [[508  69]]

 [[509  69]]

 [[510  69]]

 [[511  69]]

 [[512  69]]

 [[513  69]]

 [[514  69]]

 [[515  69]]

 [[516  69]]

 [[517  69]]

 [[518  69]]

 [[519  70]]

 [[520  69]]

 [[521  69]]

 [[521  68]]

 [[522  67]]

 [[521  66]]

 [[521  65]]

 [[522  64]]

 [[522  63]]

 [[522  62]]

 [[522  61]]

 [[523  60]]

 [[522  59]]

 [[521  59]]

 [[520  59]]

 [[519  59]]

 [[518  59]]

 [[517  59]]

 [[516  59]]

 [[515  59]]

 [[514  59]]

 [[513  59]]

 [[512  59]]

 [[511  59]]

 [[510  59]]

 [[509  59]]

 [[508  58]]

 [[507  58]]

 [[506  58]]

 [[505  58]]

 [[504  58]]

 [[503  57]]

 [[502  56]]

 [[501  56]]

 [[500  56]]

 [[499  56]]

 [[498  56]]

 [[497  56]]

 [[496  56]]

 [[495  56]]

 [[494  56]]

 [[493  55]]

 [[492  55]]

 [[491  55]]

 [[490  55]]

 [[489  54]]

 [[488  54]]]
[[[  0   0]]

 [[331  14]]

 [[330  15]]

 [[329  16]]

 [[328  16]]

 [[327  17]]

 [[326  16]]

 [[325  15]]

 [[324  14]]

 [[323  14]]

 [[322  14]]

 [[321  15]]

 [[320  15]]

 [[319  16]]

 [[318  16]]

 [[318  17]]

 [[318  18]]

 [[317  19]]

 [[317  20]]

 [[317  21]]

 [[317  22]]

 [[316  23]]

 [[315  24]]

 [[314  23]]

 [[313  23]]

 [[312  22]]

 [[312  21]]

 [[312  20]]

 [[312  19]]

 [[313  18]]

 [[313  17]]

 [[312  17]]

 [[311  17]]

 [[310  17]]

 [[309  17]]

 [[308  18]]

 [[308  19]]

 [[308  20]]

 [[308  21]]

 [[307  22]]

 [[306  23]]

 [[305  24]]

 [[304  24]]

 [[303  24]]

 [[302  24]]

 [[301  23]]

 [[300  22]]

 [[299  21]]

 [[298  21]]

 [[297  21]]

 [[296  21]]

 [[295  22]]

 [[294  22]]

 [[293  22]]

 [[292  22]]

 [[291  22]]

 [[290  21]]

 [[289  21]]

 [[288  21]]

 [[287  21]]

 [[286  20]]

 [[285  21]]

 [[284  21]]

 [[283  22]]

 [[282  23]]

 [[281  24]]

 [[280  24]]

 [[279  25]]

 [[279  26]]

 [[278  27]]

 [[278  28]]

 [[277  29]]

 [[277  30]]

 [[276  31]]

 [[275  32]]

 [[276  33]]

 [[277  33]]

 [[278  34]]

 [[279  35]]

 [[279  34]]

 [[279  33]]

 [[279  32]]

 [[279  31]]

 [[279  30]]

 [[279  29]]

 [[280  28]]

 [[280  27]]

 [[281  26]]

 [[282  25]]

 [[283  25]]

 [[284  25]]

 [[285  26]]

 [[286  26]]

 [[287  26]]

 [[288  26]]

 [[289  26]]

 [[290  25]]

 [[291  25]]

 [[292  25]]

 [[293  25]]

 [[294  26]]

 [[295  26]]

 [[296  27]]

 [[297  27]]

 [[298  27]]

 [[299  27]]

 [[300  27]]

 [[301  27]]

 [[302  26]]

 [[303  26]]

 [[304  26]]

 [[305  26]]

 [[306  26]]

 [[307  26]]

 [[308  26]]

 [[309  26]]

 [[310  26]]

 [[311  26]]

 [[312  26]]

 [[313  26]]

 [[314  26]]

 [[315  26]]

 [[316  26]]

 [[317  26]]

 [[318  26]]

 [[319  27]]

 [[320  28]]

 [[321  29]]

 [[321  30]]

 [[322  31]]

 [[322  32]]

 [[322  33]]

 [[322  34]]

 [[322  35]]

 [[322  36]]

 [[322  37]]

 [[322  38]]

 [[322  39]]

 [[321  40]]

 [[321  41]]

 [[321  42]]

 [[321  43]]

 [[321  44]]

 [[322  45]]

 [[323  46]]

 [[324  47]]

 [[324  48]]

 [[324  49]]

 [[323  50]]

 [[322  49]]

 [[321  48]]

 [[321  47]]

 [[320  46]]

 [[319  46]]

 [[318  46]]

 [[317  46]]

 [[316  45]]

 [[315  45]]

 [[314  45]]

 [[313  45]]

 [[312  45]]

 [[311  45]]

 [[310  45]]

 [[309  45]]

 [[308  45]]

 [[307  45]]

 [[306  45]]

 [[305  46]]

 [[304  46]]

 [[303  45]]

 [[302  45]]

 [[301  45]]

 [[300  45]]

 [[299  45]]

 [[298  45]]

 [[297  45]]

 [[296  45]]

 [[295  45]]

 [[294  45]]

 [[293  45]]

 [[292  45]]

 [[291  45]]

 [[290  45]]

 [[289  45]]

 [[288  44]]

 [[287  44]]

 [[286  44]]

 [[285  44]]

 [[284  45]]

 [[283  45]]

 [[282  45]]

 [[281  45]]

 [[280  46]]

 [[279  46]]

 [[278  46]]

 [[278  47]]

 [[278  48]]

 [[278  49]]

 [[278  50]]

 [[279  51]]

 [[279  52]]

 [[280  52]]

 [[281  52]]

 [[282  53]]

 [[283  53]]

 [[284  53]]

 [[285  53]]

 [[286  53]]

 [[287  53]]

 [[288  53]]

 [[289  53]]

 [[290  53]]

 [[291  54]]

 [[292  54]]

 [[293  54]]

 [[294  54]]

 [[295  54]]

 [[296  54]]

 [[297  55]]

 [[298  55]]

 [[299  55]]

 [[300  55]]

 [[301  55]]

 [[302  55]]

 [[303  54]]

 [[304  54]]

 [[305  54]]

 [[306  54]]

 [[307  54]]

 [[308  54]]

 [[309  54]]

 [[310  54]]

 [[311  54]]

 [[312  54]]

 [[313  54]]

 [[314  53]]

 [[315  53]]

 [[316  53]]

 [[317  52]]

 [[318  52]]

 [[319  52]]

 [[320  53]]

 [[321  54]]

 [[321  55]]

 [[322  55]]

 [[323  56]]

 [[324  57]]

 [[324  58]]

 [[324  59]]

 [[324  60]]

 [[323  61]]

 [[322  61]]

 [[321  60]]

 [[320  61]]

 [[320  62]]

 [[320  63]]

 [[320  64]]

 [[321  65]]

 [[321  66]]

 [[321  67]]

 [[321  68]]

 [[322  69]]

 [[323  70]]

 [[324  69]]

 [[325  68]]

 [[325  67]]

 [[325  66]]

 [[324  65]]

 [[324  64]]

 [[324  63]]

 [[325  62]]

 [[326  62]]

 [[327  62]]

 [[328  62]]

 [[327  61]]

 [[326  61]]

 [[325  60]]

 [[324  59]]

 [[325  58]]

 [[325  57]]

 [[325  56]]

 [[325  55]]

 [[326  54]]

 [[326  53]]

 [[326  52]]

 [[327  51]]

 [[327  50]]

 [[326  50]]

 [[325  49]]

 [[325  48]]

 [[324  47]]

 [[325  46]]

 [[325  45]]

 [[325  44]]

 [[325  43]]

 [[324  42]]

 [[323  41]]

 [[323  40]]

 [[323  39]]

 [[324  38]]

 [[325  37]]

 [[326  37]]

 [[327  36]]

 [[327  35]]

 [[327  34]]

 [[328  33]]

 [[328  32]]

 [[327  31]]

 [[326  30]]

 [[327  29]]

 [[328  29]]

 [[329  29]]

 [[330  30]]

 [[331  30]]

 [[332  30]]

 [[333  29]]

 [[334  29]]

 [[335  29]]

 [[336  29]]

 [[337  29]]

 [[338  29]]

 [[339  29]]

 [[340  30]]

 [[341  30]]

 [[342  31]]

 [[343  31]]

 [[344  31]]

 [[345  30]]

 [[346  29]]

 [[345  28]]

 [[344  27]]

 [[343  27]]

 [[342  27]]

 [[341  27]]

 [[340  27]]

 [[339  27]]

 [[338  28]]

 [[337  28]]

 [[336  28]]

 [[335  28]]

 [[334  27]]

 [[333  27]]

 [[332  27]]

 [[331  27]]

 [[330  27]]

 [[329  27]]

 [[328  27]]

 [[327  27]]

 [[326  27]]

 [[325  27]]

 [[324  27]]

 [[323  27]]

 [[322  26]]

 [[321  26]]

 [[320  26]]

 [[319  26]]

 [[318  25]]

 [[317  24]]

 [[317  23]]

 [[317  22]]

 [[317  21]]

 [[318  20]]

 [[319  20]]

 [[320  19]]

 [[321  19]]

 [[322  19]]

 [[323  18]]

 [[324  18]]

 [[325  19]]

 [[326  19]]

 [[327  19]]

 [[328  18]]

 [[329  18]]

 [[330  19]]

 [[331  20]]

 [[332  20]]

 [[333  20]]

 [[334  19]]

 [[335  19]]

 [[336  18]]

 [[337  19]]

 [[338  19]]

 [[337  18]]

 [[337  17]]

 [[337  16]]

 [[336  15]]

 [[335  15]]

 [[334  14]]

 [[333  13]]]
