[[[  0   0]]

 [[404 114]]

 [[404 115]]

 [[404 116]]

 [[404 117]]

 [[404 118]]

 [[404 119]]

 [[404 120]]

 [[404 121]]

 [[403 122]]

 [[402 123]]

 [[401 123]]

 [[400 123]]

 [[399 123]]

 [[398 122]]

 [[397 122]]

 [[397 123]]

 [[396 124]]

 [[396 125]]

 [[396 126]]

 [[396 127]]

 [[396 128]]

 [[396 129]]

 [[396 130]]

 [[396 131]]

 [[396 132]]

 [[396 133]]

 [[396 134]]

 [[396 135]]

 [[396 136]]

 [[397 137]]

 [[396 138]]

 [[396 139]]

 [[397 140]]

 [[397 141]]

 [[396 142]]

 [[396 143]]

 [[396 144]]

 [[396 145]]

 [[396 146]]

 [[395 147]]

 [[395 148]]

 [[395 149]]

 [[395 150]]

 [[396 151]]

 [[396 152]]

 [[396 153]]

 [[396 154]]

 [[395 155]]

 [[395 156]]

 [[395 157]]

 [[395 158]]

 [[395 159]]

 [[395 160]]

 [[395 161]]

 [[395 162]]

 [[395 163]]

 [[395 164]]

 [[395 165]]

 [[396 164]]

 [[396 163]]

 [[396 162]]

 [[396 161]]

 [[397 160]]

 [[397 159]]

 [[397 158]]

 [[397 157]]

 [[397 156]]

 [[397 155]]

 [[397 154]]

 [[398 153]]

 [[399 152]]

 [[399 151]]

 [[399 150]]

 [[399 149]]

 [[399 148]]

 [[399 147]]

 [[399 146]]

 [[399 145]]

 [[399 144]]

 [[399 143]]

 [[399 142]]

 [[399 141]]

 [[400 140]]

 [[400 139]]

 [[400 138]]

 [[400 137]]

 [[400 136]]

 [[400 135]]

 [[401 134]]

 [[401 133]]

 [[402 132]]

 [[403 131]]

 [[404 130]]

 [[405 130]]

 [[406 131]]

 [[407 131]]

 [[408 132]]

 [[409 132]]

 [[410 131]]

 [[410 130]]

 [[410 129]]

 [[410 128]]

 [[410 127]]

 [[409 127]]

 [[408 126]]

 [[407 125]]

 [[408 124]]

 [[409 123]]

 [[410 123]]

 [[411 122]]

 [[412 122]]

 [[413 122]]

 [[414 122]]

 [[415 122]]

 [[416 121]]

 [[417 120]]

 [[418 120]]

 [[419 119]]

 [[420 119]]

 [[421 119]]

 [[422 119]]

 [[423 119]]

 [[424 119]]

 [[425 119]]

 [[426 119]]

 [[427 119]]

 [[428 119]]

 [[429 119]]

 [[430 118]]

 [[431 118]]

 [[432 118]]

 [[433 118]]

 [[434 118]]

 [[435 118]]

 [[436 119]]

 [[437 119]]

 [[438 119]]

 [[439 119]]

 [[440 119]]

 [[441 119]]

 [[442 119]]

 [[443 119]]

 [[444 119]]

 [[445 119]]

 [[446 119]]

 [[447 120]]

 [[448 120]]

 [[449 120]]

 [[450 120]]

 [[451 120]]

 [[452 120]]

 [[453 121]]

 [[454 121]]

 [[455 121]]

 [[456 122]]

 [[457 122]]

 [[458 122]]

 [[459 122]]

 [[460 122]]

 [[461 122]]

 [[462 123]]

 [[463 123]]

 [[464 123]]

 [[465 124]]

 [[466 124]]

 [[467 124]]

 [[468 125]]

 [[469 125]]

 [[470 125]]

 [[471 126]]

 [[472 126]]

 [[473 127]]

 [[474 127]]

 [[475 127]]

 [[476 128]]

 [[477 128]]

 [[478 129]]

 [[479 130]]

 [[480 131]]

 [[481 131]]

 [[482 132]]

 [[483 132]]

 [[484 133]]

 [[484 134]]

 [[484 135]]

 [[484 136]]

 [[483 137]]

 [[483 138]]

 [[483 139]]

 [[484 140]]

 [[484 141]]

 [[485 142]]

 [[486 142]]

 [[487 142]]

 [[488 143]]

 [[488 144]]

 [[488 145]]

 [[488 146]]

 [[489 147]]

 [[489 148]]

 [[489 149]]

 [[489 150]]

 [[489 151]]

 [[489 152]]

 [[489 153]]

 [[489 154]]

 [[490 153]]

 [[490 152]]

 [[490 151]]

 [[491 150]]

 [[492 149]]

 [[491 148]]

 [[490 147]]

 [[489 146]]

 [[489 145]]

 [[490 144]]

 [[491 144]]

 [[492 143]]

 [[492 142]]

 [[492 141]]

 [[491 140]]

 [[490 139]]

 [[490 138]]

 [[489 137]]

 [[489 136]]

 [[489 135]]

 [[489 134]]

 [[488 133]]

 [[487 133]]

 [[486 132]]

 [[485 132]]

 [[484 131]]

 [[483 130]]

 [[482 129]]

 [[482 128]]

 [[481 127]]

 [[481 126]]

 [[481 125]]

 [[481 124]]

 [[480 125]]

 [[479 125]]

 [[478 125]]

 [[477 124]]

 [[476 124]]

 [[475 124]]

 [[474 124]]

 [[473 123]]

 [[472 123]]

 [[471 124]]

 [[470 123]]

 [[469 123]]

 [[468 122]]

 [[467 122]]

 [[466 122]]

 [[465 122]]

 [[464 122]]

 [[463 122]]

 [[462 121]]

 [[461 121]]

 [[460 121]]

 [[459 120]]

 [[458 120]]

 [[457 119]]

 [[456 118]]

 [[455 118]]

 [[454 117]]

 [[453 117]]

 [[452 117]]

 [[451 117]]

 [[450 116]]

 [[449 116]]

 [[448 115]]

 [[447 115]]

 [[446 114]]

 [[445 115]]

 [[444 115]]

 [[443 115]]

 [[442 115]]

 [[441 115]]

 [[440 116]]

 [[439 116]]

 [[438 116]]

 [[437 116]]

 [[436 116]]

 [[435 116]]

 [[434 116]]

 [[433 116]]

 [[432 115]]

 [[431 115]]

 [[430 115]]

 [[429 115]]

 [[428 115]]

 [[427 115]]

 [[426 115]]

 [[425 115]]

 [[424 115]]

 [[423 116]]

 [[422 116]]

 [[421 116]]

 [[420 116]]

 [[419 117]]

 [[418 117]]

 [[417 118]]

 [[416 119]]

 [[415 119]]

 [[414 119]]

 [[413 119]]

 [[412 119]]

 [[411 119]]

 [[410 119]]

 [[409 119]]

 [[408 119]]

 [[407 118]]

 [[406 117]]

 [[405 116]]

 [[405 115]]

 [[405 114]]]
[[[  0   0]]

 [[340  90]]

 [[339  91]]

 [[338  92]]

 [[337  93]]

 [[336  93]]

 [[335  93]]

 [[334  94]]

 [[333  94]]

 [[332  93]]

 [[331  92]]

 [[330  92]]

 [[329  93]]

 [[329  94]]

 [[328  95]]

 [[327  95]]

 [[326  95]]

 [[325  95]]

 [[324  96]]

 [[323  97]]

 [[322  97]]

 [[321  97]]

 [[321  98]]

 [[321  99]]

 [[320 100]]

 [[320 101]]

 [[320 102]]

 [[319 103]]

 [[319 104]]

 [[318 105]]

 [[319 105]]

 [[319 104]]

 [[320 103]]

 [[320 102]]

 [[321 101]]

 [[322 101]]

 [[323 100]]

 [[324  99]]

 [[325  99]]

 [[326  98]]

 [[327  98]]

 [[328  97]]

 [[329  97]]

 [[330  97]]

 [[331  96]]

 [[332  96]]

 [[333  96]]

 [[334  96]]

 [[335  96]]

 [[336  96]]

 [[337  96]]

 [[338  96]]

 [[339  95]]

 [[340  95]]

 [[341  95]]

 [[342  95]]

 [[343  95]]

 [[344  95]]

 [[345  94]]

 [[346  94]]

 [[347  94]]

 [[348  94]]

 [[349  94]]

 [[350  94]]

 [[351  94]]

 [[352  94]]

 [[353  94]]

 [[354  93]]

 [[355  93]]

 [[356  93]]

 [[357  93]]

 [[358  94]]

 [[359  94]]

 [[360  94]]

 [[361  94]]

 [[362  94]]

 [[363  94]]

 [[364  94]]

 [[365  94]]

 [[366  94]]

 [[367  95]]

 [[368  95]]

 [[369  96]]

 [[370  96]]

 [[371  96]]

 [[372  96]]

 [[373  96]]

 [[374  96]]

 [[375  96]]

 [[376  96]]

 [[377  97]]

 [[378  97]]

 [[379  97]]

 [[380  98]]

 [[381  99]]

 [[382  99]]

 [[383 100]]

 [[384 100]]

 [[385 101]]

 [[386 102]]

 [[387 102]]

 [[388 102]]

 [[389 103]]

 [[390 104]]

 [[391 105]]

 [[392 106]]

 [[393 107]]

 [[394 108]]

 [[395 109]]

 [[396 110]]

 [[396 111]]

 [[397 111]]

 [[398 111]]

 [[399 110]]

 [[399 109]]

 [[400 108]]

 [[399 108]]

 [[398 108]]

 [[397 108]]

 [[396 107]]

 [[395 106]]

 [[395 105]]

 [[395 104]]

 [[395 103]]

 [[394 103]]

 [[393 103]]

 [[392 103]]

 [[391 102]]

 [[390 102]]

 [[389 101]]

 [[388 100]]

 [[387  99]]

 [[387  98]]

 [[386  98]]

 [[385  97]]

 [[384  96]]

 [[383  96]]

 [[382  96]]

 [[381  96]]

 [[380  95]]

 [[379  95]]

 [[378  94]]

 [[377  95]]

 [[376  95]]

 [[375  96]]

 [[374  95]]

 [[374  94]]

 [[373  94]]

 [[372  93]]

 [[371  92]]

 [[370  92]]

 [[369  91]]

 [[368  91]]

 [[367  91]]

 [[366  92]]

 [[365  92]]

 [[364  92]]

 [[363  91]]

 [[362  91]]

 [[361  91]]

 [[360  91]]

 [[359  91]]

 [[358  92]]

 [[357  92]]

 [[356  93]]

 [[355  93]]

 [[354  92]]

 [[353  92]]

 [[352  91]]

 [[351  91]]

 [[350  90]]

 [[349  91]]

 [[348  91]]

 [[347  92]]

 [[346  92]]

 [[345  93]]

 [[344  92]]

 [[343  91]]

 [[343  90]]

 [[342  89]]

 [[341  89]]]
[[[  0   0]]

 [[575  53]]

 [[575  54]]

 [[575  55]]

 [[575  56]]

 [[575  57]]

 [[575  58]]

 [[575  59]]

 [[575  60]]

 [[575  61]]

 [[575  62]]

 [[575  63]]

 [[575  64]]

 [[575  65]]

 [[575  66]]

 [[575  67]]

 [[574  68]]

 [[574  69]]

 [[574  70]]

 [[574  71]]

 [[573  72]]

 [[573  73]]

 [[573  74]]

 [[573  75]]

 [[573  76]]

 [[572  77]]

 [[572  78]]

 [[572  79]]

 [[573  80]]

 [[573  81]]

 [[573  82]]

 [[573  83]]

 [[573  84]]

 [[573  85]]

 [[573  86]]

 [[573  87]]

 [[573  88]]

 [[573  89]]

 [[573  90]]

 [[574  91]]

 [[575  91]]

 [[576  90]]

 [[576  89]]

 [[576  88]]

 [[577  87]]

 [[577  86]]

 [[577  85]]

 [[578  84]]

 [[578  83]]

 [[579  82]]

 [[579  81]]

 [[580  80]]

 [[580  79]]

 [[581  78]]

 [[582  77]]

 [[583  78]]

 [[584  77]]

 [[584  76]]

 [[583  75]]

 [[582  74]]

 [[582  73]]

 [[582  72]]

 [[582  71]]

 [[582  70]]

 [[582  69]]

 [[582  68]]

 [[582  67]]

 [[582  66]]

 [[582  65]]

 [[582  64]]

 [[582  63]]

 [[582  62]]

 [[582  61]]

 [[582  60]]

 [[582  59]]

 [[583  58]]

 [[583  57]]

 [[584  56]]

 [[584  55]]

 [[583  55]]

 [[582  55]]

 [[581  55]]

 [[580  54]]

 [[579  53]]

 [[578  52]]

 [[577  52]]]
[[[  0   0]]

 [[178  46]]

 [[179  46]]

 [[180  46]]

 [[181  46]]

 [[182  46]]

 [[183  46]]

 [[184  46]]

 [[185  46]]

 [[186  46]]

 [[187  46]]

 [[188  46]]

 [[189  46]]

 [[190  46]]

 [[191  47]]

 [[192  47]]

 [[193  48]]

 [[194  48]]

 [[195  49]]

 [[196  50]]

 [[196  51]]

 [[197  52]]

 [[198  53]]

 [[198  54]]

 [[199  55]]

 [[198  56]]

 [[198  57]]

 [[199  58]]

 [[199  59]]

 [[199  60]]

 [[199  61]]

 [[199  62]]

 [[200  63]]

 [[200  64]]

 [[200  65]]

 [[200  66]]

 [[200  67]]

 [[201  68]]

 [[201  69]]

 [[201  70]]

 [[201  71]]

 [[201  72]]

 [[202  73]]

 [[202  74]]

 [[202  75]]

 [[202  76]]

 [[202  77]]

 [[202  78]]

 [[202  79]]

 [[202  80]]

 [[203  81]]

 [[203  82]]

 [[203  83]]

 [[203  84]]

 [[203  85]]

 [[203  86]]

 [[203  87]]

 [[204  88]]

 [[204  89]]

 [[204  90]]

 [[204  91]]

 [[204  92]]

 [[205  93]]

 [[205  94]]

 [[205  95]]

 [[205  96]]

 [[205  97]]

 [[206  98]]

 [[206  99]]

 [[206 100]]

 [[206 101]]

 [[206 102]]

 [[206 103]]

 [[206 104]]

 [[206 105]]

 [[207 106]]

 [[208 107]]

 [[209 108]]

 [[209 109]]

 [[209 110]]

 [[209 111]]

 [[210 112]]

 [[210 113]]

 [[210 114]]

 [[210 115]]

 [[210 116]]

 [[209 117]]

 [[209 118]]

 [[209 119]]

 [[209 120]]

 [[209 121]]

 [[208 122]]

 [[208 123]]

 [[207 124]]

 [[206 125]]

 [[205 126]]

 [[204 126]]

 [[203 127]]

 [[202 127]]

 [[201 127]]

 [[200 128]]

 [[199 129]]

 [[198 129]]

 [[197 129]]

 [[196 129]]

 [[195 129]]

 [[194 129]]

 [[193 129]]

 [[192 130]]

 [[191 131]]

 [[190 131]]

 [[189 131]]

 [[188 131]]

 [[187 131]]

 [[186 131]]

 [[185 131]]

 [[184 131]]

 [[183 131]]

 [[182 131]]

 [[181 131]]

 [[180 131]]

 [[179 131]]

 [[178 132]]

 [[177 132]]

 [[176 132]]

 [[175 133]]

 [[174 133]]

 [[173 134]]

 [[172 134]]

 [[171 134]]

 [[170 133]]

 [[169 133]]

 [[168 133]]

 [[167 132]]

 [[166 131]]

 [[165 131]]

 [[164 130]]

 [[163 129]]

 [[162 129]]

 [[161 129]]

 [[160 129]]

 [[159 129]]

 [[158 129]]

 [[157 128]]

 [[156 127]]

 [[155 126]]

 [[155 125]]

 [[155 124]]

 [[154 123]]

 [[154 122]]

 [[154 121]]

 [[154 120]]

 [[154 119]]

 [[154 118]]

 [[154 117]]

 [[154 116]]

 [[154 115]]

 [[154 114]]

 [[154 113]]

 [[154 112]]

 [[154 111]]

 [[154 110]]

 [[155 109]]

 [[155 108]]

 [[155 107]]

 [[155 106]]

 [[155 105]]

 [[155 104]]

 [[155 103]]

 [[155 102]]

 [[155 101]]

 [[155 100]]

 [[155  99]]

 [[154  98]]

 [[154  97]]

 [[154  96]]

 [[154  95]]

 [[154  94]]

 [[154  93]]

 [[154  92]]

 [[154  91]]

 [[154  90]]

 [[154  89]]

 [[154  88]]

 [[153  87]]

 [[153  86]]

 [[153  85]]

 [[153  84]]

 [[153  83]]

 [[153  82]]

 [[153  81]]

 [[152  80]]

 [[152  79]]

 [[152  78]]

 [[152  77]]

 [[152  76]]

 [[152  75]]

 [[152  74]]

 [[152  73]]

 [[152  72]]

 [[152  71]]

 [[151  70]]

 [[151  69]]

 [[151  68]]

 [[151  67]]

 [[151  66]]

 [[151  65]]

 [[151  64]]

 [[151  63]]

 [[150  62]]

 [[150  61]]

 [[150  60]]

 [[150  59]]

 [[150  58]]

 [[150  57]]

 [[150  56]]

 [[151  55]]

 [[152  54]]

 [[153  53]]

 [[153  52]]

 [[154  51]]

 [[155  51]]

 [[156  50]]

 [[157  50]]

 [[158  50]]

 [[159  50]]

 [[160  49]]

 [[161  49]]

 [[162  49]]

 [[163  49]]

 [[164  48]]

 [[165  48]]

 [[166  48]]

 [[167  48]]

 [[168  48]]

 [[169  48]]

 [[170  48]]

 [[171  48]]

 [[172  47]]

 [[173  47]]

 [[174  47]]

 [[175  47]]

 [[176  47]]]
[[[  0   0]]

 [[549  33]]

 [[548  33]]

 [[547  34]]

 [[546  34]]

 [[545  35]]

 [[544  36]]

 [[543  36]]

 [[542  37]]

 [[542  38]]

 [[542  39]]

 [[543  40]]

 [[543  41]]

 [[542  42]]

 [[541  43]]

 [[540  43]]

 [[539  43]]

 [[538  43]]

 [[537  43]]

 [[536  44]]

 [[536  45]]

 [[537  46]]

 [[537  47]]

 [[537  48]]

 [[537  49]]

 [[537  50]]

 [[538  51]]

 [[539  52]]

 [[539  53]]

 [[539  54]]

 [[539  55]]

 [[540  56]]

 [[540  57]]

 [[540  58]]

 [[539  59]]

 [[539  60]]

 [[538  61]]

 [[538  62]]

 [[537  63]]

 [[536  64]]

 [[536  65]]

 [[536  66]]

 [[536  67]]

 [[536  68]]

 [[535  69]]

 [[535  70]]

 [[535  71]]

 [[535  72]]

 [[535  73]]

 [[535  74]]

 [[534  75]]

 [[535  76]]

 [[535  77]]

 [[536  78]]

 [[536  79]]

 [[536  80]]

 [[537  81]]

 [[538  82]]

 [[539  81]]

 [[539  80]]

 [[538  79]]

 [[538  78]]

 [[538  77]]

 [[539  76]]

 [[539  75]]

 [[539  74]]

 [[539  73]]

 [[539  72]]

 [[540  71]]

 [[540  70]]

 [[540  69]]

 [[541  68]]

 [[541  67]]

 [[542  66]]

 [[542  65]]

 [[542  64]]

 [[542  63]]

 [[543  62]]

 [[544  61]]

 [[545  61]]

 [[545  60]]

 [[545  59]]

 [[545  58]]

 [[544  57]]

 [[544  56]]

 [[543  55]]

 [[543  54]]

 [[543  53]]

 [[543  52]]

 [[543  51]]

 [[543  50]]

 [[544  49]]

 [[544  48]]

 [[544  47]]

 [[544  46]]

 [[544  45]]

 [[544  44]]

 [[544  43]]

 [[545  42]]

 [[545  41]]

 [[545  40]]

 [[545  39]]

 [[546  38]]

 [[547  37]]

 [[548  36]]

 [[549  36]]

 [[550  36]]

 [[551  36]]

 [[552  36]]

 [[553  36]]

 [[554  36]]

 [[555  37]]

 [[556  37]]

 [[557  37]]

 [[558  37]]

 [[559  37]]

 [[560  37]]

 [[561  37]]

 [[562  37]]

 [[563  37]]

 [[564  38]]

 [[565  38]]

 [[566  38]]

 [[567  38]]

 [[568  38]]

 [[569  39]]

 [[570  40]]

 [[571  40]]

 [[572  41]]

 [[573  42]]

 [[574  43]]

 [[575  44]]

 [[576  44]]

 [[577  45]]

 [[578  45]]

 [[579  44]]

 [[580  45]]

 [[581  45]]

 [[582  45]]

 [[583  45]]

 [[584  45]]

 [[585  46]]

 [[586  46]]

 [[587  46]]

 [[588  46]]

 [[589  46]]

 [[590  47]]

 [[591  47]]

 [[592  47]]

 [[593  47]]

 [[594  47]]

 [[595  47]]

 [[596  47]]

 [[597  47]]

 [[598  47]]

 [[599  47]]

 [[600  47]]

 [[601  48]]

 [[602  48]]

 [[603  48]]

 [[604  48]]

 [[605  48]]

 [[606  48]]

 [[607  49]]

 [[608  49]]

 [[609  50]]

 [[610  51]]

 [[611  52]]

 [[612  52]]

 [[613  52]]

 [[614  53]]

 [[614  54]]

 [[615  55]]

 [[616  56]]

 [[617  56]]

 [[618  57]]

 [[619  57]]

 [[620  57]]

 [[621  58]]

 [[622  58]]

 [[623  59]]

 [[624  60]]

 [[625  60]]

 [[626  60]]

 [[627  60]]

 [[628  60]]

 [[629  61]]

 [[630  61]]

 [[631  61]]

 [[632  61]]

 [[633  61]]

 [[634  61]]

 [[635  61]]

 [[636  61]]

 [[637  61]]

 [[638  62]]

 [[638  61]]

 [[638  60]]

 [[638  59]]

 [[638  58]]

 [[638  57]]

 [[637  57]]

 [[636  57]]

 [[635  57]]

 [[634  57]]

 [[633  57]]

 [[632  56]]

 [[631  56]]

 [[630  56]]

 [[629  55]]

 [[628  55]]

 [[627  55]]

 [[626  55]]

 [[625  55]]

 [[624  55]]

 [[623  54]]

 [[622  54]]

 [[621  53]]

 [[620  53]]

 [[619  52]]

 [[618  51]]

 [[617  50]]

 [[617  49]]

 [[617  48]]

 [[617  47]]

 [[616  47]]

 [[615  46]]

 [[614  46]]

 [[613  46]]

 [[612  46]]

 [[611  46]]

 [[610  46]]

 [[609  46]]

 [[608  46]]

 [[607  46]]

 [[606  45]]

 [[605  45]]

 [[604  45]]

 [[603  45]]

 [[602  44]]

 [[601  44]]

 [[600  44]]

 [[599  44]]

 [[598  43]]

 [[597  43]]

 [[596  42]]

 [[595  42]]

 [[594  42]]

 [[593  42]]

 [[592  42]]

 [[591  42]]

 [[590  43]]

 [[589  43]]

 [[588  43]]

 [[587  43]]

 [[586  43]]

 [[585  42]]

 [[584  42]]

 [[583  42]]

 [[582  41]]

 [[581  41]]

 [[580  40]]

 [[579  40]]

 [[578  40]]

 [[577  39]]

 [[576  38]]

 [[575  37]]

 [[575  36]]

 [[574  36]]

 [[573  36]]

 [[572  36]]

 [[571  36]]

 [[570  36]]

 [[569  36]]

 [[568  36]]

 [[567  35]]

 [[566  35]]

 [[565  35]]

 [[564  34]]

 [[563  34]]

 [[562  34]]

 [[561  34]]

 [[560  34]]

 [[559  33]]

 [[558  33]]

 [[557  33]]

 [[556  33]]

 [[555  33]]

 [[554  32]]

 [[553  32]]

 [[552  32]]

 [[551  32]]]
[[[  0   0]]

 [[559  20]]

 [[559  21]]

 [[559  22]]

 [[558  23]]

 [[557  24]]

 [[558  25]]

 [[559  25]]

 [[560  25]]

 [[561  25]]

 [[562  26]]

 [[563  26]]

 [[564  26]]

 [[565  26]]

 [[566  26]]

 [[567  27]]

 [[568  27]]

 [[569  27]]

 [[570  28]]

 [[571  28]]

 [[572  28]]

 [[573  28]]

 [[574  28]]

 [[575  29]]

 [[576  29]]

 [[577  29]]

 [[578  29]]

 [[579  30]]

 [[580  30]]

 [[581  30]]

 [[582  31]]

 [[583  31]]

 [[584  31]]

 [[585  31]]

 [[586  31]]

 [[587  31]]

 [[588  31]]

 [[589  31]]

 [[590  32]]

 [[591  32]]

 [[592  33]]

 [[593  34]]

 [[594  34]]

 [[595  35]]

 [[596  35]]

 [[597  35]]

 [[598  35]]

 [[599  34]]

 [[600  35]]

 [[601  35]]

 [[602  36]]

 [[603  36]]

 [[604  37]]

 [[605  37]]

 [[606  37]]

 [[607  37]]

 [[608  38]]

 [[609  38]]

 [[610  38]]

 [[611  38]]

 [[612  38]]

 [[613  38]]

 [[614  38]]

 [[615  38]]

 [[616  39]]

 [[617  39]]

 [[618  40]]

 [[618  41]]

 [[619  42]]

 [[620  42]]

 [[621  42]]

 [[622  43]]

 [[623  43]]

 [[624  44]]

 [[625  45]]

 [[626  45]]

 [[627  45]]

 [[628  45]]

 [[629  45]]

 [[630  45]]

 [[631  46]]

 [[632  46]]

 [[633  47]]

 [[634  47]]

 [[635  47]]

 [[636  47]]

 [[637  47]]

 [[638  48]]

 [[638  47]]

 [[638  46]]

 [[638  45]]

 [[638  44]]

 [[638  43]]

 [[637  43]]

 [[636  43]]

 [[635  43]]

 [[634  42]]

 [[633  42]]

 [[632  41]]

 [[631  41]]

 [[630  40]]

 [[629  40]]

 [[628  40]]

 [[627  40]]

 [[626  40]]

 [[625  40]]

 [[624  40]]

 [[623  40]]

 [[622  39]]

 [[621  38]]

 [[620  37]]

 [[620  36]]

 [[620  35]]

 [[620  34]]

 [[619  34]]

 [[618  33]]

 [[617  32]]

 [[616  32]]

 [[615  32]]

 [[614  32]]

 [[613  32]]

 [[612  32]]

 [[611  32]]

 [[610  32]]

 [[609  31]]

 [[608  31]]

 [[607  30]]

 [[606  30]]

 [[605  30]]

 [[604  30]]

 [[603  30]]

 [[602  30]]

 [[601  30]]

 [[600  30]]

 [[599  30]]

 [[598  29]]

 [[597  29]]

 [[596  29]]

 [[595  29]]

 [[594  29]]

 [[593  29]]

 [[592  29]]

 [[591  29]]

 [[590  29]]

 [[589  28]]

 [[588  28]]

 [[587  27]]

 [[586  27]]

 [[585  27]]

 [[584  27]]

 [[583  27]]

 [[582  26]]

 [[581  26]]

 [[580  26]]

 [[579  25]]

 [[578  24]]

 [[578  23]]

 [[577  23]]

 [[576  23]]

 [[575  23]]

 [[574  23]]

 [[573  23]]

 [[572  23]]

 [[571  23]]

 [[570  23]]

 [[569  23]]

 [[568  22]]

 [[567  22]]

 [[566  22]]

 [[565  22]]

 [[564  21]]

 [[563  21]]

 [[562  21]]

 [[561  20]]

 [[560  19]]]
[[[  0   0]]

 [[428   2]]

 [[427   2]]

 [[426   3]]

 [[425   4]]

 [[424   4]]

 [[423   4]]

 [[422   4]]

 [[421   3]]

 [[420   3]]

 [[419   3]]

 [[418   4]]

 [[417   4]]

 [[417   5]]

 [[416   6]]

 [[416   7]]

 [[415   8]]

 [[416   9]]

 [[416  10]]

 [[417  10]]

 [[418  11]]

 [[419  12]]

 [[419  13]]

 [[419  14]]

 [[419  15]]

 [[418  16]]

 [[417  17]]

 [[416  18]]

 [[416  19]]

 [[415  20]]

 [[414  21]]

 [[413  22]]

 [[412  22]]

 [[411  23]]

 [[410  23]]

 [[409  24]]

 [[408  25]]

 [[407  26]]

 [[407  27]]

 [[407  28]]

 [[406  29]]

 [[407  30]]

 [[408  31]]

 [[409  31]]

 [[410  31]]

 [[411  31]]

 [[412  30]]

 [[413  30]]

 [[414  30]]

 [[415  30]]

 [[416  29]]

 [[417  29]]

 [[418  28]]

 [[419  28]]

 [[420  29]]

 [[420  30]]

 [[420  31]]

 [[420  32]]

 [[420  33]]

 [[419  34]]

 [[419  35]]

 [[418  36]]

 [[417  37]]

 [[416  37]]

 [[416  38]]

 [[416  39]]

 [[417  39]]

 [[418  40]]

 [[419  41]]

 [[419  42]]

 [[419  43]]

 [[418  44]]

 [[418  45]]

 [[417  46]]

 [[416  46]]

 [[415  46]]

 [[414  45]]

 [[413  45]]

 [[413  46]]

 [[413  47]]

 [[414  48]]

 [[413  49]]

 [[412  50]]

 [[413  51]]

 [[414  52]]

 [[415  52]]

 [[416  52]]

 [[417  52]]

 [[418  53]]

 [[419  54]]

 [[420  55]]

 [[420  56]]

 [[421  56]]

 [[422  57]]

 [[423  57]]

 [[424  57]]

 [[425  57]]

 [[426  58]]

 [[427  58]]

 [[428  58]]

 [[429  59]]

 [[430  60]]

 [[431  60]]

 [[432  60]]

 [[433  61]]

 [[434  61]]

 [[435  61]]

 [[436  61]]

 [[437  61]]

 [[438  61]]

 [[439  61]]

 [[440  61]]

 [[441  61]]

 [[442  62]]

 [[443  62]]

 [[444  62]]

 [[445  62]]

 [[446  62]]

 [[447  62]]

 [[448  62]]

 [[449  61]]

 [[450  61]]

 [[451  60]]

 [[451  59]]

 [[452  58]]

 [[452  57]]

 [[452  56]]

 [[452  55]]

 [[452  54]]

 [[452  53]]

 [[452  52]]

 [[452  51]]

 [[452  50]]

 [[453  49]]

 [[453  48]]

 [[452  47]]

 [[452  46]]

 [[452  45]]

 [[452  44]]

 [[452  43]]

 [[452  42]]

 [[452  41]]

 [[452  40]]

 [[452  39]]

 [[452  38]]

 [[452  37]]

 [[452  36]]

 [[452  35]]

 [[452  34]]

 [[452  33]]

 [[452  32]]

 [[452  31]]

 [[452  30]]

 [[452  29]]

 [[452  28]]

 [[452  27]]

 [[452  26]]

 [[452  25]]

 [[452  24]]

 [[452  23]]

 [[452  22]]

 [[452  21]]

 [[451  20]]

 [[451  19]]

 [[451  18]]

 [[451  17]]

 [[451  16]]

 [[451  15]]

 [[450  15]]

 [[449  15]]

 [[448  14]]

 [[447  14]]

 [[446  13]]

 [[445  13]]

 [[444  12]]

 [[443  12]]

 [[442  12]]

 [[441  12]]

 [[440  11]]

 [[439  11]]

 [[438  11]]

 [[437  11]]

 [[436  10]]

 [[435   9]]

 [[434   8]]

 [[434   7]]

 [[434   6]]

 [[434   5]]

 [[434   4]]

 [[433   4]]

 [[432   3]]

 [[431   2]]

 [[430   1]]]
[[[  0   0]]

 [[427  11]]

 [[428  11]]

 [[429  11]]

 [[430  12]]

 [[431  13]]

 [[432  13]]

 [[433  14]]

 [[434  13]]

 [[435  13]]

 [[436  13]]

 [[437  13]]

 [[438  14]]

 [[439  14]]

 [[440  14]]

 [[441  14]]

 [[442  15]]

 [[442  16]]

 [[441  17]]

 [[442  18]]

 [[443  18]]

 [[444  18]]

 [[445  18]]

 [[446  17]]

 [[447  17]]

 [[448  17]]

 [[449  18]]

 [[449  19]]

 [[450  20]]

 [[449  21]]

 [[449  22]]

 [[449  23]]

 [[449  24]]

 [[450  25]]

 [[450  26]]

 [[450  27]]

 [[450  28]]

 [[450  29]]

 [[450  30]]

 [[450  31]]

 [[450  32]]

 [[449  33]]

 [[449  34]]

 [[449  35]]

 [[449  36]]

 [[449  37]]

 [[449  38]]

 [[449  39]]

 [[449  40]]

 [[449  41]]

 [[449  42]]

 [[449  43]]

 [[449  44]]

 [[449  45]]

 [[449  46]]

 [[449  47]]

 [[450  48]]

 [[450  49]]

 [[449  50]]

 [[449  51]]

 [[449  52]]

 [[450  53]]

 [[450  54]]

 [[450  55]]

 [[450  56]]

 [[449  57]]

 [[448  58]]

 [[447  59]]

 [[446  59]]

 [[445  59]]

 [[444  60]]

 [[443  60]]

 [[442  60]]

 [[441  59]]

 [[440  59]]

 [[439  59]]

 [[438  59]]

 [[437  59]]

 [[436  58]]

 [[435  58]]

 [[434  57]]

 [[433  58]]

 [[432  57]]

 [[431  57]]

 [[430  57]]

 [[429  57]]

 [[428  57]]

 [[427  56]]

 [[426  56]]

 [[425  56]]

 [[424  55]]

 [[423  55]]

 [[422  55]]

 [[421  54]]

 [[421  53]]

 [[421  52]]

 [[421  51]]

 [[421  50]]

 [[421  49]]

 [[422  48]]

 [[422  47]]

 [[422  46]]

 [[422  45]]

 [[422  44]]

 [[422  43]]

 [[422  42]]

 [[422  41]]

 [[422  40]]

 [[422  39]]

 [[422  38]]

 [[422  37]]

 [[422  36]]

 [[422  35]]

 [[423  34]]

 [[423  33]]

 [[423  32]]

 [[423  31]]

 [[423  30]]

 [[423  29]]

 [[423  28]]

 [[423  27]]

 [[423  26]]

 [[422  25]]

 [[422  24]]

 [[422  23]]

 [[422  22]]

 [[423  21]]

 [[423  20]]

 [[423  19]]

 [[423  18]]

 [[423  17]]

 [[423  16]]

 [[423  15]]

 [[424  14]]

 [[424  13]]

 [[425  12]]]
