[[[  0   0]]

 [[ 96 126]]

 [[ 95 127]]

 [[ 94 127]]

 [[ 93 127]]

 [[ 92 128]]

 [[ 91 128]]

 [[ 90 129]]

 [[ 90 130]]

 [[ 89 131]]

 [[ 88 131]]

 [[ 87 131]]

 [[ 86 132]]

 [[ 85 132]]

 [[ 84 132]]

 [[ 83 132]]

 [[ 82 133]]

 [[ 81 133]]

 [[ 80 133]]

 [[ 79 132]]

 [[ 78 132]]

 [[ 77 132]]

 [[ 76 132]]

 [[ 75 133]]

 [[ 74 134]]

 [[ 73 135]]

 [[ 72 136]]

 [[ 71 136]]

 [[ 70 135]]

 [[ 69 135]]

 [[ 68 135]]

 [[ 67 134]]

 [[ 66 134]]

 [[ 65 135]]

 [[ 65 136]]

 [[ 65 137]]

 [[ 64 138]]

 [[ 63 139]]

 [[ 62 139]]

 [[ 61 139]]

 [[ 60 139]]

 [[ 59 140]]

 [[ 58 140]]

 [[ 57 140]]

 [[ 56 140]]

 [[ 55 140]]

 [[ 54 140]]

 [[ 53 140]]

 [[ 52 141]]

 [[ 51 142]]

 [[ 50 142]]

 [[ 49 143]]

 [[ 48 143]]

 [[ 47 142]]

 [[ 46 142]]

 [[ 45 142]]

 [[ 44 142]]

 [[ 43 142]]

 [[ 42 142]]

 [[ 41 142]]

 [[ 40 143]]

 [[ 39 143]]

 [[ 38 144]]

 [[ 37 144]]

 [[ 36 144]]

 [[ 35 145]]

 [[ 34 145]]

 [[ 33 146]]

 [[ 32 146]]

 [[ 31 146]]

 [[ 30 146]]

 [[ 29 146]]

 [[ 28 145]]

 [[ 27 146]]

 [[ 26 146]]

 [[ 26 147]]

 [[ 26 148]]

 [[ 25 149]]

 [[ 25 150]]

 [[ 24 151]]

 [[ 23 151]]

 [[ 22 151]]

 [[ 21 150]]

 [[ 20 150]]

 [[ 19 150]]

 [[ 18 150]]

 [[ 17 150]]

 [[ 16 150]]

 [[ 15 151]]

 [[ 14 151]]

 [[ 13 151]]

 [[ 12 151]]

 [[ 11 151]]

 [[ 10 150]]

 [[  9 149]]

 [[  8 149]]

 [[  9 150]]

 [[  8 151]]

 [[  8 152]]

 [[  8 153]]

 [[  7 154]]

 [[  6 154]]

 [[  5 154]]

 [[  4 154]]

 [[  3 155]]

 [[  2 154]]

 [[  1 154]]

 [[  1 155]]

 [[  1 156]]

 [[  1 157]]

 [[  1 158]]

 [[  1 159]]

 [[  1 160]]

 [[  2 160]]

 [[  3 160]]

 [[  4 160]]

 [[  5 160]]

 [[  6 160]]

 [[  7 159]]

 [[  8 158]]

 [[  9 158]]

 [[ 10 158]]

 [[ 11 157]]

 [[ 12 157]]

 [[ 13 156]]

 [[ 14 156]]

 [[ 15 156]]

 [[ 16 157]]

 [[ 17 157]]

 [[ 18 157]]

 [[ 19 157]]

 [[ 20 157]]

 [[ 21 157]]

 [[ 22 157]]

 [[ 23 156]]

 [[ 23 155]]

 [[ 24 154]]

 [[ 24 153]]

 [[ 25 152]]

 [[ 26 152]]

 [[ 27 152]]

 [[ 28 152]]

 [[ 29 152]]

 [[ 30 152]]

 [[ 31 153]]

 [[ 32 153]]

 [[ 33 152]]

 [[ 34 151]]

 [[ 34 150]]

 [[ 35 149]]

 [[ 36 149]]

 [[ 37 149]]

 [[ 38 149]]

 [[ 39 149]]

 [[ 40 150]]

 [[ 41 150]]

 [[ 42 150]]

 [[ 43 150]]

 [[ 44 150]]

 [[ 45 149]]

 [[ 46 148]]

 [[ 47 147]]

 [[ 48 146]]

 [[ 49 145]]

 [[ 50 145]]

 [[ 51 146]]

 [[ 52 146]]

 [[ 53 146]]

 [[ 54 146]]

 [[ 55 146]]

 [[ 56 146]]

 [[ 57 146]]

 [[ 58 145]]

 [[ 59 146]]

 [[ 60 146]]

 [[ 61 146]]

 [[ 62 146]]

 [[ 63 145]]

 [[ 64 144]]

 [[ 65 144]]

 [[ 66 143]]

 [[ 67 143]]

 [[ 68 142]]

 [[ 69 142]]

 [[ 70 142]]

 [[ 71 141]]

 [[ 71 140]]

 [[ 71 139]]

 [[ 72 138]]

 [[ 73 138]]

 [[ 74 138]]

 [[ 75 138]]

 [[ 76 138]]

 [[ 77 138]]

 [[ 78 138]]

 [[ 79 138]]

 [[ 80 138]]

 [[ 81 138]]

 [[ 82 138]]

 [[ 83 138]]

 [[ 84 138]]

 [[ 85 138]]

 [[ 86 138]]

 [[ 87 137]]

 [[ 88 137]]

 [[ 89 136]]

 [[ 90 135]]

 [[ 90 134]]

 [[ 91 133]]

 [[ 91 132]]

 [[ 91 131]]

 [[ 92 130]]

 [[ 93 130]]

 [[ 94 130]]

 [[ 95 129]]

 [[ 96 130]]

 [[ 97 130]]

 [[ 98 130]]

 [[ 99 130]]

 [[100 130]]

 [[101 130]]

 [[102 130]]

 [[103 129]]

 [[104 129]]

 [[105 129]]

 [[106 129]]

 [[107 128]]

 [[107 127]]

 [[106 126]]

 [[105 126]]

 [[104 126]]

 [[103 125]]

 [[102 125]]

 [[101 125]]

 [[100 125]]

 [[ 99 125]]

 [[ 98 125]]]
