[[[  0   0]]

 [[378  52]]

 [[378  53]]

 [[378  54]]

 [[378  55]]

 [[378  56]]

 [[378  57]]

 [[378  58]]

 [[378  59]]

 [[379  60]]

 [[380  60]]

 [[381  60]]

 [[382  61]]

 [[383  61]]

 [[384  61]]

 [[385  61]]

 [[386  61]]

 [[387  61]]

 [[388  61]]

 [[389  61]]

 [[390  61]]

 [[391  62]]

 [[392  62]]

 [[393  62]]

 [[394  62]]

 [[395  62]]

 [[396  62]]

 [[397  62]]

 [[398  62]]

 [[399  62]]

 [[400  62]]

 [[401  62]]

 [[402  62]]

 [[403  62]]

 [[404  62]]

 [[405  63]]

 [[405  64]]

 [[405  65]]

 [[406  66]]

 [[406  67]]

 [[407  68]]

 [[407  69]]

 [[408  69]]

 [[409  70]]

 [[410  70]]

 [[411  70]]

 [[412  70]]

 [[413  71]]

 [[414  71]]

 [[415  71]]

 [[416  71]]

 [[417  71]]

 [[418  71]]

 [[419  71]]

 [[420  71]]

 [[421  72]]

 [[422  72]]

 [[423  72]]

 [[424  72]]

 [[425  72]]

 [[426  72]]

 [[427  73]]

 [[428  73]]

 [[429  73]]

 [[430  72]]

 [[431  72]]

 [[432  72]]

 [[433  73]]

 [[434  73]]

 [[435  73]]

 [[436  73]]

 [[437  73]]

 [[438  73]]

 [[439  73]]

 [[440  73]]

 [[440  72]]

 [[441  71]]

 [[441  70]]

 [[441  69]]

 [[441  68]]

 [[441  67]]

 [[441  66]]

 [[440  65]]

 [[439  65]]

 [[438  65]]

 [[437  65]]

 [[436  65]]

 [[435  65]]

 [[434  65]]

 [[433  65]]

 [[432  65]]

 [[431  65]]

 [[430  65]]

 [[429  65]]

 [[428  65]]

 [[427  65]]

 [[426  65]]

 [[425  65]]

 [[424  65]]

 [[423  65]]

 [[422  65]]

 [[421  64]]

 [[420  64]]

 [[419  64]]

 [[418  64]]

 [[417  64]]

 [[416  63]]

 [[415  63]]

 [[414  63]]

 [[413  63]]

 [[412  62]]

 [[411  62]]

 [[410  62]]

 [[409  61]]

 [[408  60]]

 [[407  59]]

 [[407  58]]

 [[406  57]]

 [[405  56]]

 [[404  56]]

 [[403  55]]

 [[402  55]]

 [[401  55]]

 [[400  55]]

 [[399  55]]

 [[398  55]]

 [[397  55]]

 [[396  55]]

 [[395  55]]

 [[394  55]]

 [[393  55]]

 [[392  55]]

 [[391  55]]

 [[390  55]]

 [[389  54]]

 [[388  54]]

 [[387  54]]

 [[386  54]]

 [[385  54]]

 [[384  53]]

 [[383  53]]

 [[382  52]]

 [[381  52]]

 [[380  51]]]
[[[  0   0]]

 [[329  38]]

 [[328  39]]

 [[328  40]]

 [[328  41]]

 [[328  42]]

 [[328  43]]

 [[328  44]]

 [[329  45]]

 [[330  45]]

 [[331  45]]

 [[332  45]]

 [[333  46]]

 [[334  46]]

 [[335  46]]

 [[336  46]]

 [[337  46]]

 [[338  47]]

 [[339  47]]

 [[340  47]]

 [[341  47]]

 [[342  47]]

 [[343  47]]

 [[344  47]]

 [[345  47]]

 [[346  47]]

 [[347  47]]

 [[348  47]]

 [[349  47]]

 [[350  47]]

 [[351  47]]

 [[352  47]]

 [[353  47]]

 [[353  46]]

 [[353  45]]

 [[354  44]]

 [[354  43]]

 [[354  42]]

 [[354  41]]

 [[354  40]]

 [[354  39]]

 [[354  38]]

 [[353  38]]

 [[352  38]]

 [[351  39]]

 [[350  39]]

 [[349  39]]

 [[348  39]]

 [[347  39]]

 [[346  39]]

 [[345  39]]

 [[344  39]]

 [[343  39]]

 [[342  39]]

 [[341  39]]

 [[340  39]]

 [[339  38]]

 [[338  38]]

 [[337  38]]

 [[336  38]]

 [[335  38]]

 [[334  37]]

 [[333  37]]

 [[332  37]]

 [[331  37]]

 [[330  37]]]
[[[  0   0]]

 [[294  36]]

 [[294  37]]

 [[294  38]]

 [[294  39]]

 [[294  40]]

 [[294  41]]

 [[294  42]]

 [[295  43]]

 [[296  43]]

 [[297  44]]

 [[298  44]]

 [[299  44]]

 [[300  44]]

 [[301  44]]

 [[302  44]]

 [[303  44]]

 [[304  45]]

 [[305  45]]

 [[306  45]]

 [[307  45]]

 [[308  45]]

 [[309  45]]

 [[310  45]]

 [[311  45]]

 [[312  45]]

 [[313  45]]

 [[314  45]]

 [[315  45]]

 [[316  45]]

 [[317  45]]

 [[318  45]]

 [[319  44]]

 [[320  44]]

 [[321  44]]

 [[321  43]]

 [[321  42]]

 [[322  41]]

 [[322  40]]

 [[322  39]]

 [[322  38]]

 [[322  37]]

 [[321  36]]

 [[320  36]]

 [[319  36]]

 [[318  37]]

 [[317  37]]

 [[316  37]]

 [[315  37]]

 [[314  37]]

 [[313  37]]

 [[312  37]]

 [[311  37]]

 [[310  36]]

 [[309  36]]

 [[308  36]]

 [[307  36]]

 [[306  36]]

 [[305  36]]

 [[304  36]]

 [[303  36]]

 [[302  36]]

 [[301  36]]

 [[300  36]]

 [[299  35]]

 [[298  35]]

 [[297  35]]

 [[296  35]]]
[[[  0   0]]

 [[261  33]]

 [[261  34]]

 [[261  35]]

 [[261  36]]

 [[261  37]]

 [[261  38]]

 [[261  39]]

 [[262  40]]

 [[263  40]]

 [[264  40]]

 [[265  41]]

 [[266  41]]

 [[267  41]]

 [[268  41]]

 [[269  41]]

 [[270  41]]

 [[271  41]]

 [[272  42]]

 [[273  42]]

 [[274  42]]

 [[275  42]]

 [[276  42]]

 [[277  42]]

 [[278  42]]

 [[279  42]]

 [[280  42]]

 [[281  42]]

 [[282  41]]

 [[283  41]]

 [[284  41]]

 [[285  41]]

 [[286  41]]

 [[287  41]]

 [[288  41]]

 [[289  41]]

 [[289  40]]

 [[289  39]]

 [[289  38]]

 [[289  37]]

 [[289  36]]

 [[289  35]]

 [[289  34]]

 [[288  33]]

 [[287  33]]

 [[286  33]]

 [[285  33]]

 [[284  33]]

 [[283  33]]

 [[282  33]]

 [[281  33]]

 [[280  33]]

 [[279  34]]

 [[278  34]]

 [[277  34]]

 [[276  34]]

 [[275  33]]

 [[274  33]]

 [[273  33]]

 [[272  33]]

 [[271  33]]

 [[270  33]]

 [[269  33]]

 [[268  33]]

 [[267  33]]

 [[266  33]]

 [[265  32]]

 [[264  32]]

 [[263  32]]

 [[262  32]]]
[[[  0   0]]

 [[381  32]]

 [[380  33]]

 [[380  34]]

 [[380  35]]

 [[380  36]]

 [[380  37]]

 [[380  38]]

 [[381  39]]

 [[381  40]]

 [[382  40]]

 [[383  40]]

 [[384  40]]

 [[385  40]]

 [[386  40]]

 [[387  40]]

 [[388  40]]

 [[389  40]]

 [[390  40]]

 [[391  40]]

 [[392  40]]

 [[393  41]]

 [[394  41]]

 [[395  41]]

 [[396  41]]

 [[397  41]]

 [[398  41]]

 [[399  41]]

 [[400  41]]

 [[401  41]]

 [[402  41]]

 [[403  41]]

 [[404  41]]

 [[405  41]]

 [[406  41]]

 [[407  41]]

 [[408  42]]

 [[408  43]]

 [[408  44]]

 [[409  45]]

 [[409  46]]

 [[410  47]]

 [[411  47]]

 [[412  48]]

 [[413  48]]

 [[414  48]]

 [[415  48]]

 [[416  49]]

 [[417  49]]

 [[418  49]]

 [[419  49]]

 [[420  49]]

 [[421  50]]

 [[422  50]]

 [[423  50]]

 [[424  50]]

 [[425  50]]

 [[426  50]]

 [[427  50]]

 [[428  50]]

 [[429  50]]

 [[430  50]]

 [[431  50]]

 [[432  50]]

 [[433  50]]

 [[434  50]]

 [[435  50]]

 [[436  50]]

 [[437  50]]

 [[438  50]]

 [[439  50]]

 [[440  50]]

 [[441  50]]

 [[442  50]]

 [[443  49]]

 [[443  48]]

 [[444  47]]

 [[445  47]]

 [[446  46]]

 [[447  46]]

 [[447  45]]

 [[446  45]]

 [[445  44]]

 [[444  44]]

 [[443  43]]

 [[442  42]]

 [[441  42]]

 [[440  43]]

 [[439  43]]

 [[438  43]]

 [[437  43]]

 [[436  43]]

 [[435  43]]

 [[434  43]]

 [[433  43]]

 [[432  43]]

 [[431  43]]

 [[430  43]]

 [[429  43]]

 [[428  42]]

 [[427  42]]

 [[426  42]]

 [[425  42]]

 [[424  42]]

 [[423  42]]

 [[422  42]]

 [[421  42]]

 [[420  42]]

 [[419  42]]

 [[418  41]]

 [[417  41]]

 [[416  41]]

 [[415  40]]

 [[414  40]]

 [[413  39]]

 [[412  39]]

 [[411  38]]

 [[410  37]]

 [[409  36]]

 [[408  35]]

 [[407  34]]

 [[406  34]]

 [[405  34]]

 [[404  34]]

 [[403  34]]

 [[402  34]]

 [[401  34]]

 [[400  34]]

 [[399  34]]

 [[398  34]]

 [[397  34]]

 [[396  34]]

 [[395  34]]

 [[394  34]]

 [[393  34]]

 [[392  33]]

 [[391  33]]

 [[390  33]]

 [[389  33]]

 [[388  33]]

 [[387  33]]

 [[386  33]]

 [[385  32]]

 [[384  32]]

 [[383  31]]

 [[382  31]]]
[[[  0   0]]

 [[227  30]]

 [[227  31]]

 [[227  32]]

 [[227  33]]

 [[227  34]]

 [[227  35]]

 [[227  36]]

 [[227  37]]

 [[228  38]]

 [[229  39]]

 [[230  39]]

 [[231  39]]

 [[232  39]]

 [[233  39]]

 [[234  39]]

 [[235  39]]

 [[236  39]]

 [[237  39]]

 [[238  39]]

 [[239  39]]

 [[240  39]]

 [[241  39]]

 [[242  39]]

 [[243  39]]

 [[244  39]]

 [[245  39]]

 [[246  39]]

 [[247  39]]

 [[248  39]]

 [[249  39]]

 [[250  39]]

 [[251  39]]

 [[252  39]]

 [[253  39]]

 [[254  38]]

 [[255  38]]

 [[255  37]]

 [[255  36]]

 [[255  35]]

 [[255  34]]

 [[255  33]]

 [[255  32]]

 [[254  31]]

 [[253  31]]

 [[252  31]]

 [[251  31]]

 [[250  31]]

 [[249  31]]

 [[248  31]]

 [[247  31]]

 [[246  31]]

 [[245  31]]

 [[244  31]]

 [[243  31]]

 [[242  31]]

 [[241  31]]

 [[240  31]]

 [[239  31]]

 [[238  31]]

 [[237  31]]

 [[236  31]]

 [[235  31]]

 [[234  31]]

 [[233  31]]

 [[232  30]]

 [[231  30]]

 [[230  30]]

 [[229  29]]]
[[[  0   0]]

 [[469  21]]

 [[469  22]]

 ..., 
 [[472  20]]

 [[471  20]]

 [[470  20]]]
[[[  0   0]]

 [[505  35]]

 [[506  35]]

 [[507  35]]

 [[508  35]]

 [[509  35]]

 [[510  35]]

 [[511  35]]

 [[512  35]]

 [[513  36]]

 [[514  36]]

 [[515  37]]

 [[516  38]]

 [[516  39]]

 [[517  40]]

 [[517  41]]

 [[517  42]]

 [[517  43]]

 [[517  44]]

 [[518  45]]

 [[517  46]]

 [[517  47]]

 [[517  48]]

 [[516  49]]

 [[515  49]]

 [[514  50]]

 [[513  51]]

 [[513  52]]

 [[513  53]]

 [[512  54]]

 [[512  55]]

 [[512  56]]

 [[512  57]]

 [[512  58]]

 [[512  59]]

 [[512  60]]

 [[512  61]]

 [[512  62]]

 [[512  63]]

 [[511  64]]

 [[510  65]]

 [[509  65]]

 [[508  66]]

 [[507  66]]

 [[506  66]]

 [[505  66]]

 [[504  66]]

 [[503  67]]

 [[502  67]]

 [[501  67]]

 [[500  66]]

 [[499  65]]

 [[498  65]]

 [[497  64]]

 [[496  63]]

 [[495  62]]

 [[495  61]]

 [[495  60]]

 [[496  59]]

 [[496  58]]

 [[496  57]]

 [[496  56]]

 [[497  55]]

 [[497  54]]

 [[497  53]]

 [[498  52]]

 [[498  51]]

 [[498  50]]

 [[499  49]]

 [[499  48]]

 [[499  47]]

 [[498  46]]

 [[498  45]]

 [[499  44]]

 [[500  43]]

 [[500  42]]

 [[500  41]]

 [[500  40]]

 [[501  39]]

 [[501  38]]

 [[502  37]]

 [[503  36]]]
[[[  0   0]]

 [[375  17]]

 [[376  18]]

 [[376  19]]

 [[375  20]]

 [[374  20]]

 [[373  19]]

 [[372  19]]

 [[371  19]]

 [[370  19]]

 [[369  19]]

 [[368  19]]

 [[367  19]]

 [[366  19]]

 [[365  18]]

 [[364  18]]

 [[363  18]]

 [[362  17]]

 [[361  18]]

 [[360  18]]

 [[359  18]]

 [[358  19]]

 [[359  20]]

 [[359  21]]

 [[358  22]]

 [[357  22]]

 [[356  21]]

 [[356  20]]

 [[355  20]]

 [[354  20]]

 [[353  21]]

 [[352  21]]

 [[351  21]]

 [[350  20]]

 [[349  20]]

 [[348  20]]

 [[347  20]]

 [[346  20]]

 [[345  20]]

 [[344  20]]

 [[343  20]]

 [[342  20]]

 [[341  20]]

 [[340  20]]

 [[339  19]]

 [[338  19]]

 [[337  19]]

 [[336  19]]

 [[335  19]]

 [[334  19]]

 [[333  18]]

 [[332  18]]

 [[331  18]]

 [[330  18]]

 [[331  19]]

 [[331  20]]

 [[331  21]]

 [[331  22]]

 [[330  23]]

 [[330  24]]

 [[330  25]]

 [[331  26]]

 [[332  26]]

 [[333  27]]

 [[334  27]]

 [[335  27]]

 [[336  27]]

 [[337  27]]

 [[338  27]]

 [[339  28]]

 [[340  28]]

 [[341  28]]

 [[342  28]]

 [[343  28]]

 [[344  28]]

 [[345  28]]

 [[346  28]]

 [[347  28]]

 [[348  28]]

 [[349  28]]

 [[350  28]]

 [[351  28]]

 [[352  28]]

 [[353  28]]

 [[354  29]]

 [[355  28]]

 [[356  27]]

 [[356  26]]

 [[356  25]]

 [[356  24]]

 [[357  23]]

 [[358  24]]

 [[358  25]]

 [[358  26]]

 [[358  27]]

 [[358  28]]

 [[358  29]]

 [[358  30]]

 [[358  31]]

 [[359  31]]

 [[360  31]]

 [[360  30]]

 [[361  29]]

 [[361  28]]

 [[361  27]]

 [[360  26]]

 [[361  25]]

 [[362  25]]

 [[363  25]]

 [[364  26]]

 [[363  27]]

 [[363  28]]

 [[364  29]]

 [[365  28]]

 [[366  28]]

 [[367  28]]

 [[368  28]]

 [[369  27]]

 [[370  27]]

 [[371  26]]

 [[372  25]]

 [[371  25]]

 [[370  25]]

 [[369  25]]

 [[368  24]]

 [[367  24]]

 [[366  23]]

 [[366  22]]

 [[367  21]]

 [[368  21]]

 [[369  21]]

 [[370  21]]

 [[371  21]]

 [[372  22]]

 [[373  22]]

 [[374  23]]

 [[375  23]]

 [[376  23]]

 [[377  23]]

 [[378  23]]

 [[379  23]]

 [[380  22]]

 [[381  21]]

 [[381  20]]

 [[382  19]]

 [[383  18]]

 [[384  18]]

 [[385  19]]

 [[386  19]]

 [[387  19]]

 [[388  20]]

 [[389  21]]

 [[389  22]]

 [[390  22]]

 [[391  22]]

 [[392  22]]

 [[393  22]]

 [[394  22]]

 [[395  22]]

 [[396  22]]

 [[397  22]]

 [[398  21]]

 [[399  21]]

 [[400  20]]

 [[401  20]]

 [[402  20]]

 [[403  20]]

 [[404  20]]

 [[405  20]]

 [[406  20]]

 [[407  20]]

 [[408  20]]

 [[409  20]]

 [[410  21]]

 [[411  22]]

 [[411  23]]

 [[411  24]]

 [[412  25]]

 [[413  25]]

 [[414  25]]

 [[415  26]]

 [[416  26]]

 [[417  26]]

 [[418  26]]

 [[419  26]]

 [[420  26]]

 [[421  27]]

 [[422  27]]

 [[423  27]]

 [[424  27]]

 [[425  27]]

 [[426  27]]

 [[427  27]]

 [[428  28]]

 [[429  28]]

 [[430  28]]

 [[431  28]]

 [[432  28]]

 [[433  28]]

 [[434  29]]

 [[435  30]]

 [[436  30]]

 [[437  30]]

 [[438  30]]

 [[439  30]]

 [[440  30]]

 [[441  30]]

 [[442  29]]

 [[443  29]]

 [[443  28]]

 [[444  27]]

 [[444  26]]

 [[443  25]]

 [[442  24]]

 [[441  24]]

 [[440  23]]

 [[439  23]]

 [[438  23]]

 [[437  24]]

 [[436  24]]

 [[435  25]]

 [[434  25]]

 [[433  26]]

 [[432  25]]

 [[431  25]]

 [[430  25]]

 [[429  24]]

 [[428  24]]

 [[427  24]]

 [[426  24]]

 [[425  24]]

 [[424  24]]

 [[423  24]]

 [[422  24]]

 [[421  23]]

 [[420  22]]

 [[419  21]]

 [[418  21]]

 [[417  20]]

 [[416  20]]

 [[415  20]]

 [[414  20]]

 [[413  19]]

 [[412  18]]

 [[411  17]]

 [[410  17]]

 [[409  17]]

 [[408  18]]

 [[407  18]]

 [[406  18]]

 [[405  18]]

 [[404  17]]

 [[403  17]]

 [[402  17]]

 [[401  17]]

 [[400  17]]

 [[399  17]]

 [[398  17]]

 [[397  18]]

 [[396  18]]

 [[395  18]]

 [[394  18]]

 [[393  18]]

 [[392  17]]

 [[391  17]]

 [[390  17]]

 [[389  17]]

 [[388  16]]

 [[387  16]]

 [[386  16]]

 [[385  16]]

 [[384  16]]

 [[383  16]]

 [[382  16]]

 [[381  17]]

 [[380  17]]

 [[379  16]]

 [[378  16]]

 [[377  16]]

 [[376  16]]]
[[[  0   0]]

 [[296  17]]

 [[296  18]]

 [[296  19]]

 [[296  20]]

 [[296  21]]

 [[296  22]]

 [[296  23]]

 [[296  24]]

 [[297  24]]

 [[298  25]]

 [[299  25]]

 [[300  25]]

 [[301  25]]

 [[302  26]]

 [[303  26]]

 [[304  26]]

 [[305  26]]

 [[306  26]]

 [[307  26]]

 [[308  26]]

 [[309  26]]

 [[310  26]]

 [[311  26]]

 [[312  26]]

 [[313  26]]

 [[314  26]]

 [[315  26]]

 [[316  26]]

 [[317  26]]

 [[318  26]]

 [[319  26]]

 [[320  26]]

 [[321  26]]

 [[322  25]]

 [[323  24]]

 [[323  23]]

 [[323  22]]

 [[323  21]]

 [[323  20]]

 [[323  19]]

 [[323  18]]

 [[322  17]]

 [[321  18]]

 [[320  18]]

 [[319  18]]

 [[318  18]]

 [[317  18]]

 [[316  18]]

 [[315  18]]

 [[314  18]]

 [[313  18]]

 [[312  18]]

 [[311  18]]

 [[310  18]]

 [[309  18]]

 [[308  18]]

 [[307  18]]

 [[306  18]]

 [[305  18]]

 [[304  17]]

 [[303  17]]

 [[302  17]]

 [[301  17]]

 [[300  17]]

 [[299  16]]

 [[298  16]]]
[[[  0   0]]

 [[263  15]]

 [[263  16]]

 [[263  17]]

 [[263  18]]

 [[263  19]]

 [[263  20]]

 [[263  21]]

 [[264  22]]

 [[265  22]]

 [[266  22]]

 [[267  22]]

 [[268  23]]

 [[269  23]]

 [[270  23]]

 [[271  23]]

 [[272  23]]

 [[273  23]]

 [[274  23]]

 [[275  23]]

 [[276  23]]

 [[277  23]]

 [[278  23]]

 [[279  23]]

 [[280  23]]

 [[281  23]]

 [[282  23]]

 [[283  23]]

 [[284  23]]

 [[285  23]]

 [[286  23]]

 [[287  23]]

 [[288  23]]

 [[289  22]]

 [[290  21]]

 [[289  20]]

 [[289  19]]

 [[290  18]]

 [[290  17]]

 [[290  16]]

 [[289  15]]

 [[288  15]]

 [[287  15]]

 [[286  15]]

 [[285  15]]

 [[284  15]]

 [[283  16]]

 [[282  15]]

 [[281  15]]

 [[280  15]]

 [[279  15]]

 [[278  15]]

 [[277  15]]

 [[276  15]]

 [[275  15]]

 [[274  15]]

 [[273  15]]

 [[272  15]]

 [[271  15]]

 [[270  15]]

 [[269  14]]

 [[268  14]]

 [[267  14]]

 [[266  14]]

 [[265  14]]

 [[264  14]]]
[[[  0   0]]

 [[228  12]]

 [[228  13]]

 [[228  14]]

 [[228  15]]

 [[228  16]]

 [[228  17]]

 [[228  18]]

 [[229  19]]

 [[230  19]]

 [[231  20]]

 [[232  20]]

 [[233  20]]

 [[234  20]]

 [[235  20]]

 [[236  20]]

 [[237  20]]

 [[238  20]]

 [[239  21]]

 [[240  21]]

 [[241  21]]

 [[242  21]]

 [[243  21]]

 [[244  21]]

 [[245  21]]

 [[246  21]]

 [[247  21]]

 [[248  21]]

 [[249  21]]

 [[250  21]]

 [[251  21]]

 [[252  21]]

 [[253  21]]

 [[254  20]]

 [[255  20]]

 [[255  19]]

 [[255  18]]

 [[255  17]]

 [[255  16]]

 [[256  15]]

 [[256  14]]

 [[256  13]]

 [[255  13]]

 [[254  13]]

 [[253  13]]

 [[252  13]]

 [[251  13]]

 [[250  13]]

 [[249  13]]

 [[248  13]]

 [[247  13]]

 [[246  13]]

 [[245  13]]

 [[244  13]]

 [[243  13]]

 [[242  13]]

 [[241  13]]

 [[240  13]]

 [[239  13]]

 [[238  13]]

 [[237  13]]

 [[236  13]]

 [[235  12]]

 [[234  12]]

 [[233  12]]

 [[232  12]]

 [[231  12]]

 [[230  11]]

 [[229  11]]]
