[[[  0   0]]

 [[562  90]]

 [[561  90]]

 [[560  91]]

 [[559  92]]

 [[558  92]]

 [[557  92]]

 [[556  93]]

 [[555  93]]

 [[554  94]]

 [[553  95]]

 [[552  95]]

 [[551  96]]

 [[550  96]]

 [[549  96]]

 [[548  96]]

 [[547  97]]

 [[546  98]]

 [[545  99]]

 [[544  99]]

 [[543 100]]

 [[542 101]]

 [[541 102]]

 [[540 102]]

 [[539 103]]

 [[538 104]]

 [[537 105]]

 [[537 106]]

 [[536 107]]

 [[536 108]]

 [[535 109]]

 [[534 110]]

 [[533 110]]

 [[532 111]]

 [[531 111]]

 [[530 111]]

 [[529 111]]

 [[528 111]]

 [[527 110]]

 [[526 110]]

 [[525 111]]

 [[525 112]]

 [[524 113]]

 [[523 114]]

 [[522 115]]

 [[521 116]]

 [[520 117]]

 [[519 118]]

 [[518 118]]

 [[517 119]]

 [[516 119]]

 [[515 118]]

 [[514 118]]

 [[513 118]]

 [[513 119]]

 [[512 120]]

 [[511 121]]

 [[510 122]]

 [[509 123]]

 [[508 123]]

 [[507 123]]

 [[506 124]]

 [[505 124]]

 [[504 124]]

 [[503 123]]

 [[502 123]]

 [[501 123]]

 [[500 123]]

 [[499 124]]

 [[498 124]]

 [[497 125]]

 [[496 125]]

 [[495 125]]

 [[494 125]]

 [[493 125]]

 [[492 125]]

 [[491 125]]

 [[490 125]]

 [[489 125]]

 [[488 125]]

 [[487 125]]

 [[486 125]]

 [[485 126]]

 [[484 127]]

 [[483 128]]

 [[482 128]]

 [[481 128]]

 [[480 128]]

 [[480 129]]

 [[479 130]]

 [[479 131]]

 [[478 132]]

 [[477 133]]

 [[477 134]]

 [[476 135]]

 [[475 135]]

 [[474 136]]

 [[473 136]]

 [[472 137]]

 [[471 137]]

 [[470 137]]

 [[469 136]]

 [[468 137]]

 [[467 138]]

 [[466 139]]

 [[465 140]]

 [[464 141]]

 [[463 142]]

 [[463 143]]

 [[462 144]]

 [[461 144]]

 [[460 144]]

 [[459 144]]

 [[458 144]]

 [[457 144]]

 [[456 145]]

 [[455 146]]

 [[454 147]]

 [[453 147]]

 [[452 147]]

 [[451 148]]

 [[450 149]]

 [[449 150]]

 [[449 151]]

 [[449 152]]

 [[449 153]]

 [[449 154]]

 [[449 155]]

 [[450 156]]

 [[451 157]]

 [[452 158]]

 [[451 159]]

 [[450 159]]

 [[449 160]]

 [[448 160]]

 [[447 160]]

 [[446 161]]

 [[445 161]]

 [[444 160]]

 [[443 161]]

 [[442 162]]

 [[441 163]]

 [[441 164]]

 [[441 165]]

 [[441 166]]

 [[441 167]]

 [[441 168]]

 [[441 169]]

 [[440 170]]

 [[439 171]]

 [[438 171]]

 [[437 172]]

 [[436 172]]

 [[435 172]]

 [[434 172]]

 [[433 173]]

 [[432 173]]

 [[431 173]]

 [[430 172]]

 [[429 171]]

 [[428 172]]

 [[427 172]]

 [[426 173]]

 [[425 173]]

 [[424 173]]

 [[424 174]]

 [[425 175]]

 [[426 175]]

 [[427 175]]

 [[428 175]]

 [[429 174]]

 [[430 174]]

 [[431 174]]

 [[432 175]]

 [[433 176]]

 [[434 176]]

 [[435 176]]

 [[436 177]]

 [[436 178]]

 [[437 179]]

 [[437 180]]

 [[437 181]]

 [[437 182]]

 [[437 183]]

 [[437 184]]

 [[437 185]]

 [[437 186]]

 [[437 187]]

 [[437 188]]

 [[436 189]]

 [[435 190]]

 [[434 191]]

 [[434 192]]

 [[434 193]]

 [[434 194]]

 [[434 195]]

 [[434 196]]

 [[434 197]]

 [[434 198]]

 [[433 199]]

 [[433 200]]

 [[433 201]]

 [[432 202]]

 [[433 203]]

 [[433 204]]

 [[433 205]]

 [[433 206]]

 [[433 207]]

 [[433 208]]

 [[432 209]]

 [[431 209]]

 [[431 210]]

 [[432 210]]

 [[433 209]]

 [[434 209]]

 [[435 209]]

 [[436 210]]

 [[436 211]]

 [[437 210]]

 [[438 210]]

 [[439 210]]

 [[439 209]]

 [[439 208]]

 [[438 207]]

 [[438 206]]

 [[438 205]]

 [[438 204]]

 [[438 203]]

 [[437 202]]

 [[437 201]]

 [[437 200]]

 [[437 199]]

 [[438 198]]

 [[438 197]]

 [[438 196]]

 [[438 195]]

 [[439 194]]

 [[440 195]]

 [[441 196]]

 [[441 197]]

 [[442 197]]

 [[443 198]]

 [[444 198]]

 [[445 199]]

 [[446 200]]

 [[447 201]]

 [[447 202]]

 [[446 203]]

 [[446 204]]

 [[446 205]]

 [[445 206]]

 [[444 207]]

 [[444 208]]

 [[443 209]]

 [[443 210]]

 [[444 211]]

 [[445 212]]

 [[445 213]]

 [[445 214]]

 [[444 215]]

 [[444 216]]

 [[443 217]]

 [[444 217]]

 [[445 218]]

 [[445 217]]

 [[446 216]]

 [[446 215]]

 [[447 214]]

 [[447 213]]

 [[448 212]]

 [[449 212]]

 [[450 212]]

 [[451 211]]

 [[451 210]]

 [[452 209]]

 [[452 208]]

 [[452 207]]

 [[452 206]]

 [[453 205]]

 [[453 204]]

 [[453 203]]

 [[453 202]]

 [[453 201]]

 [[453 200]]

 [[452 199]]

 [[451 198]]

 [[450 198]]

 [[449 197]]

 [[449 196]]

 [[448 195]]

 [[448 194]]

 [[449 193]]

 [[449 192]]

 [[449 191]]

 [[449 190]]

 [[449 189]]

 [[448 188]]

 [[448 187]]

 [[448 186]]

 [[448 185]]

 [[448 184]]

 [[448 183]]

 [[447 182]]

 [[447 181]]

 [[447 180]]

 [[447 179]]

 [[447 178]]

 [[448 177]]

 [[448 176]]

 [[449 175]]

 [[449 174]]

 [[449 173]]

 [[449 172]]

 [[450 171]]

 [[451 170]]

 [[452 169]]

 [[453 168]]

 [[454 168]]

 [[455 167]]

 [[455 166]]

 [[456 165]]

 [[456 164]]

 [[456 163]]

 [[457 162]]

 [[457 161]]

 [[458 160]]

 [[459 159]]

 [[460 158]]

 [[461 157]]

 [[462 156]]

 [[462 155]]

 [[463 154]]

 [[463 153]]

 [[464 152]]

 [[465 151]]

 [[466 151]]

 [[467 152]]

 [[468 152]]

 [[469 151]]

 [[470 151]]

 [[470 150]]

 [[471 149]]

 [[471 148]]

 [[471 147]]

 [[471 146]]

 [[472 145]]

 [[472 144]]

 [[473 143]]

 [[473 142]]

 [[474 141]]

 [[475 140]]

 [[476 140]]

 [[477 140]]

 [[478 140]]

 [[479 139]]

 [[480 139]]

 [[481 138]]

 [[482 137]]

 [[483 136]]

 [[484 135]]

 [[485 135]]

 [[486 135]]

 [[487 135]]

 [[488 134]]

 [[489 134]]

 [[490 133]]

 [[491 133]]

 [[492 132]]

 [[493 132]]

 [[494 131]]

 [[495 131]]

 [[496 131]]

 [[497 131]]

 [[498 131]]

 [[499 131]]

 [[500 130]]

 [[501 130]]

 [[502 130]]

 [[503 130]]

 [[504 129]]

 [[505 128]]

 [[506 128]]

 [[507 128]]

 [[508 127]]

 [[509 127]]

 [[510 127]]

 [[511 127]]

 [[512 127]]

 [[513 127]]

 [[514 126]]

 [[515 125]]

 [[516 125]]

 [[517 125]]

 [[518 125]]

 [[519 125]]

 [[520 124]]

 [[520 123]]

 [[521 122]]

 [[522 121]]

 [[523 121]]

 [[524 121]]

 [[525 121]]

 [[526 120]]

 [[527 120]]

 [[528 120]]

 [[529 120]]

 [[530 119]]

 [[530 118]]

 [[531 117]]

 [[532 116]]

 [[533 115]]

 [[534 115]]

 [[535 114]]

 [[536 114]]

 [[537 113]]

 [[538 112]]

 [[539 111]]

 [[540 110]]

 [[541 109]]

 [[542 108]]

 [[543 108]]

 [[544 107]]

 [[545 107]]

 [[546 106]]

 [[547 106]]

 [[548 105]]

 [[549 105]]

 [[550 105]]

 [[551 105]]

 [[552 104]]

 [[553 103]]

 [[554 103]]

 [[555 102]]

 [[556 102]]

 [[557 102]]

 [[558 101]]

 [[559 101]]

 [[559 100]]

 [[560  99]]

 [[561  98]]

 [[562  97]]

 [[562  96]]

 [[562  95]]

 [[563  94]]

 [[564  93]]

 [[565  92]]

 [[566  92]]

 [[567  91]]

 [[568  91]]

 [[567  90]]

 [[566  90]]

 [[565  90]]

 [[564  89]]]
[[[  0   0]]

 [[222  43]]

 [[221  43]]

 [[220  43]]

 [[219  44]]

 [[218  44]]

 [[217  45]]

 [[216  45]]

 [[215  46]]

 [[214  47]]

 [[213  48]]

 [[212  49]]

 [[211  50]]

 [[210  50]]

 [[209  51]]

 [[208  51]]

 [[207  52]]

 [[206  53]]

 [[206  54]]

 [[205  55]]

 [[204  56]]

 [[203  57]]

 [[202  58]]

 [[201  59]]

 [[200  59]]

 [[199  60]]

 [[198  60]]

 [[197  61]]

 [[196  61]]

 [[195  61]]

 [[194  61]]

 [[194  62]]

 [[193  63]]

 [[192  64]]

 [[192  65]]

 [[191  66]]

 [[190  66]]

 [[189  67]]

 [[188  68]]

 [[187  68]]

 [[186  68]]

 [[185  69]]

 [[184  69]]

 [[184  70]]

 [[183  71]]

 [[182  71]]

 [[181  72]]

 [[180  72]]

 [[179  72]]

 [[178  72]]

 [[177  72]]

 [[176  73]]

 [[175  74]]

 [[174  74]]

 [[173  75]]

 [[172  76]]

 [[171  76]]

 [[170  76]]

 [[169  77]]

 [[168  78]]

 [[167  79]]

 [[166  80]]

 [[165  80]]

 [[164  81]]

 [[163  81]]

 [[162  81]]

 [[161  81]]

 [[160  82]]

 [[159  82]]

 [[158  83]]

 [[157  84]]

 [[156  85]]

 [[155  86]]

 [[154  86]]

 [[153  86]]

 [[152  87]]

 [[151  87]]

 [[150  88]]

 [[149  89]]

 [[148  89]]

 [[147  89]]

 [[146  89]]

 [[145  89]]

 [[144  90]]

 [[143  91]]

 [[142  92]]

 [[141  92]]

 [[140  93]]

 [[139  93]]

 [[138  93]]

 [[137  93]]

 [[137  94]]

 [[137  95]]

 [[137  96]]

 [[137  97]]

 [[138  98]]

 [[139  97]]

 [[140  98]]

 [[141  98]]

 [[142  99]]

 [[143  98]]

 [[144  98]]

 [[145  97]]

 [[146  96]]

 [[147  96]]

 [[148  95]]

 [[149  95]]

 [[150  94]]

 [[150  93]]

 [[151  92]]

 [[152  91]]

 [[153  90]]

 [[154  90]]

 [[155  90]]

 [[156  90]]

 [[157  90]]

 [[158  90]]

 [[159  89]]

 [[159  88]]

 [[160  87]]

 [[160  86]]

 [[161  85]]

 [[162  85]]

 [[163  85]]

 [[164  85]]

 [[165  85]]

 [[166  85]]

 [[167  85]]

 [[168  84]]

 [[169  84]]

 [[170  84]]

 [[171  84]]

 [[172  83]]

 [[173  82]]

 [[173  81]]

 [[174  80]]

 [[175  79]]

 [[176  79]]

 [[177  78]]

 [[178  78]]

 [[179  77]]

 [[180  77]]

 [[181  77]]

 [[182  77]]

 [[183  76]]

 [[184  76]]

 [[185  76]]

 [[186  75]]

 [[187  75]]

 [[188  74]]

 [[189  74]]

 [[190  73]]

 [[191  73]]

 [[192  72]]

 [[193  72]]

 [[194  71]]

 [[195  70]]

 [[196  69]]

 [[197  68]]

 [[198  67]]

 [[199  66]]

 [[200  65]]

 [[201  65]]

 [[202  65]]

 [[203  64]]

 [[204  63]]

 [[205  63]]

 [[206  62]]

 [[207  62]]

 [[208  62]]

 [[209  61]]

 [[209  60]]

 [[210  59]]

 [[210  58]]

 [[211  57]]

 [[212  56]]

 [[213  55]]

 [[213  54]]

 [[214  53]]

 [[215  52]]

 [[216  51]]

 [[217  50]]

 [[218  50]]

 [[219  49]]

 [[220  49]]

 [[221  48]]

 [[222  48]]

 [[223  47]]

 [[224  47]]

 [[225  46]]

 [[225  45]]

 [[225  44]]

 [[225  43]]

 [[224  43]]]
