[[[  0   0]]

 [[ 47 150]]

 [[ 47 151]]

 ..., 
 [[ 47 152]]

 [[ 47 151]]

 [[ 47 150]]]
[[[  0   0]]

 [[135  84]]

 [[134  85]]

 [[133  86]]

 [[132  86]]

 [[131  87]]

 [[130  87]]

 [[129  87]]

 [[128  88]]

 [[127  88]]

 [[126  89]]

 [[125  89]]

 [[124  89]]

 [[123  90]]

 [[122  90]]

 [[121  91]]

 [[120  91]]

 [[119  91]]

 [[118  91]]

 [[117  92]]

 [[116  92]]

 [[115  92]]

 [[114  92]]

 [[113  92]]

 [[112  92]]

 [[111  92]]

 [[110  92]]

 [[109  92]]

 [[108  92]]

 [[107  92]]

 [[106  92]]

 [[105  92]]

 [[104  92]]

 [[103  92]]

 [[102  92]]

 [[101  92]]

 [[100  92]]

 [[ 99  92]]

 [[ 98  92]]

 [[ 97  92]]

 [[ 96  92]]

 [[ 95  92]]

 [[ 94  92]]

 [[ 93  92]]

 [[ 92  92]]

 [[ 91  92]]

 [[ 90  92]]

 [[ 89  92]]

 [[ 88  92]]

 [[ 87  92]]

 [[ 86  91]]

 [[ 85  91]]

 [[ 84  91]]

 [[ 84  92]]

 [[ 85  93]]

 [[ 85  94]]

 [[ 86  95]]

 [[ 86  96]]

 [[ 86  97]]

 [[ 87  98]]

 [[ 87  99]]

 [[ 87 100]]

 [[ 87 101]]

 [[ 87 102]]

 [[ 87 103]]

 [[ 87 104]]

 [[ 87 105]]

 [[ 88 106]]

 [[ 89 106]]

 [[ 90 106]]

 [[ 91 106]]

 [[ 92 107]]

 [[ 93 107]]

 [[ 94 107]]

 [[ 95 107]]

 [[ 96 107]]

 [[ 97 107]]

 [[ 98 107]]

 [[ 99 107]]

 [[100 107]]

 [[101 107]]

 [[102 107]]

 [[103 107]]

 [[104 107]]

 [[105 107]]

 [[106 107]]

 [[107 107]]

 [[108 107]]

 [[109 107]]

 [[110 107]]

 [[111 107]]

 [[112 108]]

 [[113 108]]

 [[114 108]]

 [[115 108]]

 [[116 108]]

 [[117 108]]

 [[118 108]]

 [[119 108]]

 [[120 108]]

 [[121 108]]

 [[122 107]]

 [[123 107]]

 [[124 106]]

 [[125 106]]

 [[126 106]]

 [[127 105]]

 [[128 105]]

 [[129 104]]

 [[130 104]]

 [[131 103]]

 [[132 103]]

 [[133 102]]

 [[134 102]]

 [[135 102]]

 [[136 101]]

 [[137 100]]

 [[137  99]]

 [[138  98]]

 [[138  97]]

 [[138  96]]

 [[138  95]]

 [[138  94]]

 [[138  93]]

 [[138  92]]

 [[138  91]]

 [[138  90]]

 [[138  89]]

 [[138  88]]

 [[139  87]]

 [[139  86]]

 [[139  85]]

 [[139  84]]

 [[138  83]]

 [[137  83]]]
[[[  0   0]]

 [[132  49]]

 [[131  50]]

 [[130  51]]

 [[129  51]]

 [[128  52]]

 [[127  52]]

 [[126  53]]

 [[125  54]]

 [[124  54]]

 [[123  54]]

 [[122  54]]

 [[121  55]]

 [[120  55]]

 [[119  55]]

 [[118  56]]

 [[117  56]]

 [[116  56]]

 [[115  56]]

 [[114  57]]

 [[113  57]]

 [[112  57]]

 [[111  57]]

 [[110  57]]

 [[109  57]]

 [[108  57]]

 [[107  57]]

 [[106  57]]

 [[105  57]]

 [[104  57]]

 [[103  57]]

 [[102  57]]

 [[101  57]]

 [[100  57]]

 [[ 99  58]]

 [[ 98  57]]

 [[ 97  57]]

 [[ 96  57]]

 [[ 95  57]]

 [[ 94  57]]

 [[ 93  56]]

 [[ 92  55]]

 [[ 92  54]]

 [[ 92  53]]

 [[ 92  52]]

 [[ 92  51]]

 [[ 92  50]]

 [[ 91  50]]

 [[ 91  51]]

 [[ 91  52]]

 [[ 92  53]]

 [[ 92  54]]

 [[ 92  55]]

 [[ 91  56]]

 [[ 90  57]]

 [[ 89  57]]

 [[ 88  57]]

 [[ 87  58]]

 [[ 86  58]]

 [[ 85  58]]

 [[ 84  58]]

 [[ 83  58]]

 [[ 83  59]]

 [[ 83  60]]

 [[ 83  61]]

 [[ 83  62]]

 [[ 84  63]]

 [[ 84  64]]

 [[ 84  65]]

 [[ 84  66]]

 [[ 84  67]]

 [[ 84  68]]

 [[ 84  69]]

 [[ 84  70]]

 [[ 84  71]]

 [[ 84  72]]

 [[ 85  72]]

 [[ 86  73]]

 [[ 87  73]]

 [[ 88  73]]

 [[ 89  73]]

 [[ 90  73]]

 [[ 91  73]]

 [[ 92  73]]

 [[ 93  73]]

 [[ 94  73]]

 [[ 95  73]]

 [[ 96  73]]

 [[ 97  73]]

 [[ 98  73]]

 [[ 99  73]]

 [[100  73]]

 [[101  73]]

 [[102  73]]

 [[103  73]]

 [[104  73]]

 [[105  73]]

 [[106  73]]

 [[107  73]]

 [[108  73]]

 [[109  73]]

 [[110  73]]

 [[111  73]]

 [[112  73]]

 [[113  73]]

 [[114  73]]

 [[115  73]]

 [[116  73]]

 [[117  73]]

 [[118  72]]

 [[119  72]]

 [[120  72]]

 [[121  71]]

 [[122  71]]

 [[123  71]]

 [[124  70]]

 [[125  70]]

 [[126  70]]

 [[127  69]]

 [[128  68]]

 [[129  68]]

 [[130  68]]

 [[131  67]]

 [[132  67]]

 [[133  66]]

 [[134  65]]

 [[134  64]]

 [[134  63]]

 [[134  62]]

 [[134  61]]

 [[133  60]]

 [[133  59]]

 [[133  58]]

 [[133  57]]

 [[133  56]]

 [[133  55]]

 [[133  54]]

 [[133  53]]

 [[133  52]]

 [[134  51]]

 [[134  50]]

 [[133  49]]]
[[[  0   0]]

 [[166  31]]

 [[165  31]]

 [[164  32]]

 [[163  32]]

 [[162  32]]

 [[161  33]]

 [[160  33]]

 [[159  33]]

 [[158  33]]

 [[157  33]]

 [[156  34]]

 [[155  34]]

 [[154  34]]

 [[153  34]]

 [[152  34]]

 [[151  34]]

 [[150  34]]

 [[149  35]]

 [[148  35]]

 [[147  35]]

 [[146  35]]

 [[145  35]]

 [[144  35]]

 [[143  35]]

 [[142  34]]

 [[141  34]]

 [[140  34]]

 [[139  34]]

 [[138  34]]

 [[137  35]]

 [[136  34]]

 [[135  33]]

 [[134  33]]

 [[133  34]]

 [[133  35]]

 [[133  36]]

 [[133  37]]

 [[134  38]]

 [[133  39]]

 [[133  40]]

 [[133  41]]

 [[134  40]]

 [[135  39]]

 [[136  38]]

 [[137  38]]

 [[138  39]]

 [[138  40]]

 [[138  41]]

 [[139  42]]

 [[139  43]]

 [[140  44]]

 [[141  44]]

 [[142  44]]

 [[143  44]]

 [[144  44]]

 [[145  44]]

 [[146  44]]

 [[147  44]]

 [[148  44]]

 [[149  44]]

 [[150  44]]

 [[151  44]]

 [[152  44]]

 [[153  44]]

 [[154  44]]

 [[155  44]]

 [[156  44]]

 [[157  44]]

 [[158  43]]

 [[159  43]]

 [[160  43]]

 [[161  43]]

 [[162  42]]

 [[163  42]]

 [[164  42]]

 [[165  41]]

 [[166  41]]

 [[167  40]]

 [[168  39]]

 [[169  39]]

 [[170  38]]

 [[170  37]]

 [[170  36]]

 [[170  35]]

 [[170  34]]

 [[170  33]]

 [[170  32]]

 [[170  31]]

 [[169  30]]

 [[168  30]]]
[[[  0   0]]

 [[ 88  21]]

 [[ 87  22]]

 [[ 87  23]]

 [[ 86  24]]

 [[ 85  25]]

 [[ 85  26]]

 [[ 85  27]]

 [[ 86  28]]

 [[ 85  29]]

 [[ 84  30]]

 [[ 83  31]]

 [[ 82  31]]

 [[ 81  31]]

 [[ 80  31]]

 [[ 79  31]]

 [[ 79  32]]

 [[ 78  33]]

 [[ 79  34]]

 [[ 80  35]]

 [[ 81  35]]

 [[ 82  35]]

 [[ 83  35]]

 [[ 84  34]]

 [[ 85  34]]

 [[ 86  34]]

 [[ 87  34]]

 [[ 88  35]]

 [[ 89  35]]

 [[ 90  35]]

 [[ 91  36]]

 [[ 92  37]]

 [[ 93  37]]

 [[ 94  37]]

 [[ 95  37]]

 [[ 96  37]]

 [[ 97  37]]

 [[ 98  37]]

 [[ 99  37]]

 [[100  36]]

 [[100  35]]

 [[101  34]]

 [[102  34]]

 [[103  33]]

 [[104  33]]

 [[105  34]]

 [[106  35]]

 [[107  35]]

 [[108  36]]

 [[109  36]]

 [[110  36]]

 [[111  36]]

 [[112  35]]

 [[113  35]]

 [[114  34]]

 [[115  34]]

 [[116  33]]

 [[117  33]]

 [[118  33]]

 [[119  32]]

 [[120  31]]

 [[121  31]]

 [[122  31]]

 [[123  30]]

 [[124  30]]

 [[125  30]]

 [[126  29]]

 [[127  29]]

 [[128  29]]

 [[129  29]]

 [[130  29]]

 [[131  29]]

 [[132  30]]

 [[133  30]]

 [[134  30]]

 [[135  29]]

 [[135  28]]

 [[135  27]]

 [[134  26]]

 [[134  25]]

 [[133  25]]

 [[132  25]]

 [[131  25]]

 [[130  25]]

 [[129  25]]

 [[128  25]]

 [[127  25]]

 [[126  24]]

 [[125  25]]

 [[124  25]]

 [[123  26]]

 [[122  27]]

 [[121  27]]

 [[120  28]]

 [[119  28]]

 [[118  29]]

 [[117  29]]

 [[116  29]]

 [[115  29]]

 [[114  30]]

 [[113  30]]

 [[112  30]]

 [[111  30]]

 [[110  30]]

 [[109  30]]

 [[108  31]]

 [[107  31]]

 [[106  31]]

 [[105  32]]

 [[104  32]]

 [[103  32]]

 [[102  33]]

 [[101  33]]

 [[100  33]]

 [[ 99  33]]

 [[ 98  33]]

 [[ 97  34]]

 [[ 96  35]]

 [[ 95  35]]

 [[ 94  36]]

 [[ 93  36]]

 [[ 92  36]]

 [[ 91  35]]

 [[ 91  34]]

 [[ 91  33]]

 [[ 90  32]]

 [[ 90  31]]

 [[ 89  30]]

 [[ 88  29]]

 [[ 88  28]]

 [[ 88  27]]

 [[ 88  26]]

 [[ 89  25]]

 [[ 89  24]]

 [[ 89  23]]

 [[ 89  22]]

 [[ 90  21]]]
[[[  0   0]]

 [[163  11]]

 [[162  11]]

 [[161  11]]

 [[160  11]]

 [[159  11]]

 [[158  12]]

 [[157  12]]

 [[156  12]]

 [[155  12]]

 [[154  12]]

 [[153  12]]

 [[152  12]]

 [[151  13]]

 [[150  13]]

 [[149  13]]

 [[148  13]]

 [[147  13]]

 [[146  14]]

 [[145  14]]

 [[144  13]]

 [[143  13]]

 [[142  13]]

 [[141  13]]

 [[140  14]]

 [[139  14]]

 [[138  14]]

 [[137  15]]

 [[136  16]]

 [[136  17]]

 [[136  18]]

 [[136  19]]

 [[136  20]]

 [[136  21]]

 [[136  22]]

 [[136  23]]

 [[137  22]]

 [[138  22]]

 [[139  22]]

 [[140  22]]

 [[141  22]]

 [[142  22]]

 [[143  23]]

 [[144  23]]

 [[145  23]]

 [[146  23]]

 [[147  23]]

 [[148  23]]

 [[149  23]]

 [[150  23]]

 [[151  23]]

 [[152  23]]

 [[153  23]]

 [[154  23]]

 [[155  22]]

 [[156  22]]

 [[157  22]]

 [[158  22]]

 [[159  21]]

 [[160  21]]

 [[161  21]]

 [[162  20]]

 [[163  20]]

 [[164  20]]

 [[165  19]]

 [[166  19]]

 [[167  19]]

 [[168  18]]

 [[168  17]]

 [[168  16]]

 [[168  15]]

 [[168  14]]

 [[168  13]]

 [[168  12]]

 [[167  11]]

 [[166  10]]

 [[165  10]]]
