[[[  0   0]]

 [[511 171]]

 [[510 172]]

 [[510 173]]

 [[510 174]]

 [[510 175]]

 [[510 176]]

 [[510 177]]

 [[510 178]]

 [[509 179]]

 [[509 180]]

 [[509 181]]

 [[509 182]]

 [[508 183]]

 [[508 184]]

 [[508 185]]

 [[508 186]]

 [[508 187]]

 [[507 188]]

 [[507 189]]

 [[506 190]]

 [[506 191]]

 [[506 192]]

 [[506 193]]

 [[506 194]]

 [[506 195]]

 [[506 196]]

 [[507 196]]

 [[508 196]]

 [[509 196]]

 [[510 196]]

 [[511 197]]

 [[511 198]]

 [[512 199]]

 [[512 200]]

 [[512 201]]

 [[512 202]]

 [[512 203]]

 [[512 204]]

 [[513 205]]

 [[513 206]]

 [[514 206]]

 [[515 205]]

 [[516 206]]

 [[517 206]]

 [[518 207]]

 [[519 208]]

 [[520 208]]

 [[521 208]]

 [[522 209]]

 [[523 210]]

 [[523 211]]

 [[523 212]]

 [[523 213]]

 [[523 214]]

 [[523 215]]

 [[524 215]]

 [[525 216]]

 [[526 217]]

 [[527 217]]

 [[528 218]]

 [[528 219]]

 [[528 220]]

 [[529 221]]

 [[530 222]]

 [[531 222]]

 [[532 223]]

 [[532 224]]

 [[532 225]]

 [[532 226]]

 [[531 227]]

 [[532 228]]

 [[533 227]]

 [[534 226]]

 [[535 227]]

 [[535 228]]

 [[536 229]]

 [[536 230]]

 [[536 231]]

 [[536 232]]

 [[537 232]]

 [[538 233]]

 [[538 234]]

 [[538 235]]

 [[539 236]]

 [[539 237]]

 [[539 238]]

 [[539 239]]

 [[538 240]]

 [[537 241]]

 [[537 242]]

 [[538 243]]

 [[539 243]]

 [[540 244]]

 [[541 245]]

 [[541 246]]

 [[542 246]]

 [[543 245]]

 [[543 244]]

 [[544 243]]

 [[545 243]]

 [[546 244]]

 [[546 245]]

 [[547 245]]

 [[548 246]]

 [[549 246]]

 [[550 247]]

 [[551 248]]

 [[552 249]]

 [[553 249]]

 [[554 250]]

 [[555 250]]

 [[556 251]]

 [[557 251]]

 [[558 252]]

 [[558 253]]

 [[559 254]]

 [[560 255]]

 [[561 256]]

 [[562 257]]

 [[563 258]]

 [[564 258]]

 [[565 258]]

 [[566 258]]

 [[567 258]]

 [[568 258]]

 [[569 258]]

 [[570 258]]

 [[571 258]]

 [[572 258]]

 [[573 258]]

 [[574 258]]

 [[575 258]]

 [[576 258]]

 [[577 258]]

 [[578 258]]

 [[577 257]]

 [[576 257]]

 [[575 256]]

 [[574 255]]

 [[573 254]]

 [[573 253]]

 [[573 252]]

 [[573 251]]

 [[572 251]]

 [[571 250]]

 [[570 249]]

 [[569 249]]

 [[568 250]]

 [[567 250]]

 [[566 249]]

 [[565 248]]

 [[564 247]]

 [[563 246]]

 [[563 245]]

 [[563 244]]

 [[563 243]]

 [[562 242]]

 [[561 241]]

 [[561 240]]

 [[560 240]]

 [[559 239]]

 [[558 239]]

 [[557 238]]

 [[556 237]]

 [[555 236]]

 [[554 235]]

 [[553 234]]

 [[552 233]]

 [[551 232]]

 [[550 231]]

 [[549 231]]

 [[548 231]]

 [[547 230]]

 [[546 229]]

 [[545 228]]

 [[544 227]]

 [[544 226]]

 [[544 225]]

 [[543 224]]

 [[543 223]]

 [[542 222]]

 [[541 221]]

 [[540 220]]

 [[539 219]]

 [[539 218]]

 [[539 217]]

 [[539 216]]

 [[538 215]]

 [[537 214]]

 [[537 213]]

 [[537 212]]

 [[537 211]]

 [[536 211]]

 [[535 210]]

 [[535 209]]

 [[536 208]]

 [[537 208]]

 [[536 208]]

 [[535 209]]

 [[534 209]]

 [[533 209]]

 [[532 208]]

 [[532 207]]

 [[531 206]]

 [[531 205]]

 [[530 204]]

 [[529 203]]

 [[528 202]]

 [[527 202]]

 [[526 201]]

 [[526 200]]

 [[526 199]]

 [[526 198]]

 [[525 197]]

 [[525 196]]

 [[524 196]]

 [[523 197]]

 [[522 197]]

 [[521 197]]

 [[520 196]]

 [[521 195]]

 [[520 194]]

 [[519 195]]

 [[518 194]]

 [[517 193]]

 [[516 192]]

 [[517 191]]

 [[518 190]]

 [[519 190]]

 [[520 191]]

 [[521 191]]

 [[522 190]]

 [[522 189]]

 [[522 188]]

 [[522 187]]

 [[522 186]]

 [[521 185]]

 [[521 184]]

 [[520 183]]

 [[520 182]]

 [[520 181]]

 [[520 180]]

 [[520 179]]

 [[519 178]]

 [[518 177]]

 [[517 176]]

 [[516 175]]

 [[516 174]]

 [[515 173]]

 [[514 172]]

 [[513 172]]

 [[512 171]]]
