[[[  0   0]]

 [[ 59 195]]

 [[ 58 195]]

 [[ 57 196]]

 [[ 56 196]]

 [[ 55 197]]

 [[ 54 197]]

 [[ 53 197]]

 [[ 52 197]]

 [[ 51 198]]

 [[ 50 198]]

 [[ 49 197]]

 [[ 48 197]]

 [[ 47 197]]

 [[ 46 197]]

 [[ 45 198]]

 [[ 44 199]]

 [[ 43 199]]

 [[ 42 200]]

 [[ 41 200]]

 [[ 40 201]]

 [[ 39 201]]

 [[ 38 201]]

 [[ 37 201]]

 [[ 36 202]]

 [[ 35 202]]

 [[ 34 203]]

 [[ 33 203]]

 [[ 32 203]]

 [[ 31 204]]

 [[ 30 205]]

 [[ 29 205]]

 [[ 29 206]]

 [[ 28 207]]

 [[ 28 208]]

 [[ 28 209]]

 [[ 27 210]]

 [[ 27 211]]

 [[ 26 212]]

 [[ 25 213]]

 [[ 25 214]]

 [[ 24 215]]

 [[ 23 216]]

 [[ 23 217]]

 [[ 23 218]]

 [[ 24 218]]

 [[ 25 218]]

 [[ 26 218]]

 [[ 27 218]]

 [[ 28 217]]

 [[ 29 217]]

 [[ 30 217]]

 [[ 31 217]]

 [[ 32 217]]

 [[ 33 217]]

 [[ 34 217]]

 [[ 35 216]]

 [[ 36 216]]

 [[ 37 216]]

 [[ 38 215]]

 [[ 39 215]]

 [[ 40 215]]

 [[ 41 215]]

 [[ 42 215]]

 [[ 43 215]]

 [[ 44 215]]

 [[ 45 215]]

 [[ 46 215]]

 [[ 47 215]]

 [[ 48 215]]

 [[ 49 215]]

 [[ 50 215]]

 [[ 51 215]]

 [[ 52 215]]

 [[ 53 215]]

 [[ 54 214]]

 [[ 55 214]]

 [[ 56 213]]

 [[ 57 213]]

 [[ 57 212]]

 [[ 56 211]]

 [[ 55 211]]

 [[ 54 211]]

 [[ 53 210]]

 [[ 52 210]]

 [[ 51 210]]

 [[ 50 210]]

 [[ 49 210]]

 [[ 48 210]]

 [[ 47 210]]

 [[ 46 210]]

 [[ 45 210]]

 [[ 44 211]]

 [[ 43 212]]

 [[ 42 213]]

 [[ 41 213]]

 [[ 40 213]]

 [[ 39 213]]

 [[ 38 212]]

 [[ 37 211]]

 [[ 37 210]]

 [[ 37 209]]

 [[ 37 208]]

 [[ 38 207]]

 [[ 39 206]]

 [[ 40 205]]

 [[ 41 205]]

 [[ 42 205]]

 [[ 43 205]]

 [[ 44 205]]

 [[ 45 205]]

 [[ 46 206]]

 [[ 47 205]]

 [[ 47 204]]

 [[ 48 203]]

 [[ 48 202]]

 [[ 49 201]]

 [[ 50 200]]

 [[ 51 200]]

 [[ 52 201]]

 [[ 53 202]]

 [[ 54 202]]

 [[ 55 202]]

 [[ 56 202]]

 [[ 57 201]]

 [[ 58 201]]

 [[ 59 201]]

 [[ 60 201]]

 [[ 61 200]]

 [[ 62 200]]

 [[ 63 200]]

 [[ 64 199]]

 [[ 65 198]]

 [[ 66 197]]

 [[ 67 196]]

 [[ 67 195]]

 [[ 67 194]]

 [[ 66 194]]

 [[ 65 194]]

 [[ 64 194]]

 [[ 63 194]]

 [[ 62 194]]

 [[ 61 194]]]
[[[  0   0]]

 [[ 94 189]]

 [[ 93 189]]

 [[ 93 190]]

 [[ 93 191]]

 [[ 93 192]]

 [[ 93 193]]

 [[ 94 194]]

 [[ 95 194]]

 [[ 96 194]]

 [[ 97 194]]

 [[ 98 194]]

 [[ 99 194]]

 [[100 193]]

 [[101 193]]

 [[102 193]]

 [[103 193]]

 [[104 193]]

 [[105 192]]

 [[106 192]]

 [[107 192]]

 [[108 192]]

 [[109 192]]

 [[110 192]]

 [[111 192]]

 [[112 193]]

 [[113 193]]

 [[114 193]]

 [[115 193]]

 [[116 193]]

 [[117 193]]

 [[118 193]]

 [[119 194]]

 [[120 194]]

 [[121 194]]

 [[122 194]]

 [[123 194]]

 [[124 194]]

 [[125 195]]

 [[126 195]]

 [[127 195]]

 [[128 196]]

 [[129 196]]

 [[130 197]]

 [[131 198]]

 [[132 199]]

 [[133 200]]

 [[134 201]]

 [[134 202]]

 [[133 203]]

 [[132 203]]

 [[131 203]]

 [[130 203]]

 [[129 204]]

 [[128 204]]

 [[127 204]]

 [[126 204]]

 [[125 204]]

 [[124 205]]

 [[123 205]]

 [[122 205]]

 [[121 205]]

 [[120 206]]

 [[119 206]]

 [[118 206]]

 [[117 206]]

 [[116 206]]

 [[115 206]]

 [[114 206]]

 [[113 206]]

 [[112 206]]

 [[111 206]]

 [[110 206]]

 [[109 206]]

 [[108 206]]

 [[107 205]]

 [[106 205]]

 [[105 205]]

 [[104 205]]

 [[103 205]]

 [[102 205]]

 [[101 205]]

 [[100 206]]

 [[ 99 205]]

 [[ 98 205]]

 [[ 97 206]]

 [[ 97 207]]

 [[ 97 208]]

 [[ 96 209]]

 [[ 96 210]]

 [[ 97 210]]

 [[ 98 210]]

 [[ 99 210]]

 [[100 210]]

 [[101 210]]

 [[102 209]]

 [[103 209]]

 [[104 209]]

 [[105 209]]

 [[106 209]]

 [[107 209]]

 [[108 209]]

 [[109 208]]

 [[110 208]]

 [[111 208]]

 [[112 208]]

 [[113 208]]

 [[114 208]]

 [[115 208]]

 [[116 209]]

 [[117 209]]

 [[118 209]]

 [[119 208]]

 [[120 208]]

 [[121 207]]

 [[122 207]]

 [[123 207]]

 [[124 207]]

 [[125 207]]

 [[126 208]]

 [[127 207]]

 [[128 207]]

 [[129 207]]

 [[130 207]]

 [[131 207]]

 [[132 207]]

 [[133 207]]

 [[134 207]]

 [[135 207]]

 [[136 207]]

 [[137 207]]

 [[138 207]]

 [[139 207]]

 [[140 207]]

 [[141 207]]

 [[142 207]]

 [[143 207]]

 [[144 207]]

 [[145 207]]

 [[146 207]]

 [[147 206]]

 [[148 205]]

 [[147 204]]

 [[146 203]]

 [[145 202]]

 [[145 201]]

 [[144 201]]

 [[143 200]]

 [[142 199]]

 [[141 198]]

 [[140 198]]

 [[139 197]]

 [[138 196]]

 [[137 196]]

 [[136 195]]

 [[135 195]]

 [[134 194]]

 [[133 193]]

 [[132 193]]

 [[131 193]]

 [[130 193]]

 [[129 192]]

 [[128 192]]

 [[127 192]]

 [[126 191]]

 [[125 191]]

 [[124 191]]

 [[123 191]]

 [[122 191]]

 [[121 191]]

 [[120 191]]

 [[119 190]]

 [[118 190]]

 [[117 190]]

 [[116 190]]

 [[115 190]]

 [[114 189]]

 [[113 189]]

 [[112 189]]

 [[111 189]]

 [[110 189]]

 [[109 189]]

 [[108 189]]

 [[107 189]]

 [[106 189]]

 [[105 189]]

 [[104 189]]

 [[103 189]]

 [[102 189]]

 [[101 189]]

 [[100 189]]

 [[ 99 189]]

 [[ 98 188]]

 [[ 97 188]]

 [[ 96 188]]]
[[[  0   0]]

 [[309 146]]

 [[309 147]]

 [[309 148]]

 [[308 149]]

 [[308 150]]

 [[307 151]]

 [[306 150]]

 [[306 149]]

 [[305 148]]

 [[305 147]]

 [[304 147]]

 [[303 147]]

 [[302 147]]

 [[301 147]]

 [[300 148]]

 [[300 149]]

 [[300 150]]

 [[300 151]]

 [[300 152]]

 [[300 153]]

 [[301 152]]

 [[302 152]]

 [[303 151]]

 [[304 151]]

 [[305 152]]

 [[306 153]]

 [[306 154]]

 [[306 155]]

 [[307 155]]

 [[308 154]]

 [[309 154]]

 [[310 155]]

 [[311 155]]

 [[312 155]]

 [[313 156]]

 [[314 156]]

 [[315 157]]

 [[316 158]]

 [[317 158]]

 [[318 158]]

 [[319 158]]

 [[320 158]]

 [[321 158]]

 [[322 158]]

 [[323 158]]

 [[324 158]]

 [[325 158]]

 [[326 158]]

 [[327 157]]

 [[328 157]]

 [[329 158]]

 [[330 158]]

 [[331 157]]

 [[332 157]]

 [[333 158]]

 [[333 159]]

 [[334 160]]

 [[335 159]]

 [[336 159]]

 [[337 160]]

 [[338 161]]

 [[339 162]]

 [[340 163]]

 [[341 164]]

 [[342 165]]

 [[343 164]]

 [[344 164]]

 [[345 163]]

 [[344 162]]

 [[345 161]]

 [[346 160]]

 [[347 161]]

 [[348 162]]

 [[349 162]]

 [[350 162]]

 [[351 162]]

 [[352 162]]

 [[353 162]]

 [[354 163]]

 [[355 163]]

 [[356 163]]

 [[357 163]]

 [[358 163]]

 [[359 162]]

 [[360 162]]

 [[361 162]]

 [[362 162]]

 [[363 162]]

 [[364 161]]

 [[365 161]]

 [[365 160]]

 [[366 159]]

 [[366 158]]

 [[367 157]]

 [[367 156]]

 [[366 155]]

 [[365 154]]

 [[364 153]]

 [[364 152]]

 [[363 152]]

 [[362 153]]

 [[361 153]]

 [[360 154]]

 [[359 154]]

 [[358 154]]

 [[357 155]]

 [[356 155]]

 [[355 156]]

 [[354 156]]

 [[353 157]]

 [[352 157]]

 [[351 157]]

 [[350 157]]

 [[349 158]]

 [[348 158]]

 [[347 158]]

 [[346 158]]

 [[345 158]]

 [[344 158]]

 [[343 158]]

 [[342 158]]

 [[341 158]]

 [[340 157]]

 [[339 157]]

 [[338 157]]

 [[337 157]]

 [[336 157]]

 [[335 156]]

 [[334 155]]

 [[333 154]]

 [[332 154]]

 [[331 154]]

 [[330 154]]

 [[329 154]]

 [[328 153]]

 [[327 153]]

 [[326 153]]

 [[325 152]]

 [[324 152]]

 [[323 152]]

 [[322 152]]

 [[321 152]]

 [[320 152]]

 [[319 152]]

 [[318 152]]

 [[317 152]]

 [[316 152]]

 [[315 151]]

 [[315 150]]

 [[314 149]]

 [[314 148]]

 [[313 148]]

 [[313 149]]

 [[313 150]]

 [[312 151]]

 [[312 152]]

 [[311 153]]

 [[310 153]]

 [[309 152]]

 [[308 151]]

 [[309 150]]

 [[310 149]]

 [[310 148]]

 [[311 147]]

 [[310 146]]

 [[310 145]]]
[[[  0   0]]

 [[515 138]]

 [[515 139]]

 [[514 140]]

 [[514 141]]

 [[513 142]]

 [[513 143]]

 [[513 144]]

 [[512 145]]

 [[512 146]]

 [[512 147]]

 [[511 148]]

 [[511 149]]

 [[511 150]]

 [[511 151]]

 [[511 152]]

 [[511 153]]

 [[511 154]]

 [[511 155]]

 [[510 156]]

 [[510 157]]

 [[510 158]]

 [[510 159]]

 [[510 160]]

 [[509 161]]

 [[508 162]]

 [[507 163]]

 [[506 163]]

 [[505 163]]

 [[504 164]]

 [[503 164]]

 [[502 164]]

 [[501 164]]

 [[500 165]]

 [[499 165]]

 [[498 165]]

 [[497 165]]

 [[496 165]]

 [[495 165]]

 [[494 165]]

 [[493 165]]

 [[492 165]]

 [[491 165]]

 [[490 164]]

 [[489 164]]

 [[488 164]]

 [[487 164]]

 [[486 164]]

 [[485 164]]

 [[484 163]]

 [[483 163]]

 [[482 163]]

 [[481 163]]

 [[480 163]]

 [[479 162]]

 [[478 162]]

 [[477 162]]

 [[476 162]]

 [[475 161]]

 [[474 161]]

 [[473 161]]

 [[472 160]]

 [[471 160]]

 [[470 160]]

 [[469 159]]

 [[468 159]]

 [[467 159]]

 [[466 158]]

 [[465 158]]

 [[464 157]]

 [[463 157]]

 [[462 156]]

 [[461 156]]

 [[460 155]]

 [[459 155]]

 [[458 154]]

 [[457 153]]

 [[456 153]]

 [[455 152]]

 [[454 151]]

 [[453 150]]

 [[452 149]]

 [[451 148]]

 [[450 147]]

 [[450 146]]

 [[449 145]]

 [[448 146]]

 [[448 147]]

 [[447 148]]

 [[447 149]]

 [[447 150]]

 [[447 151]]

 [[446 152]]

 [[446 153]]

 [[445 154]]

 [[445 155]]

 [[444 156]]

 [[444 157]]

 [[445 157]]

 [[446 157]]

 [[447 158]]

 [[448 159]]

 [[449 160]]

 [[449 161]]

 [[450 162]]

 [[451 163]]

 [[452 163]]

 [[453 164]]

 [[454 165]]

 [[455 165]]

 [[456 166]]

 [[457 166]]

 [[458 167]]

 [[459 167]]

 [[460 168]]

 [[461 168]]

 [[462 169]]

 [[463 169]]

 [[464 169]]

 [[465 170]]

 [[466 170]]

 [[467 171]]

 [[468 171]]

 [[469 171]]

 [[470 172]]

 [[471 172]]

 [[472 172]]

 [[473 173]]

 [[474 173]]

 [[475 173]]

 [[476 173]]

 [[477 174]]

 [[478 174]]

 [[479 174]]

 [[480 174]]

 [[481 175]]

 [[482 175]]

 [[483 175]]

 [[484 175]]

 [[485 175]]

 [[486 175]]

 [[487 175]]

 [[488 175]]

 [[489 175]]

 [[490 175]]

 [[491 176]]

 [[492 176]]

 [[493 176]]

 [[494 176]]

 [[495 176]]

 [[496 175]]

 [[497 175]]

 [[498 175]]

 [[499 175]]

 [[500 175]]

 [[501 175]]

 [[502 174]]

 [[503 174]]

 [[504 173]]

 [[505 173]]

 [[506 172]]

 [[507 172]]

 [[508 171]]

 [[509 170]]

 [[509 169]]

 [[510 168]]

 [[511 168]]

 [[512 168]]

 [[513 167]]

 [[513 166]]

 [[513 165]]

 [[513 164]]

 [[513 163]]

 [[513 162]]

 [[513 161]]

 [[513 160]]

 [[513 159]]

 [[513 158]]

 [[513 157]]

 [[513 156]]

 [[513 155]]

 [[513 154]]

 [[513 153]]

 [[514 152]]

 [[514 151]]

 [[515 150]]

 [[515 149]]

 [[516 148]]

 [[516 147]]

 [[516 146]]

 [[517 145]]

 [[516 144]]

 [[517 143]]

 [[516 142]]

 [[516 141]]

 [[516 140]]

 [[517 139]]

 [[517 138]]

 [[517 137]]

 [[516 137]]]
[[[  0   0]]

 [[189 129]]

 [[189 130]]

 [[190 131]]

 [[191 130]]

 [[192 131]]

 [[192 132]]

 [[191 133]]

 [[190 133]]

 [[189 134]]

 [[188 133]]

 [[187 134]]

 [[186 134]]

 [[185 135]]

 [[185 136]]

 [[185 137]]

 [[185 138]]

 [[185 139]]

 [[185 140]]

 [[185 141]]

 [[186 142]]

 [[187 142]]

 [[188 142]]

 [[189 143]]

 [[190 143]]

 [[191 143]]

 [[192 144]]

 [[193 144]]

 [[194 144]]

 [[195 145]]

 [[196 145]]

 [[197 145]]

 [[198 146]]

 [[199 146]]

 [[200 146]]

 [[201 146]]

 [[202 146]]

 [[203 146]]

 [[204 146]]

 [[205 147]]

 [[206 148]]

 [[207 149]]

 [[207 150]]

 [[208 150]]

 [[209 150]]

 [[209 149]]

 [[210 148]]

 [[211 147]]

 [[212 147]]

 [[213 147]]

 [[214 147]]

 [[215 146]]

 [[216 147]]

 [[217 147]]

 [[218 147]]

 [[219 148]]

 [[220 148]]

 [[220 147]]

 [[219 147]]

 [[218 146]]

 [[217 146]]

 [[216 146]]

 [[215 145]]

 [[214 144]]

 [[213 143]]

 [[212 143]]

 [[211 143]]

 [[210 142]]

 [[210 141]]

 [[211 140]]

 [[211 139]]

 [[210 139]]

 [[209 140]]

 [[208 141]]

 [[207 141]]

 [[206 141]]

 [[205 141]]

 [[204 142]]

 [[203 141]]

 [[202 141]]

 [[201 140]]

 [[200 140]]

 [[199 139]]

 [[199 138]]

 [[200 137]]

 [[201 136]]

 [[202 136]]

 [[203 136]]

 [[204 136]]

 [[204 135]]

 [[204 134]]

 [[204 133]]

 [[203 132]]

 [[202 132]]

 [[201 132]]

 [[200 132]]

 [[199 133]]

 [[199 134]]

 [[199 135]]

 [[198 136]]

 [[197 135]]

 [[197 134]]

 [[197 133]]

 [[197 132]]

 [[196 132]]

 [[195 132]]

 [[194 131]]

 [[193 130]]

 [[192 129]]

 [[191 128]]]
[[[  0   0]]

 [[439 112]]

 [[440 113]]

 [[440 114]]

 [[441 114]]

 [[442 114]]

 [[443 115]]

 [[442 116]]

 [[442 117]]

 [[442 118]]

 [[442 119]]

 [[442 120]]

 [[442 121]]

 [[442 122]]

 [[442 123]]

 [[441 124]]

 [[441 125]]

 [[441 126]]

 [[440 127]]

 [[440 128]]

 [[439 129]]

 [[439 130]]

 [[439 131]]

 [[440 132]]

 [[440 133]]

 [[441 134]]

 [[442 135]]

 [[443 136]]

 [[444 137]]

 [[445 138]]

 [[446 139]]

 [[447 140]]

 [[448 140]]

 [[449 140]]

 [[449 139]]

 [[449 138]]

 [[449 137]]

 [[450 136]]

 [[450 135]]

 [[450 134]]

 [[450 133]]

 [[450 132]]

 [[451 131]]

 [[451 130]]

 [[451 129]]

 [[451 128]]

 [[451 127]]

 [[451 126]]

 [[451 125]]

 [[451 124]]

 [[451 123]]

 [[451 122]]

 [[450 122]]

 [[449 121]]

 [[448 120]]

 [[447 119]]

 [[446 118]]

 [[445 117]]

 [[444 116]]

 [[444 115]]

 [[443 114]]

 [[443 113]]

 [[443 112]]

 [[442 111]]

 [[441 111]]]
[[[  0   0]]

 [[447  74]]

 [[447  75]]

 [[447  76]]

 [[446  77]]

 [[446  78]]

 [[445  79]]

 [[446  80]]

 [[445  81]]

 [[446  82]]

 [[447  83]]

 [[447  84]]

 [[447  85]]

 [[447  86]]

 [[448  87]]

 [[448  88]]

 [[448  89]]

 [[448  90]]

 [[448  91]]

 [[447  92]]

 [[447  93]]

 [[447  94]]

 [[447  95]]

 [[447  96]]

 [[447  97]]

 [[448  98]]

 [[448  99]]

 [[449 100]]

 [[450 101]]

 [[451 102]]

 [[452 102]]

 [[453 103]]

 [[454 104]]

 [[455 105]]

 [[456 106]]

 [[457 107]]

 [[456 108]]

 [[456 109]]

 [[456 110]]

 [[456 111]]

 [[456 112]]

 [[456 113]]

 [[456 114]]

 [[456 115]]

 [[455 116]]

 [[455 117]]

 [[455 118]]

 [[456 119]]

 [[457 120]]

 [[458 120]]

 [[459 121]]

 [[460 122]]

 [[461 123]]

 [[462 123]]

 [[463 124]]

 [[464 125]]

 [[465 125]]

 [[466 126]]

 [[467 126]]

 [[468 126]]

 [[469 127]]

 [[470 127]]

 [[471 128]]

 [[472 128]]

 [[473 129]]

 [[474 129]]

 [[475 129]]

 [[476 130]]

 [[477 130]]

 [[478 130]]

 [[479 131]]

 [[480 131]]

 [[481 131]]

 [[482 131]]

 [[483 132]]

 [[484 132]]

 [[485 132]]

 [[486 133]]

 [[487 133]]

 [[488 133]]

 [[489 133]]

 [[490 133]]

 [[491 134]]

 [[492 134]]

 [[493 134]]

 [[494 134]]

 [[495 134]]

 [[496 134]]

 [[497 134]]

 [[498 135]]

 [[499 135]]

 [[500 135]]

 [[501 135]]

 [[502 135]]

 [[503 135]]

 [[504 135]]

 [[505 135]]

 [[506 135]]

 [[507 135]]

 [[508 135]]

 [[509 134]]

 [[510 134]]

 [[511 134]]

 [[512 133]]

 [[513 133]]

 [[514 132]]

 [[514 131]]

 [[515 130]]

 [[515 129]]

 [[515 128]]

 [[515 127]]

 [[516 126]]

 [[516 125]]

 [[517 124]]

 [[517 123]]

 [[516 122]]

 [[515 122]]

 [[514 122]]

 [[513 122]]

 [[512 122]]

 [[511 123]]

 [[510 123]]

 [[509 123]]

 [[508 123]]

 [[507 123]]

 [[506 123]]

 [[505 123]]

 [[504 123]]

 [[503 123]]

 [[502 123]]

 [[501 122]]

 [[500 122]]

 [[499 122]]

 [[498 122]]

 [[497 122]]

 [[496 122]]

 [[495 122]]

 [[494 121]]

 [[493 121]]

 [[492 121]]

 [[491 121]]

 [[490 121]]

 [[489 121]]

 [[488 121]]

 [[487 120]]

 [[486 120]]

 [[485 119]]

 [[484 119]]

 [[483 119]]

 [[482 119]]

 [[481 118]]

 [[480 118]]

 [[479 118]]

 [[478 118]]

 [[477 117]]

 [[476 117]]

 [[475 117]]

 [[474 116]]

 [[473 116]]

 [[472 115]]

 [[471 115]]

 [[470 114]]

 [[469 114]]

 [[468 114]]

 [[467 113]]

 [[466 113]]

 [[465 112]]

 [[464 111]]

 [[463 111]]

 [[462 110]]

 [[461 109]]

 [[460 108]]

 [[459 107]]

 [[458 106]]

 [[457 105]]

 [[457 104]]

 [[457 103]]

 [[458 102]]

 [[458 101]]

 [[458 100]]

 [[458  99]]

 [[458  98]]

 [[458  97]]

 [[459  96]]

 [[459  95]]

 [[459  94]]

 [[459  93]]

 [[459  92]]

 [[459  91]]

 [[459  90]]

 [[459  89]]

 [[459  88]]

 [[459  87]]

 [[458  87]]

 [[457  86]]

 [[456  86]]

 [[455  85]]

 [[454  84]]

 [[453  84]]

 [[452  83]]

 [[452  82]]

 [[451  81]]

 [[451  80]]

 [[450  79]]

 [[449  78]]

 [[449  77]]

 [[448  76]]

 [[448  75]]

 [[447  74]]]
[[[  0   0]]

 [[464  73]]

 [[464  74]]

 [[463  75]]

 [[464  76]]

 [[464  77]]

 [[465  78]]

 [[466  79]]

 [[467  79]]

 [[468  80]]

 [[469  80]]

 [[470  81]]

 [[471  81]]

 [[472  82]]

 [[473  82]]

 [[474  83]]

 [[475  83]]

 [[476  84]]

 [[477  84]]

 [[478  84]]

 [[479  85]]

 [[480  85]]

 [[481  85]]

 [[482  85]]

 [[483  86]]

 [[484  86]]

 [[485  86]]

 [[486  86]]

 [[487  86]]

 [[488  87]]

 [[489  87]]

 [[490  88]]

 [[490  89]]

 [[491  90]]

 [[491  91]]

 [[491  92]]

 [[491  93]]

 [[492  94]]

 [[493  95]]

 [[494  95]]

 [[495  95]]

 [[496  96]]

 [[497  96]]

 [[498  96]]

 [[499  96]]

 [[500  96]]

 [[501  96]]

 [[502  96]]

 [[503  96]]

 [[504  97]]

 [[505  97]]

 [[506  97]]

 [[507  97]]

 [[508  97]]

 [[509  96]]

 [[509  95]]

 [[508  94]]

 [[507  94]]

 [[506  93]]

 [[505  92]]

 [[504  92]]

 [[503  92]]

 [[502  91]]

 [[501  90]]

 [[500  89]]

 [[499  88]]

 [[498  87]]

 [[498  86]]

 [[497  85]]

 [[496  84]]

 [[495  83]]

 [[494  82]]

 [[493  82]]

 [[492  82]]

 [[491  82]]

 [[490  81]]

 [[489  81]]

 [[488  81]]

 [[487  81]]

 [[486  81]]

 [[485  80]]

 [[484  80]]

 [[483  80]]

 [[482  80]]

 [[481  80]]

 [[480  80]]

 [[479  79]]

 [[478  79]]

 [[477  79]]

 [[476  78]]

 [[475  78]]

 [[474  78]]

 [[473  78]]

 [[472  77]]

 [[471  76]]

 [[470  75]]

 [[470  74]]

 [[470  73]]

 [[470  72]]

 [[469  72]]

 [[468  72]]

 [[467  72]]

 [[466  72]]]
[[[  0   0]]

 [[266  56]]

 [[265  56]]

 ..., 
 [[270  55]]

 [[269  55]]

 [[268  55]]]
[[[  0   0]]

 [[427  55]]

 [[427  56]]

 [[428  57]]

 [[428  58]]

 [[428  59]]

 [[429  60]]

 [[429  61]]

 [[429  62]]

 [[428  63]]

 [[427  64]]

 [[426  65]]

 [[425  66]]

 [[424  66]]

 [[423  66]]

 [[422  65]]

 [[421  65]]

 [[420  65]]

 [[419  64]]

 [[418  64]]

 [[417  65]]

 [[417  66]]

 [[417  67]]

 [[417  68]]

 [[418  69]]

 [[418  70]]

 [[419  70]]

 [[420  70]]

 [[421  70]]

 [[422  70]]

 [[423  70]]

 [[424  70]]

 [[425  69]]

 [[426  69]]

 [[427  69]]

 [[428  69]]

 [[429  69]]

 [[430  68]]

 [[431  68]]

 [[432  67]]

 [[433  67]]

 [[433  66]]

 [[433  65]]

 [[433  64]]

 [[433  63]]

 [[432  62]]

 [[433  61]]

 [[433  60]]

 [[434  59]]

 [[435  58]]

 [[436  58]]

 [[437  59]]

 [[438  59]]

 [[439  60]]

 [[440  59]]

 [[441  59]]

 [[442  59]]

 [[443  59]]

 [[444  60]]

 [[445  60]]

 [[446  60]]

 [[447  60]]

 [[448  60]]

 [[449  60]]

 [[450  59]]

 [[451  59]]

 [[452  59]]

 [[453  59]]

 [[454  60]]

 [[455  60]]

 [[456  61]]

 [[457  62]]

 [[458  62]]

 [[459  63]]

 [[460  63]]

 [[461  64]]

 [[462  64]]

 [[463  64]]

 [[464  65]]

 [[465  65]]

 [[466  65]]

 [[467  65]]

 [[468  65]]

 [[469  66]]

 [[470  67]]

 [[471  67]]

 [[472  68]]

 [[473  68]]

 [[474  68]]

 [[475  68]]

 [[476  68]]

 [[477  68]]

 [[478  68]]

 [[479  69]]

 [[480  70]]

 [[481  71]]

 [[482  72]]

 [[483  73]]

 [[484  74]]

 [[485  75]]

 [[486  75]]

 [[487  75]]

 [[488  75]]

 [[489  75]]

 [[490  75]]

 [[491  75]]

 [[492  75]]

 [[493  75]]

 [[494  75]]

 [[493  74]]

 [[492  73]]

 [[491  72]]

 [[490  71]]

 [[489  71]]

 [[488  70]]

 [[487  70]]

 [[486  69]]

 [[485  69]]

 [[484  68]]

 [[483  67]]

 [[482  66]]

 [[481  65]]

 [[480  64]]

 [[479  64]]

 [[478  64]]

 [[477  63]]

 [[476  63]]

 [[475  63]]

 [[474  63]]

 [[473  63]]

 [[472  62]]

 [[471  61]]

 [[470  60]]

 [[469  60]]

 [[468  60]]

 [[467  59]]

 [[466  59]]

 [[465  58]]

 [[464  57]]

 [[463  57]]

 [[462  56]]

 [[461  56]]

 [[460  56]]

 [[459  56]]

 [[458  56]]

 [[457  56]]

 [[456  56]]

 [[455  56]]

 [[454  56]]

 [[453  56]]

 [[452  56]]

 [[451  56]]

 [[450  56]]

 [[449  56]]

 [[448  56]]

 [[447  56]]

 [[446  56]]

 [[445  56]]

 [[444  55]]

 [[443  56]]

 [[442  56]]

 [[441  56]]

 [[440  56]]

 [[439  55]]

 [[438  56]]

 [[437  56]]

 [[436  56]]

 [[435  56]]

 [[434  56]]

 [[433  56]]

 [[432  55]]

 [[431  55]]

 [[430  55]]

 [[429  55]]

 [[428  54]]]
[[[  0   0]]

 [[192  51]]

 [[191  52]]

 [[190  52]]

 [[189  53]]

 [[188  53]]

 [[188  54]]

 [[187  55]]

 [[187  56]]

 [[187  57]]

 [[187  58]]

 [[188  59]]

 [[188  60]]

 [[188  61]]

 [[188  62]]

 [[188  63]]

 [[189  63]]

 [[190  63]]

 [[191  63]]

 [[192  64]]

 [[193  63]]

 [[194  63]]

 [[195  63]]

 [[196  63]]

 [[197  63]]

 [[198  63]]

 [[199  63]]

 [[200  63]]

 [[201  63]]

 [[202  63]]

 [[203  63]]

 [[204  63]]

 [[205  63]]

 [[206  64]]

 [[207  64]]

 [[208  64]]

 [[209  64]]

 [[210  64]]

 [[211  64]]

 [[212  65]]

 [[213  65]]

 [[214  65]]

 [[215  64]]

 [[216  64]]

 [[217  65]]

 [[218  65]]

 [[219  66]]

 [[219  67]]

 [[220  68]]

 [[220  69]]

 [[221  70]]

 [[222  70]]

 [[223  71]]

 [[224  70]]

 [[224  69]]

 [[225  68]]

 [[226  67]]

 [[226  66]]

 [[226  65]]

 [[227  64]]

 [[228  63]]

 [[229  62]]

 [[230  62]]

 [[231  62]]

 [[232  62]]

 [[233  61]]

 [[234  61]]

 [[235  61]]

 [[236  60]]

 [[237  60]]

 [[238  61]]

 [[239  62]]

 [[240  62]]

 [[241  61]]

 [[241  60]]

 [[241  59]]

 [[241  58]]

 [[242  57]]

 [[242  56]]

 [[242  55]]

 [[242  54]]

 [[242  53]]

 [[241  52]]

 [[240  52]]

 [[239  52]]

 [[238  52]]

 [[237  52]]

 [[236  52]]

 [[235  52]]

 [[234  52]]

 [[233  52]]

 [[232  51]]

 [[231  51]]

 [[230  51]]

 [[229  52]]

 [[229  53]]

 [[228  54]]

 [[229  55]]

 [[229  56]]

 [[228  57]]

 [[227  57]]

 [[226  58]]

 [[225  58]]

 [[224  58]]

 [[223  58]]

 [[222  58]]

 [[221  58]]

 [[220  57]]

 [[220  56]]

 [[220  55]]

 [[220  54]]

 [[219  54]]

 [[218  53]]

 [[217  53]]

 [[216  53]]

 [[215  53]]

 [[214  53]]

 [[213  53]]

 [[212  53]]

 [[211  54]]

 [[210  54]]

 [[209  54]]

 [[208  55]]

 [[207  56]]

 [[206  57]]

 [[205  57]]

 [[204  57]]

 [[203  57]]

 [[202  58]]

 [[201  58]]

 [[200  58]]

 [[199  57]]

 [[198  56]]

 [[199  55]]

 [[199  54]]

 [[199  53]]

 [[198  53]]

 [[197  53]]

 [[196  52]]

 [[195  51]]

 [[194  50]]]
[[[  0   0]]

 [[540  48]]

 [[539  48]]

 ..., 
 [[544  47]]

 [[543  47]]

 [[542  47]]]
[[[  0   0]]

 [[319  48]]

 [[318  48]]

 [[317  49]]

 [[317  50]]

 [[317  51]]

 [[317  52]]

 [[318  53]]

 [[318  54]]

 [[319  54]]

 [[320  55]]

 [[321  55]]

 [[322  56]]

 [[323  56]]

 [[324  56]]

 [[325  56]]

 [[326  57]]

 [[327  57]]

 [[328  57]]

 [[329  57]]

 [[330  57]]

 [[331  57]]

 [[332  57]]

 [[333  57]]

 [[334  58]]

 [[335  59]]

 [[335  60]]

 [[335  61]]

 [[336  62]]

 [[337  62]]

 [[338  62]]

 [[339  62]]

 [[340  62]]

 [[341  62]]

 [[342  62]]

 [[343  62]]

 [[344  62]]

 [[345  62]]

 [[346  63]]

 [[347  62]]

 [[348  62]]

 [[348  61]]

 [[349  60]]

 [[350  59]]

 [[351  58]]

 [[352  58]]

 [[353  59]]

 [[354  59]]

 [[355  59]]

 [[356  59]]

 [[357  59]]

 [[358  60]]

 [[359  60]]

 [[360  60]]

 [[361  59]]

 [[362  59]]

 [[363  59]]

 [[364  59]]

 [[365  59]]

 [[366  58]]

 [[367  58]]

 [[368  57]]

 [[369  57]]

 [[370  56]]

 [[370  55]]

 [[370  54]]

 [[370  53]]

 [[369  52]]

 [[368  52]]

 [[367  51]]

 [[366  51]]

 [[365  51]]

 [[364  52]]

 [[363  53]]

 [[362  53]]

 [[361  53]]

 [[360  53]]

 [[359  53]]

 [[358  53]]

 [[357  53]]

 [[356  53]]

 [[355  53]]

 [[354  53]]

 [[353  53]]

 [[352  53]]

 [[351  53]]

 [[350  53]]

 [[349  53]]

 [[348  53]]

 [[347  53]]

 [[346  52]]

 [[345  52]]

 [[344  52]]

 [[343  52]]

 [[342  52]]

 [[341  52]]

 [[340  52]]

 [[339  52]]

 [[338  53]]

 [[338  54]]

 [[337  55]]

 [[336  56]]

 [[335  56]]

 [[334  55]]

 [[334  54]]

 [[334  53]]

 [[333  53]]

 [[332  52]]

 [[331  52]]

 [[330  52]]

 [[329  52]]

 [[328  52]]

 [[327  52]]

 [[326  52]]

 [[325  51]]

 [[324  50]]

 [[323  49]]

 [[323  48]]

 [[323  47]]

 [[322  47]]

 [[321  47]]]
