[[[  0   0]]

 [[  1  55]]

 [[  1  56]]

 [[  1  57]]

 [[  1  58]]

 [[  1  59]]

 [[  2  60]]

 [[  3  61]]

 [[  3  62]]

 [[  3  63]]

 [[  2  64]]

 [[  2  65]]

 [[  3  66]]

 [[  3  67]]

 [[  4  68]]

 [[  4  69]]

 [[  3  70]]

 [[  3  71]]

 [[  4  72]]

 [[  5  73]]

 [[  6  74]]

 [[  7  75]]

 [[  7  76]]

 [[  8  77]]

 [[  9  78]]

 [[  9  79]]

 [[ 10  80]]

 [[ 11  81]]

 [[ 12  82]]

 [[ 13  83]]

 [[ 14  83]]

 [[ 15  84]]

 [[ 16  85]]

 [[ 17  86]]

 [[ 17  87]]

 [[ 17  88]]

 [[ 18  89]]

 [[ 18  90]]

 [[ 19  91]]

 [[ 20  91]]

 [[ 21  92]]

 [[ 22  93]]

 [[ 23  94]]

 [[ 24  95]]

 [[ 25  95]]

 [[ 26  96]]

 [[ 27  97]]

 [[ 28  98]]

 [[ 29  99]]

 [[ 30 100]]

 [[ 31 100]]

 [[ 32 101]]

 [[ 33 102]]

 [[ 34 103]]

 [[ 34 104]]

 [[ 34 105]]

 [[ 34 106]]

 [[ 35 107]]

 [[ 36 107]]

 [[ 37 106]]

 [[ 38 106]]

 [[ 39 106]]

 [[ 40 106]]

 [[ 41 106]]

 [[ 42 106]]

 [[ 43 107]]

 [[ 44 107]]

 [[ 45 108]]

 [[ 46 109]]

 [[ 47 110]]

 [[ 48 111]]

 [[ 49 111]]

 [[ 50 112]]

 [[ 51 112]]

 [[ 52 112]]

 [[ 53 113]]

 [[ 54 114]]

 [[ 55 114]]

 [[ 56 115]]

 [[ 57 116]]

 [[ 57 117]]

 [[ 58 118]]

 [[ 59 118]]

 [[ 60 119]]

 [[ 61 119]]

 [[ 62 120]]

 [[ 63 120]]

 [[ 64 121]]

 [[ 65 122]]

 [[ 66 123]]

 [[ 67 123]]

 [[ 68 124]]

 [[ 69 124]]

 [[ 70 125]]

 [[ 71 126]]

 [[ 72 127]]

 [[ 72 128]]

 [[ 73 129]]

 [[ 74 130]]

 [[ 74 131]]

 [[ 74 132]]

 [[ 75 133]]

 [[ 76 134]]

 [[ 77 135]]

 [[ 77 136]]

 [[ 78 137]]

 [[ 78 138]]

 [[ 79 139]]

 [[ 79 140]]

 [[ 80 141]]

 [[ 80 142]]

 [[ 80 143]]

 [[ 80 144]]

 [[ 80 145]]

 [[ 81 146]]

 [[ 81 147]]

 [[ 81 148]]

 [[ 81 149]]

 [[ 81 150]]

 [[ 81 151]]

 [[ 80 152]]

 [[ 80 153]]

 [[ 80 154]]

 [[ 80 155]]

 [[ 80 156]]

 [[ 80 157]]

 [[ 80 158]]

 [[ 80 159]]

 [[ 79 160]]

 [[ 79 161]]

 [[ 79 162]]

 [[ 79 163]]

 [[ 79 164]]

 [[ 79 165]]

 [[ 80 166]]

 [[ 80 167]]

 [[ 81 168]]

 [[ 81 169]]

 [[ 81 170]]

 [[ 81 171]]

 [[ 81 172]]

 [[ 80 173]]

 [[ 80 174]]

 [[ 79 175]]

 [[ 78 176]]

 [[ 77 176]]

 [[ 77 177]]

 [[ 77 178]]

 [[ 77 179]]

 [[ 78 180]]

 [[ 79 180]]

 [[ 80 181]]

 [[ 80 182]]

 [[ 80 183]]

 [[ 80 184]]

 [[ 81 185]]

 [[ 81 186]]

 [[ 81 187]]

 [[ 80 188]]

 [[ 80 189]]

 [[ 79 190]]

 [[ 78 191]]

 [[ 77 191]]

 [[ 77 192]]

 [[ 76 193]]

 [[ 77 194]]

 [[ 77 195]]

 [[ 78 196]]

 [[ 77 197]]

 [[ 76 198]]

 [[ 76 199]]

 [[ 75 200]]

 [[ 76 201]]

 [[ 76 202]]

 [[ 77 203]]

 [[ 77 204]]

 [[ 76 205]]

 [[ 75 205]]

 [[ 75 206]]

 [[ 74 207]]

 [[ 75 208]]

 [[ 75 209]]

 [[ 75 210]]

 [[ 75 211]]

 [[ 74 212]]

 [[ 73 213]]

 [[ 72 214]]

 [[ 71 215]]

 [[ 71 216]]

 [[ 70 217]]

 [[ 70 218]]

 [[ 70 219]]

 [[ 70 220]]

 [[ 70 221]]

 [[ 69 222]]

 [[ 68 223]]

 [[ 67 224]]

 [[ 66 225]]

 [[ 66 226]]

 [[ 65 227]]

 [[ 64 228]]

 [[ 64 229]]

 [[ 64 230]]

 [[ 65 231]]

 [[ 65 232]]

 [[ 66 233]]

 [[ 66 234]]

 [[ 66 235]]

 [[ 66 236]]

 [[ 65 237]]

 [[ 64 238]]

 [[ 64 239]]

 [[ 63 240]]

 [[ 62 241]]

 [[ 61 241]]

 [[ 61 242]]

 [[ 60 243]]

 [[ 59 244]]

 [[ 59 245]]

 [[ 59 246]]

 [[ 58 247]]

 [[ 57 248]]

 [[ 57 249]]

 [[ 57 250]]

 [[ 56 251]]

 [[ 55 252]]

 [[ 54 253]]

 [[ 54 254]]

 [[ 53 255]]

 [[ 52 255]]

 [[ 51 255]]

 [[ 50 256]]

 [[ 49 257]]

 [[ 48 257]]

 [[ 48 258]]

 [[ 49 258]]

 [[ 50 258]]

 [[ 51 258]]

 [[ 52 258]]

 [[ 53 258]]

 [[ 54 258]]

 [[ 55 258]]

 [[ 56 258]]

 [[ 57 258]]

 [[ 58 258]]

 [[ 59 258]]

 [[ 60 258]]

 [[ 61 258]]

 [[ 62 258]]

 [[ 63 258]]

 [[ 64 258]]

 [[ 65 258]]

 [[ 65 257]]

 [[ 66 256]]

 [[ 66 255]]

 [[ 67 254]]

 [[ 68 253]]

 [[ 69 252]]

 [[ 70 252]]

 [[ 70 251]]

 [[ 70 250]]

 [[ 70 249]]

 [[ 70 248]]

 [[ 70 247]]

 [[ 71 246]]

 [[ 71 245]]

 [[ 72 244]]

 [[ 72 243]]

 [[ 73 242]]

 [[ 74 242]]

 [[ 75 241]]

 [[ 76 240]]

 [[ 77 239]]

 [[ 78 239]]

 [[ 78 238]]

 [[ 78 237]]

 [[ 78 236]]

 [[ 78 235]]

 [[ 79 234]]

 [[ 79 233]]

 [[ 79 232]]

 [[ 80 231]]

 [[ 80 230]]

 [[ 80 229]]

 [[ 80 228]]

 [[ 81 227]]

 [[ 82 226]]

 [[ 82 225]]

 [[ 82 224]]

 [[ 82 223]]

 [[ 82 222]]

 [[ 82 221]]

 [[ 83 220]]

 [[ 84 219]]

 [[ 85 218]]

 [[ 85 217]]

 [[ 85 216]]

 [[ 86 215]]

 [[ 87 214]]

 [[ 88 213]]

 [[ 88 212]]

 [[ 88 211]]

 [[ 87 210]]

 [[ 87 209]]

 [[ 86 208]]

 [[ 86 207]]

 [[ 86 206]]

 [[ 86 205]]

 [[ 86 204]]

 [[ 86 203]]

 [[ 87 202]]

 [[ 87 201]]

 [[ 87 200]]

 [[ 87 199]]

 [[ 88 198]]

 [[ 88 197]]

 [[ 88 196]]

 [[ 89 195]]

 [[ 89 194]]

 [[ 90 193]]

 [[ 90 192]]

 [[ 91 191]]

 [[ 91 190]]

 [[ 91 189]]

 [[ 91 188]]

 [[ 91 187]]

 [[ 91 186]]

 [[ 91 185]]

 [[ 91 184]]

 [[ 90 183]]

 [[ 90 182]]

 [[ 90 181]]

 [[ 90 180]]

 [[ 90 179]]

 [[ 90 178]]

 [[ 90 177]]

 [[ 90 176]]

 [[ 90 175]]

 [[ 91 174]]

 [[ 91 173]]

 [[ 90 172]]

 [[ 91 171]]

 [[ 91 170]]

 [[ 91 169]]

 [[ 91 168]]

 [[ 91 167]]

 [[ 91 166]]

 [[ 91 165]]

 [[ 91 164]]

 [[ 92 163]]

 [[ 92 162]]

 [[ 92 161]]

 [[ 91 160]]

 [[ 91 159]]

 [[ 90 158]]

 [[ 90 157]]

 [[ 89 156]]

 [[ 89 155]]

 [[ 89 154]]

 [[ 89 153]]

 [[ 90 152]]

 [[ 90 151]]

 [[ 90 150]]

 [[ 90 149]]

 [[ 90 148]]

 [[ 90 147]]

 [[ 89 146]]

 [[ 89 145]]

 [[ 89 144]]

 [[ 88 143]]

 [[ 88 142]]

 [[ 88 141]]

 [[ 88 140]]

 [[ 88 139]]

 [[ 88 138]]

 [[ 87 137]]

 [[ 87 136]]

 [[ 87 135]]

 [[ 86 134]]

 [[ 86 133]]

 [[ 85 132]]

 [[ 85 131]]

 [[ 84 130]]

 [[ 83 129]]

 [[ 83 128]]

 [[ 82 127]]

 [[ 81 126]]

 [[ 80 125]]

 [[ 79 124]]

 [[ 78 123]]

 [[ 78 122]]

 [[ 77 121]]

 [[ 77 120]]

 [[ 76 119]]

 [[ 75 119]]

 [[ 74 119]]

 [[ 73 119]]

 [[ 72 119]]

 [[ 71 118]]

 [[ 70 118]]

 [[ 69 117]]

 [[ 68 116]]

 [[ 67 115]]

 [[ 66 114]]

 [[ 65 113]]

 [[ 64 113]]

 [[ 63 112]]

 [[ 62 112]]

 [[ 61 111]]

 [[ 60 111]]

 [[ 59 111]]

 [[ 58 110]]

 [[ 57 110]]

 [[ 56 109]]

 [[ 55 108]]

 [[ 54 107]]

 [[ 53 106]]

 [[ 52 105]]

 [[ 51 105]]

 [[ 50 104]]

 [[ 49 104]]

 [[ 48 104]]

 [[ 47 103]]

 [[ 46 103]]

 [[ 45 102]]

 [[ 44 102]]

 [[ 43 101]]

 [[ 42 100]]

 [[ 41  99]]

 [[ 40  99]]

 [[ 39  98]]

 [[ 38  98]]

 [[ 37  97]]

 [[ 36  96]]

 [[ 35  96]]

 [[ 34  95]]

 [[ 33  94]]

 [[ 32  94]]

 [[ 31  93]]

 [[ 30  92]]

 [[ 29  91]]

 [[ 28  90]]

 [[ 27  89]]

 [[ 26  88]]

 [[ 25  87]]

 [[ 24  86]]

 [[ 24  85]]

 [[ 23  84]]

 [[ 23  83]]

 [[ 22  82]]

 [[ 21  81]]

 [[ 20  80]]

 [[ 19  80]]

 [[ 18  79]]

 [[ 17  78]]

 [[ 16  77]]

 [[ 15  76]]

 [[ 14  76]]

 [[ 13  75]]

 [[ 12  74]]

 [[ 12  73]]

 [[ 12  72]]

 [[ 11  71]]

 [[ 11  70]]

 [[ 10  69]]

 [[ 10  68]]

 [[ 10  67]]

 [[ 10  66]]

 [[  9  65]]

 [[  9  64]]

 [[  9  63]]

 [[  8  62]]

 [[  8  61]]

 [[  8  60]]

 [[  8  59]]

 [[  8  58]]

 [[  7  57]]

 [[  6  56]]

 [[  5  56]]

 [[  4  55]]

 [[  3  55]]

 [[  2  54]]]
[[[  0   0]]

 [[106  30]]

 [[105  30]]

 ..., 
 [[109  30]]

 [[109  29]]

 [[108  29]]]
