[[[  0   0]]

 [[405 125]]

 [[405 126]]

 ..., 
 [[409 126]]

 [[408 125]]

 [[407 124]]]
[[[  0   0]]

 [[196  60]]

 [[195  60]]

 [[194  60]]

 [[193  61]]

 [[192  61]]

 [[191  62]]

 [[190  63]]

 [[189  63]]

 [[188  63]]

 [[187  64]]

 [[186  64]]

 [[185  64]]

 [[184  64]]

 [[183  64]]

 [[182  65]]

 [[181  65]]

 [[180  65]]

 [[179  65]]

 [[178  65]]

 [[177  66]]

 [[176  66]]

 [[175  67]]

 [[174  67]]

 [[173  67]]

 [[172  67]]

 [[171  66]]

 [[170  66]]

 [[169  67]]

 [[168  67]]

 [[167  67]]

 [[166  68]]

 [[165  68]]

 [[164  68]]

 [[163  68]]

 [[162  69]]

 [[161  69]]

 [[160  70]]

 [[159  70]]

 [[158  70]]

 [[157  71]]

 [[156  71]]

 [[155  72]]

 [[154  72]]

 [[153  72]]

 [[152  73]]

 [[151  73]]

 [[150  74]]

 [[149  74]]

 [[148  74]]

 [[147  74]]

 [[146  75]]

 [[145  75]]

 [[144  75]]

 [[143  75]]

 [[142  76]]

 [[141  76]]

 [[140  76]]

 [[139  77]]

 [[138  77]]

 [[137  77]]

 [[136  77]]

 [[135  77]]

 [[134  78]]

 [[133  78]]

 [[132  78]]

 [[131  78]]

 [[130  79]]

 [[129  79]]

 [[128  80]]

 [[127  80]]

 [[126  81]]

 [[125  81]]

 [[124  82]]

 [[123  82]]

 [[122  82]]

 [[121  82]]

 [[120  82]]

 [[119  83]]

 [[118  83]]

 [[117  83]]

 [[116  83]]

 [[115  83]]

 [[114  84]]

 [[114  85]]

 [[113  86]]

 [[112  86]]

 [[111  87]]

 [[110  87]]

 [[109  87]]

 [[108  87]]

 [[107  88]]

 [[106  88]]

 [[105  89]]

 [[104  89]]

 [[103  89]]

 [[102  90]]

 [[101  90]]

 [[100  90]]

 [[ 99  91]]

 [[ 98  92]]

 [[ 97  91]]

 [[ 96  91]]

 [[ 95  91]]

 [[ 94  91]]

 [[ 93  91]]

 [[ 92  91]]

 [[ 91  91]]

 [[ 90  91]]

 [[ 89  91]]

 [[ 88  92]]

 [[ 87  92]]

 [[ 86  93]]

 [[ 85  93]]

 [[ 84  93]]

 [[ 83  93]]

 [[ 82  93]]

 [[ 81  94]]

 [[ 80  94]]

 [[ 79  95]]

 [[ 78  96]]

 [[ 77  96]]

 [[ 76  97]]

 [[ 75  97]]

 [[ 74  97]]

 [[ 73  97]]

 [[ 72  97]]

 [[ 71  98]]

 [[ 70  98]]

 [[ 69  98]]

 [[ 68  98]]

 [[ 67  98]]

 [[ 66  99]]

 [[ 65 100]]

 [[ 64 101]]

 [[ 63 102]]

 [[ 62 102]]

 [[ 61 103]]

 [[ 60 103]]

 [[ 59 103]]

 [[ 58 103]]

 [[ 57 104]]

 [[ 56 104]]

 [[ 55 104]]

 [[ 54 105]]

 [[ 53 105]]

 [[ 52 106]]

 [[ 51 106]]

 [[ 50 106]]

 [[ 49 107]]

 [[ 48 107]]

 [[ 47 107]]

 [[ 46 108]]

 [[ 45 108]]

 [[ 44 108]]

 [[ 43 109]]

 [[ 42 109]]

 [[ 41 110]]

 [[ 40 110]]

 [[ 39 111]]

 [[ 38 111]]

 [[ 37 112]]

 [[ 36 112]]

 [[ 35 112]]

 [[ 34 112]]

 [[ 33 113]]

 [[ 32 113]]

 [[ 32 114]]

 [[ 31 115]]

 [[ 30 115]]

 [[ 29 116]]

 [[ 28 116]]

 [[ 27 117]]

 [[ 26 117]]

 [[ 25 118]]

 [[ 24 118]]

 [[ 23 118]]

 [[ 22 119]]

 [[ 21 120]]

 [[ 20 120]]

 [[ 19 120]]

 [[ 18 120]]

 [[ 17 120]]

 [[ 16 120]]

 [[ 15 121]]

 [[ 14 121]]

 [[ 13 122]]

 [[ 13 123]]

 [[ 12 124]]

 [[ 11 124]]

 [[ 10 124]]

 [[  9 125]]

 [[  8 124]]

 [[  7 124]]

 [[  6 124]]

 [[  5 125]]

 [[  4 125]]

 [[  3 125]]

 [[  3 126]]

 [[  3 127]]

 [[  2 128]]

 [[  1 129]]

 [[  1 130]]

 [[  1 131]]

 [[  1 132]]

 [[  1 133]]

 [[  1 134]]

 [[  1 135]]

 [[  1 136]]

 [[  2 135]]

 [[  3 134]]

 [[  4 133]]

 [[  5 132]]

 [[  6 131]]

 [[  7 131]]

 [[  8 130]]

 [[  9 129]]

 [[ 10 129]]

 [[ 11 129]]

 [[ 12 129]]

 [[ 13 129]]

 [[ 14 129]]

 [[ 15 128]]

 [[ 16 128]]

 [[ 17 127]]

 [[ 18 127]]

 [[ 19 127]]

 [[ 20 126]]

 [[ 21 126]]

 [[ 22 125]]

 [[ 23 124]]

 [[ 24 124]]

 [[ 25 124]]

 [[ 26 123]]

 [[ 27 122]]

 [[ 28 122]]

 [[ 29 121]]

 [[ 30 121]]

 [[ 31 120]]

 [[ 32 119]]

 [[ 33 119]]

 [[ 34 118]]

 [[ 35 117]]

 [[ 36 117]]

 [[ 37 117]]

 [[ 38 116]]

 [[ 39 115]]

 [[ 40 115]]

 [[ 41 115]]

 [[ 42 115]]

 [[ 43 115]]

 [[ 44 114]]

 [[ 45 113]]

 [[ 46 112]]

 [[ 47 112]]

 [[ 48 112]]

 [[ 49 111]]

 [[ 50 110]]

 [[ 51 110]]

 [[ 52 109]]

 [[ 53 109]]

 [[ 54 109]]

 [[ 55 108]]

 [[ 56 108]]

 [[ 57 108]]

 [[ 58 108]]

 [[ 59 108]]

 [[ 60 107]]

 [[ 61 107]]

 [[ 62 107]]

 [[ 63 107]]

 [[ 64 106]]

 [[ 65 106]]

 [[ 66 106]]

 [[ 67 106]]

 [[ 68 105]]

 [[ 69 104]]

 [[ 70 103]]

 [[ 71 102]]

 [[ 72 102]]

 [[ 73 102]]

 [[ 74 102]]

 [[ 75 102]]

 [[ 76 101]]

 [[ 77 101]]

 [[ 78 101]]

 [[ 79 100]]

 [[ 80 100]]

 [[ 81 100]]

 [[ 82  99]]

 [[ 83  99]]

 [[ 84  99]]

 [[ 85  99]]

 [[ 86  99]]

 [[ 87  98]]

 [[ 88  97]]

 [[ 89  97]]

 [[ 90  97]]

 [[ 91  97]]

 [[ 92  97]]

 [[ 93  98]]

 [[ 94  98]]

 [[ 95  97]]

 [[ 96  97]]

 [[ 96  96]]

 [[ 97  95]]

 [[ 98  94]]

 [[ 99  94]]

 [[100  93]]

 [[101  93]]

 [[102  93]]

 [[103  93]]

 [[104  92]]

 [[105  91]]

 [[106  91]]

 [[107  90]]

 [[108  90]]

 [[109  90]]

 [[110  90]]

 [[111  90]]

 [[112  91]]

 [[113  90]]

 [[114  89]]

 [[115  88]]

 [[116  87]]

 [[117  87]]

 [[118  86]]

 [[119  86]]

 [[120  85]]

 [[121  85]]

 [[122  85]]

 [[123  85]]

 [[124  85]]

 [[125  85]]

 [[126  85]]

 [[127  84]]

 [[128  83]]

 [[129  83]]

 [[130  83]]

 [[131  82]]

 [[132  82]]

 [[133  82]]

 [[134  82]]

 [[135  82]]

 [[136  81]]

 [[137  81]]

 [[138  81]]

 [[139  81]]

 [[140  80]]

 [[141  79]]

 [[142  79]]

 [[143  79]]

 [[144  79]]

 [[145  79]]

 [[146  79]]

 [[147  79]]

 [[148  78]]

 [[149  78]]

 [[150  77]]

 [[151  77]]

 [[152  77]]

 [[153  77]]

 [[154  76]]

 [[155  76]]

 [[156  76]]

 [[157  75]]

 [[158  75]]

 [[159  74]]

 [[160  73]]

 [[161  73]]

 [[162  73]]

 [[163  72]]

 [[164  71]]

 [[165  71]]

 [[166  72]]

 [[167  72]]

 [[168  72]]

 [[169  71]]

 [[170  71]]

 [[171  71]]

 [[172  70]]

 [[173  69]]

 [[174  69]]

 [[175  68]]

 [[176  67]]

 [[177  67]]

 [[178  68]]

 [[179  68]]

 [[180  68]]

 [[181  68]]

 [[182  67]]

 [[183  67]]

 [[184  67]]

 [[185  67]]

 [[186  67]]

 [[187  67]]

 [[188  67]]

 [[189  66]]

 [[190  66]]

 [[190  65]]

 [[191  64]]

 [[192  64]]

 [[193  64]]

 [[194  64]]

 [[195  65]]

 [[196  66]]

 [[197  67]]

 [[197  68]]

 [[197  69]]

 [[197  70]]

 [[197  71]]

 [[197  72]]

 [[197  73]]

 [[196  74]]

 [[196  75]]

 [[196  76]]

 [[197  77]]

 [[197  78]]

 [[198  77]]

 [[198  76]]

 [[198  75]]

 [[198  74]]

 [[197  73]]

 [[198  72]]

 [[198  71]]

 [[199  70]]

 [[199  69]]

 [[199  68]]

 [[199  67]]

 [[199  66]]

 [[199  65]]

 [[199  64]]

 [[199  63]]

 [[199  62]]

 [[199  61]]

 [[199  60]]

 [[199  59]]

 [[198  59]]]
