[[[  0   0]]

 [[249 214]]

 [[249 215]]

 [[248 216]]

 [[248 217]]

 [[247 218]]

 [[247 219]]

 [[246 220]]

 [[245 221]]

 [[244 222]]

 [[243 223]]

 [[242 224]]

 [[241 225]]

 [[240 226]]

 [[239 227]]

 [[238 228]]

 [[237 228]]

 [[236 229]]

 [[235 229]]

 [[234 230]]

 [[233 231]]

 [[232 231]]

 [[231 232]]

 [[230 232]]

 [[229 233]]

 [[228 233]]

 [[227 234]]

 [[226 234]]

 [[225 234]]

 [[224 235]]

 [[223 235]]

 [[222 235]]

 [[221 236]]

 [[220 236]]

 [[219 236]]

 [[218 236]]

 [[217 237]]

 [[216 237]]

 [[215 237]]

 [[214 237]]

 [[213 238]]

 [[212 238]]

 [[211 238]]

 [[210 238]]

 [[209 238]]

 [[208 239]]

 [[207 239]]

 [[206 239]]

 [[205 239]]

 [[204 239]]

 [[203 239]]

 [[202 239]]

 [[201 239]]

 [[200 239]]

 [[199 239]]

 [[198 239]]

 [[197 239]]

 [[196 239]]

 [[195 239]]

 [[194 239]]

 [[193 239]]

 [[192 239]]

 [[191 239]]

 [[190 239]]

 [[189 239]]

 [[188 238]]

 [[187 238]]

 [[186 238]]

 [[185 238]]

 [[184 238]]

 [[183 238]]

 [[182 237]]

 [[181 237]]

 [[180 237]]

 [[179 236]]

 [[178 236]]

 [[177 236]]

 [[176 235]]

 [[175 235]]

 [[174 235]]

 [[173 234]]

 [[172 234]]

 [[171 233]]

 [[170 232]]

 [[169 232]]

 [[168 231]]

 [[167 231]]

 [[166 230]]

 [[165 230]]

 [[164 229]]

 [[163 228]]

 [[163 227]]

 [[162 226]]

 [[161 225]]

 [[160 224]]

 [[160 223]]

 [[159 222]]

 [[158 222]]

 [[158 223]]

 [[158 224]]

 [[158 225]]

 [[158 226]]

 [[158 227]]

 [[159 228]]

 [[159 229]]

 [[159 230]]

 [[159 231]]

 [[160 232]]

 [[160 233]]

 [[161 234]]

 [[161 235]]

 [[161 236]]

 [[162 237]]

 [[162 238]]

 [[163 239]]

 [[163 240]]

 [[164 241]]

 [[165 242]]

 [[165 243]]

 [[166 244]]

 [[167 245]]

 [[168 246]]

 [[169 246]]

 [[170 247]]

 [[171 248]]

 [[172 248]]

 [[173 249]]

 [[174 249]]

 [[175 250]]

 [[176 250]]

 [[177 251]]

 [[178 251]]

 [[179 251]]

 [[180 252]]

 [[181 252]]

 [[182 252]]

 [[183 252]]

 [[184 253]]

 [[185 253]]

 [[186 253]]

 [[187 253]]

 [[188 254]]

 [[189 254]]

 [[190 254]]

 [[191 254]]

 [[192 254]]

 [[193 254]]

 [[194 254]]

 [[195 254]]

 [[196 254]]

 [[197 254]]

 [[198 254]]

 [[199 254]]

 [[200 254]]

 [[201 254]]

 [[202 254]]

 [[203 254]]

 [[204 254]]

 [[205 254]]

 [[206 254]]

 [[207 254]]

 [[208 254]]

 [[209 254]]

 [[210 253]]

 [[211 253]]

 [[212 253]]

 [[213 253]]

 [[214 253]]

 [[215 252]]

 [[216 252]]

 [[217 252]]

 [[218 252]]

 [[219 252]]

 [[220 251]]

 [[221 251]]

 [[222 251]]

 [[223 250]]

 [[224 250]]

 [[225 250]]

 [[226 249]]

 [[227 249]]

 [[228 249]]

 [[229 248]]

 [[230 248]]

 [[231 248]]

 [[232 247]]

 [[233 246]]

 [[234 246]]

 [[235 245]]

 [[236 244]]

 [[237 244]]

 [[238 243]]

 [[239 242]]

 [[240 241]]

 [[241 240]]

 [[242 240]]

 [[243 239]]

 [[244 238]]

 [[245 237]]

 [[246 236]]

 [[247 235]]

 [[247 234]]

 [[248 233]]

 [[248 232]]

 [[248 231]]

 [[249 230]]

 [[250 229]]

 [[250 228]]

 [[251 227]]

 [[251 226]]

 [[251 225]]

 [[251 224]]

 [[251 223]]

 [[251 222]]

 [[251 221]]

 [[251 220]]

 [[251 219]]

 [[251 218]]

 [[251 217]]

 [[251 216]]

 [[251 215]]

 [[251 214]]

 [[251 213]]]
[[[  0   0]]

 [[246 157]]

 [[245 158]]

 [[245 159]]

 [[244 160]]

 [[243 161]]

 [[242 162]]

 [[241 163]]

 [[240 164]]

 [[239 164]]

 [[238 165]]

 [[237 166]]

 [[236 167]]

 [[235 167]]

 [[234 168]]

 [[233 168]]

 [[232 169]]

 [[231 170]]

 [[230 170]]

 [[229 170]]

 [[228 171]]

 [[227 171]]

 [[226 171]]

 [[225 172]]

 [[224 172]]

 [[223 173]]

 [[222 173]]

 [[221 173]]

 [[220 173]]

 [[219 174]]

 [[218 174]]

 [[217 174]]

 [[216 174]]

 [[215 174]]

 [[214 175]]

 [[213 175]]

 [[212 175]]

 [[211 175]]

 [[210 175]]

 [[209 175]]

 [[208 176]]

 [[207 176]]

 [[206 176]]

 [[205 176]]

 [[204 176]]

 [[203 176]]

 [[202 177]]

 [[201 177]]

 [[200 177]]

 [[199 177]]

 [[198 177]]

 [[197 177]]

 [[196 177]]

 [[195 177]]

 [[194 177]]

 [[193 177]]

 [[192 177]]

 [[191 177]]

 [[190 177]]

 [[189 177]]

 [[188 177]]

 [[187 177]]

 [[186 177]]

 [[185 177]]

 [[184 177]]

 [[183 177]]

 [[182 177]]

 [[181 176]]

 [[180 176]]

 [[179 176]]

 [[178 176]]

 [[177 176]]

 [[176 176]]

 [[175 175]]

 [[174 175]]

 [[173 175]]

 [[172 175]]

 [[171 174]]

 [[170 174]]

 [[169 174]]

 [[168 173]]

 [[167 173]]

 [[166 172]]

 [[165 172]]

 [[164 172]]

 [[163 171]]

 [[162 171]]

 [[161 170]]

 [[160 170]]

 [[159 169]]

 [[158 168]]

 [[157 168]]

 [[156 167]]

 [[155 166]]

 [[154 166]]

 [[153 166]]

 [[152 166]]

 [[152 167]]

 [[152 168]]

 [[153 169]]

 [[153 170]]

 [[153 171]]

 [[154 172]]

 [[154 173]]

 [[154 174]]

 [[154 175]]

 [[154 176]]

 [[154 177]]

 [[154 178]]

 [[154 179]]

 [[155 180]]

 [[156 181]]

 [[156 182]]

 [[157 183]]

 [[158 184]]

 [[159 185]]

 [[160 186]]

 [[161 187]]

 [[162 188]]

 [[163 188]]

 [[164 189]]

 [[165 190]]

 [[166 190]]

 [[167 191]]

 [[168 191]]

 [[169 191]]

 [[170 192]]

 [[171 192]]

 [[172 192]]

 [[173 192]]

 [[174 193]]

 [[175 193]]

 [[176 194]]

 [[177 194]]

 [[178 194]]

 [[179 194]]

 [[180 194]]

 [[181 194]]

 [[182 195]]

 [[183 195]]

 [[184 195]]

 [[185 195]]

 [[186 195]]

 [[187 195]]

 [[188 195]]

 [[189 195]]

 [[190 195]]

 [[191 195]]

 [[192 196]]

 [[193 196]]

 [[194 196]]

 [[195 196]]

 [[196 196]]

 [[197 196]]

 [[198 196]]

 [[199 196]]

 [[200 196]]

 [[201 196]]

 [[202 195]]

 [[203 195]]

 [[204 195]]

 [[205 195]]

 [[206 195]]

 [[207 195]]

 [[208 194]]

 [[209 194]]

 [[210 194]]

 [[211 194]]

 [[212 194]]

 [[213 193]]

 [[214 193]]

 [[215 193]]

 [[216 193]]

 [[217 192]]

 [[218 192]]

 [[219 192]]

 [[220 192]]

 [[221 192]]

 [[222 191]]

 [[223 191]]

 [[224 191]]

 [[225 190]]

 [[226 189]]

 [[227 189]]

 [[228 189]]

 [[229 188]]

 [[230 188]]

 [[231 187]]

 [[232 187]]

 [[233 186]]

 [[234 186]]

 [[235 185]]

 [[236 185]]

 [[237 184]]

 [[238 184]]

 [[239 183]]

 [[240 182]]

 [[241 181]]

 [[242 180]]

 [[243 179]]

 [[244 178]]

 [[245 177]]

 [[245 176]]

 [[246 175]]

 [[247 174]]

 [[248 173]]

 [[248 172]]

 [[248 171]]

 [[248 170]]

 [[248 169]]

 [[249 168]]

 [[249 167]]

 [[249 166]]

 [[249 165]]

 [[249 164]]

 [[249 163]]

 [[249 162]]

 [[249 161]]

 [[249 160]]

 [[249 159]]

 [[249 158]]

 [[248 157]]

 [[248 156]]]
[[[  0   0]]

 [[108 125]]

 [[107 125]]

 ..., 
 [[112 125]]

 [[111 125]]

 [[110 124]]]
[[[  0   0]]

 [[158  97]]

 [[157  98]]

 [[157  99]]

 [[156 100]]

 [[156 101]]

 [[155 102]]

 [[154 103]]

 [[153 103]]

 [[153 104]]

 [[153 105]]

 [[153 106]]

 [[153 107]]

 [[152 108]]

 [[151 109]]

 [[150 110]]

 [[150 111]]

 [[151 112]]

 [[152 113]]

 [[153 113]]

 [[154 114]]

 [[155 115]]

 [[156 116]]

 [[156 117]]

 [[157 118]]

 [[158 118]]

 [[159 119]]

 [[160 119]]

 [[161 120]]

 [[162 121]]

 [[163 121]]

 [[164 122]]

 [[165 122]]

 [[166 122]]

 [[167 122]]

 [[168 123]]

 [[169 123]]

 [[170 124]]

 [[171 124]]

 [[172 125]]

 [[173 125]]

 [[174 125]]

 [[175 125]]

 [[176 126]]

 [[177 126]]

 [[178 126]]

 [[179 126]]

 [[180 126]]

 [[181 126]]

 [[182 126]]

 [[183 126]]

 [[184 126]]

 [[185 126]]

 [[186 125]]

 [[186 124]]

 [[185 123]]

 [[185 122]]

 [[184 121]]

 [[184 120]]

 [[183 119]]

 [[183 118]]

 [[183 117]]

 [[182 117]]

 [[181 116]]

 [[180 116]]

 [[179 117]]

 [[178 118]]

 [[177 119]]

 [[176 119]]

 [[175 120]]

 [[174 120]]

 [[173 121]]

 [[172 121]]

 [[171 121]]

 [[170 121]]

 [[169 121]]

 [[168 121]]

 [[167 121]]

 [[166 120]]

 [[165 120]]

 [[164 120]]

 [[163 119]]

 [[162 119]]

 [[161 118]]

 [[160 117]]

 [[159 116]]

 [[158 115]]

 [[158 114]]

 [[158 113]]

 [[158 112]]

 [[158 111]]

 [[158 110]]

 [[157 109]]

 [[157 108]]

 [[157 107]]

 [[158 106]]

 [[158 105]]

 [[159 104]]

 [[159 103]]

 [[160 102]]

 [[160 101]]

 [[161 100]]

 [[161  99]]

 [[161  98]]

 [[161  97]]

 [[161  96]]

 [[160  96]]]
[[[  0   0]]

 [[233  93]]

 [[233  94]]

 [[234  95]]

 [[235  96]]

 [[236  97]]

 [[236  98]]

 [[237  99]]

 [[237 100]]

 [[237 101]]

 [[237 102]]

 [[237 103]]

 [[237 104]]

 [[236 105]]

 [[236 106]]

 [[236 107]]

 [[235 108]]

 [[234 109]]

 [[234 110]]

 [[234 111]]

 [[234 112]]

 [[233 113]]

 [[233 114]]

 [[232 115]]

 [[231 116]]

 [[230 116]]

 [[229 117]]

 [[228 117]]

 [[227 117]]

 [[226 117]]

 [[225 117]]

 [[224 116]]

 [[223 117]]

 [[222 116]]

 [[222 115]]

 [[222 114]]

 [[221 113]]

 [[220 112]]

 [[219 112]]

 [[218 111]]

 [[217 112]]

 [[218 113]]

 [[218 114]]

 [[219 115]]

 [[220 115]]

 [[221 115]]

 [[222 116]]

 [[223 117]]

 [[222 118]]

 [[221 118]]

 [[221 119]]

 [[221 120]]

 [[222 121]]

 [[223 122]]

 [[224 122]]

 [[225 122]]

 [[226 122]]

 [[227 121]]

 [[228 121]]

 [[229 120]]

 [[230 119]]

 [[230 118]]

 [[231 117]]

 [[231 116]]

 [[232 115]]

 [[233 115]]

 [[234 115]]

 [[235 115]]

 [[236 114]]

 [[237 114]]

 [[238 113]]

 [[239 113]]

 [[240 113]]

 [[241 113]]

 [[242 112]]

 [[243 112]]

 [[244 111]]

 [[245 110]]

 [[246 109]]

 [[246 108]]

 [[246 107]]

 [[246 106]]

 [[246 105]]

 [[246 104]]

 [[245 103]]

 [[245 102]]

 [[244 101]]

 [[243 100]]

 [[243  99]]

 [[242  98]]

 [[241  97]]

 [[240  96]]

 [[240  95]]

 [[239  95]]

 [[238  94]]

 [[237  93]]

 [[236  93]]

 [[235  92]]

 [[234  92]]]
[[[  0   0]]

 [[222  88]]

 [[221  88]]

 [[220  88]]

 [[219  88]]

 [[218  88]]

 [[217  88]]

 [[216  88]]

 [[215  89]]

 [[214  89]]

 [[213  89]]

 [[212  89]]

 [[211  89]]

 [[210  89]]

 [[209  89]]

 [[208  89]]

 [[207  90]]

 [[206  91]]

 [[206  92]]

 [[206  93]]

 [[206  94]]

 [[207  95]]

 [[207  96]]

 [[206  97]]

 [[205  97]]

 [[204  97]]

 [[203  97]]

 [[202  97]]

 [[201  97]]

 [[200  97]]

 [[199  98]]

 [[198  98]]

 [[197  98]]

 [[196  98]]

 [[195  98]]

 [[194  98]]

 [[193  98]]

 [[192  98]]

 [[191  98]]

 [[190  98]]

 [[189  98]]

 [[188  99]]

 [[187  99]]

 [[186  99]]

 [[185  99]]

 [[184  99]]

 [[183  99]]

 [[182  98]]

 [[182  97]]

 [[182  96]]

 [[181  95]]

 [[180  95]]

 [[179  95]]

 [[178  95]]

 [[177  94]]

 [[176  94]]

 [[175  95]]

 [[174  95]]

 [[174  96]]

 [[175  97]]

 [[175  98]]

 [[175  99]]

 [[176 100]]

 [[176 101]]

 [[177 102]]

 [[178 102]]

 [[179 102]]

 [[180 101]]

 [[181 101]]

 [[182 101]]

 [[183 101]]

 [[184 101]]

 [[185 101]]

 [[186 101]]

 [[187 101]]

 [[188 101]]

 [[189 101]]

 [[190 101]]

 [[191 100]]

 [[192 100]]

 [[193 100]]

 [[194 100]]

 [[195 100]]

 [[196  99]]

 [[197  99]]

 [[198  99]]

 [[199  99]]

 [[200  99]]

 [[201  99]]

 [[202  99]]

 [[203  99]]

 [[204  98]]

 [[205  98]]

 [[206  98]]

 [[207  97]]

 [[208  97]]

 [[209  97]]

 [[210  97]]

 [[211  97]]

 [[212  97]]

 [[213  97]]

 [[214  97]]

 [[215  96]]

 [[216  96]]

 [[217  96]]

 [[218  96]]

 [[219  95]]

 [[219  94]]

 [[219  93]]

 [[219  92]]

 [[220  91]]

 [[221  90]]

 [[222  90]]

 [[223  89]]

 [[224  89]]

 [[225  88]]

 [[226  88]]

 [[227  88]]

 [[228  89]]

 [[229  89]]

 [[230  89]]

 [[231  89]]

 [[231  88]]

 [[230  88]]

 [[229  87]]

 [[228  87]]

 [[227  87]]

 [[226  87]]

 [[225  87]]

 [[224  87]]]
[[[  0   0]]

 [[252  84]]

 [[252  85]]

 [[252  86]]

 [[252  87]]

 [[252  88]]

 [[252  89]]

 [[252  90]]

 [[252  91]]

 [[252  92]]

 [[251  93]]

 [[251  94]]

 [[251  95]]

 [[252  96]]

 [[253  96]]

 [[254  97]]

 [[255  98]]

 [[256  98]]

 [[257  98]]

 [[258  99]]

 [[259  99]]

 [[260  99]]

 [[261 100]]

 [[262 100]]

 [[263 100]]

 [[264 100]]

 [[265 101]]

 [[266 101]]

 [[267 101]]

 [[268 101]]

 [[269 101]]

 [[270 101]]

 [[271 102]]

 [[272 102]]

 [[273 102]]

 [[274 102]]

 [[275 102]]

 [[276 102]]

 [[277 102]]

 [[278 102]]

 [[279 102]]

 [[280 102]]

 [[281 102]]

 [[282 102]]

 [[283 102]]

 [[284 102]]

 [[285 102]]

 [[286 102]]

 [[287 102]]

 [[288 102]]

 [[289 102]]

 [[290 102]]

 [[291 102]]

 [[292 101]]

 [[293 101]]

 [[294 101]]

 [[295 100]]

 [[296 100]]

 [[296  99]]

 [[297  98]]

 [[297  97]]

 [[298  96]]

 [[298  95]]

 [[298  94]]

 [[298  93]]

 [[299  92]]

 [[299  91]]

 [[299  90]]

 [[299  89]]

 [[299  88]]

 [[299  87]]

 [[298  86]]

 [[297  86]]

 [[296  87]]

 [[295  87]]

 [[294  87]]

 [[293  87]]

 [[292  87]]

 [[291  87]]

 [[290  87]]

 [[289  87]]

 [[288  87]]

 [[287  88]]

 [[286  88]]

 [[285  88]]

 [[284  88]]

 [[283  88]]

 [[282  88]]

 [[281  88]]

 [[280  88]]

 [[279  88]]

 [[278  87]]

 [[277  87]]

 [[276  87]]

 [[275  87]]

 [[274  87]]

 [[273  87]]

 [[272  87]]

 [[271  87]]

 [[270  87]]

 [[269  87]]

 [[268  86]]

 [[267  86]]

 [[266  86]]

 [[265  86]]

 [[264  86]]

 [[263  86]]

 [[262  85]]

 [[261  85]]

 [[260  85]]

 [[259  85]]

 [[258  84]]

 [[257  84]]

 [[256  84]]

 [[255  83]]

 [[254  83]]

 [[253  83]]]
[[[  0   0]]

 [[352  81]]

 [[352  82]]

 [[352  83]]

 [[352  84]]

 [[352  85]]

 [[353  86]]

 [[353  87]]

 [[353  88]]

 [[352  89]]

 [[352  90]]

 [[351  91]]

 [[350  92]]

 [[349  92]]

 [[348  92]]

 [[347  92]]

 [[346  92]]

 [[345  92]]

 [[344  92]]

 [[343  93]]

 [[342  93]]

 [[341  93]]

 [[340  93]]

 [[339  93]]

 [[338  93]]

 [[337  93]]

 [[336  93]]

 [[335  93]]

 [[334  93]]

 [[333  93]]

 [[332  93]]

 [[331  93]]

 [[330  93]]

 [[329  93]]

 [[328  93]]

 [[327  93]]

 [[326  93]]

 [[325  93]]

 [[324  93]]

 [[323  93]]

 [[322  92]]

 [[321  92]]

 [[320  92]]

 [[319  92]]

 [[318  91]]

 [[317  91]]

 [[316  91]]

 [[315  91]]

 [[314  91]]

 [[313  91]]

 [[312  90]]

 [[311  90]]

 [[310  90]]

 [[309  90]]

 [[308  90]]

 [[307  89]]

 [[306  89]]

 [[305  89]]

 [[304  88]]

 [[303  88]]

 [[302  89]]

 [[302  90]]

 [[302  91]]

 [[302  92]]

 [[302  93]]

 [[303  94]]

 [[303  95]]

 [[304  96]]

 [[305  97]]

 [[306  98]]

 [[307  98]]

 [[308  99]]

 [[309  99]]

 [[310  99]]

 [[311 100]]

 [[312 100]]

 [[313 100]]

 [[314 100]]

 [[315 101]]

 [[316 101]]

 [[317 101]]

 [[318 101]]

 [[319 101]]

 [[320 101]]

 [[321 101]]

 [[322 101]]

 [[323 101]]

 [[324 102]]

 [[325 102]]

 [[326 102]]

 [[327 102]]

 [[328 102]]

 [[329 102]]

 [[330 102]]

 [[331 102]]

 [[332 102]]

 [[333 102]]

 [[334 102]]

 [[335 102]]

 [[336 102]]

 [[337 102]]

 [[338 102]]

 [[339 102]]

 [[340 102]]

 [[341 102]]

 [[342 102]]

 [[343 101]]

 [[344 101]]

 [[345 101]]

 [[346 101]]

 [[347 100]]

 [[348  99]]

 [[349  98]]

 [[349  97]]

 [[350  96]]

 [[350  95]]

 [[351  94]]

 [[351  93]]

 [[352  92]]

 [[353  91]]

 [[354  91]]

 [[355  91]]

 [[356  92]]

 [[357  93]]

 [[357  94]]

 [[357  95]]

 [[356  96]]

 [[356  97]]

 [[356  98]]

 [[356  99]]

 [[356 100]]

 [[356 101]]

 [[357 102]]

 [[357 103]]

 [[358 104]]

 [[359 104]]

 [[360 104]]

 [[361 105]]

 [[362 105]]

 [[363 106]]

 [[364 106]]

 [[365 106]]

 [[366 107]]

 [[367 107]]

 [[368 107]]

 [[369 107]]

 [[370 107]]

 [[371 107]]

 [[372 108]]

 [[373 108]]

 [[374 108]]

 [[375 108]]

 [[376 109]]

 [[377 109]]

 [[378 109]]

 [[379 109]]

 [[380 109]]

 [[381 109]]

 [[382 109]]

 [[383 109]]

 [[384 109]]

 [[385 109]]

 [[386 110]]

 [[387 110]]

 [[388 109]]

 [[389 109]]

 [[390 109]]

 [[391 109]]

 [[392 109]]

 [[393 109]]

 [[394 109]]

 [[395 109]]

 [[396 109]]

 [[397 109]]

 [[398 109]]

 [[399 109]]

 [[400 108]]

 [[401 108]]

 [[402 108]]

 [[403 108]]

 [[404 107]]

 [[404 106]]

 [[405 105]]

 [[405 104]]

 [[405 103]]

 [[405 102]]

 [[405 101]]

 [[405 100]]

 [[405  99]]

 [[406  98]]

 [[406  97]]

 [[406  96]]

 [[406  95]]

 [[406  94]]

 [[407  93]]

 [[406  92]]

 [[405  92]]

 [[404  93]]

 [[403  93]]

 [[402  93]]

 [[401  93]]

 [[400  94]]

 [[399  94]]

 [[398  94]]

 [[397  94]]

 [[396  94]]

 [[395  94]]

 [[394  95]]

 [[393  94]]

 [[392  94]]

 [[391  94]]

 [[390  94]]

 [[389  94]]

 [[388  94]]

 [[387  94]]

 [[386  94]]

 [[385  94]]

 [[384  94]]

 [[383  94]]

 [[382  94]]

 [[381  94]]

 [[380  94]]

 [[379  94]]

 [[378  93]]

 [[377  93]]

 [[376  93]]

 [[375  93]]

 [[374  93]]

 [[373  93]]

 [[372  93]]

 [[371  93]]

 [[370  93]]

 [[369  93]]

 [[368  92]]

 [[367  92]]

 [[366  92]]

 [[365  91]]

 [[364  91]]

 [[363  91]]

 [[362  90]]

 [[361  90]]

 [[360  90]]

 [[359  89]]

 [[358  89]]

 [[357  89]]

 [[356  89]]

 [[355  88]]

 [[355  87]]

 [[355  86]]

 [[355  85]]

 [[356  84]]

 [[356  83]]

 [[356  82]]

 [[356  81]]

 [[355  80]]

 [[354  80]]]
[[[  0   0]]

 [[307  59]]

 [[307  60]]

 [[307  61]]

 [[307  62]]

 [[307  63]]

 [[307  64]]

 [[307  65]]

 [[308  66]]

 [[309  66]]

 [[310  67]]

 [[311  67]]

 [[312  68]]

 [[313  69]]

 [[314  69]]

 [[315  69]]

 [[316  69]]

 [[317  69]]

 [[318  69]]

 [[319  70]]

 [[320  69]]

 [[321  69]]

 [[322  70]]

 [[323  70]]

 [[324  70]]

 [[325  70]]

 [[326  70]]

 [[327  70]]

 [[328  70]]

 [[329  71]]

 [[330  71]]

 [[331  71]]

 [[332  71]]

 [[333  71]]

 [[334  71]]

 [[335  71]]

 [[336  71]]

 [[337  71]]

 [[338  71]]

 [[339  71]]

 [[340  71]]

 [[341  71]]

 [[342  71]]

 [[343  71]]

 [[344  70]]

 [[345  70]]

 [[346  70]]

 [[347  70]]

 [[348  70]]

 [[349  70]]

 [[350  70]]

 [[351  69]]

 [[351  68]]

 [[352  67]]

 [[352  66]]

 [[352  65]]

 [[352  64]]

 [[352  63]]

 [[352  62]]

 [[352  61]]

 [[351  61]]

 [[350  61]]

 [[349  61]]

 [[348  61]]

 [[347  61]]

 [[346  61]]

 [[345  61]]

 [[344  61]]

 [[343  61]]

 [[342  61]]

 [[341  61]]

 [[340  61]]

 [[339  61]]

 [[338  62]]

 [[337  62]]

 [[336  62]]

 [[335  62]]

 [[334  62]]

 [[333  61]]

 [[332  61]]

 [[331  61]]

 [[330  61]]

 [[329  61]]

 [[328  61]]

 [[327  62]]

 [[326  62]]

 [[325  62]]

 [[324  61]]

 [[323  61]]

 [[322  61]]

 [[321  61]]

 [[320  60]]

 [[319  60]]

 [[318  60]]

 [[317  60]]

 [[316  59]]

 [[315  59]]

 [[314  59]]

 [[313  59]]

 [[312  59]]

 [[311  59]]

 [[310  58]]

 [[309  58]]]
[[[  0   0]]

 [[206  55]]

 [[205  56]]

 [[205  57]]

 [[205  58]]

 [[205  59]]

 [[205  60]]

 [[205  61]]

 [[205  62]]

 [[205  63]]

 [[204  64]]

 [[203  64]]

 [[202  63]]

 [[201  64]]

 [[201  65]]

 [[202  66]]

 [[203  66]]

 [[204  67]]

 [[205  68]]

 [[206  68]]

 [[207  68]]

 [[208  68]]

 [[209  68]]

 [[210  68]]

 [[211  68]]

 [[212  68]]

 [[213  68]]

 [[214  68]]

 [[215  68]]

 [[216  68]]

 [[217  68]]

 [[218  68]]

 [[219  68]]

 [[220  68]]

 [[221  68]]

 [[220  68]]

 [[219  68]]

 [[218  68]]

 [[217  68]]

 [[216  68]]

 [[215  68]]

 [[214  68]]

 [[213  68]]

 [[212  68]]

 [[211  68]]

 [[210  68]]

 [[209  67]]

 [[208  68]]

 [[207  68]]

 [[206  68]]

 [[205  67]]

 [[205  66]]

 [[205  65]]

 [[205  64]]

 [[206  63]]

 [[207  62]]

 [[207  61]]

 [[207  60]]

 [[207  59]]

 [[207  58]]

 [[207  57]]

 [[207  56]]

 [[207  55]]

 [[208  54]]

 [[209  54]]

 [[210  54]]

 [[211  54]]

 [[212  54]]

 [[213  54]]

 [[214  55]]

 [[215  55]]

 [[216  56]]

 [[217  57]]

 [[218  58]]

 [[219  59]]

 [[220  60]]

 [[220  61]]

 [[221  62]]

 [[222  63]]

 [[222  64]]

 [[223  65]]

 [[224  66]]

 [[225  65]]

 [[226  66]]

 [[227  67]]

 [[228  67]]

 [[229  67]]

 [[230  68]]

 [[230  69]]

 [[230  70]]

 [[230  71]]

 [[230  72]]

 [[230  73]]

 [[230  74]]

 [[229  75]]

 [[228  75]]

 [[227  76]]

 [[226  76]]

 [[225  76]]

 [[224  76]]

 [[223  76]]

 [[222  76]]

 [[221  76]]

 [[220  76]]

 [[219  76]]

 [[218  76]]

 [[217  76]]

 [[216  76]]

 [[215  76]]

 [[214  76]]

 [[213  76]]

 [[212  75]]

 [[211  75]]

 [[210  75]]

 [[209  75]]

 [[208  76]]

 [[208  77]]

 [[207  78]]

 [[206  78]]

 [[205  78]]

 [[205  79]]

 [[205  80]]

 [[205  81]]

 [[204  82]]

 [[203  82]]

 [[202  81]]

 [[202  82]]

 [[201  83]]

 [[201  84]]

 [[201  85]]

 [[201  86]]

 [[200  87]]

 [[200  88]]

 [[200  89]]

 [[200  90]]

 [[201  91]]

 [[201  92]]

 [[201  93]]

 [[202  94]]

 [[202  93]]

 [[202  92]]

 [[202  91]]

 [[202  90]]

 [[202  89]]

 [[201  88]]

 [[201  87]]

 [[201  86]]

 [[201  85]]

 [[202  84]]

 [[203  83]]

 [[204  83]]

 [[205  83]]

 [[206  83]]

 [[207  83]]

 [[207  82]]

 [[208  81]]

 [[209  81]]

 [[210  82]]

 [[211  83]]

 [[212  84]]

 [[213  84]]

 [[214  85]]

 [[215  84]]

 [[215  83]]

 [[214  82]]

 [[214  81]]

 [[215  80]]

 [[216  79]]

 [[217  79]]

 [[218  79]]

 [[219  79]]

 [[220  79]]

 [[221  79]]

 [[222  80]]

 [[223  81]]

 [[223  82]]

 [[224  82]]

 [[225  82]]

 [[226  82]]

 [[227  82]]

 [[228  82]]

 [[229  82]]

 [[228  82]]

 [[227  81]]

 [[228  80]]

 [[229  80]]

 [[229  79]]

 [[230  78]]

 [[231  78]]

 [[232  78]]

 [[233  78]]

 [[234  78]]

 [[235  78]]

 [[236  78]]

 [[237  78]]

 [[238  79]]

 [[239  79]]

 [[240  80]]

 [[240  79]]

 [[240  78]]

 [[240  77]]

 [[240  76]]

 [[241  75]]

 [[242  76]]

 [[242  77]]

 [[243  78]]

 [[243  79]]

 [[243  80]]

 [[243  81]]

 [[244  81]]

 [[245  81]]

 [[245  80]]

 [[245  79]]

 [[245  78]]

 [[245  77]]

 [[245  76]]

 [[245  75]]

 [[245  74]]

 [[245  73]]

 [[245  72]]

 [[245  71]]

 [[245  70]]

 [[245  69]]

 [[245  68]]

 [[244  67]]

 [[245  66]]

 [[246  66]]

 [[246  65]]

 [[245  64]]

 [[245  63]]

 [[244  62]]

 [[243  62]]

 [[242  62]]

 [[241  62]]

 [[240  63]]

 [[239  63]]

 [[238  63]]

 [[239  63]]

 [[240  64]]

 [[240  65]]

 [[239  66]]

 [[238  66]]

 [[237  65]]

 [[236  65]]

 [[235  65]]

 [[234  65]]

 [[233  65]]

 [[232  65]]

 [[231  64]]

 [[230  63]]

 [[230  62]]

 [[229  61]]

 [[228  60]]

 [[227  59]]

 [[226  58]]

 [[225  58]]

 [[224  58]]

 [[223  57]]

 [[224  56]]

 [[223  56]]

 [[222  55]]

 [[222  56]]

 [[223  57]]

 [[223  58]]

 [[222  59]]

 [[221  59]]

 [[220  59]]

 [[219  58]]

 [[218  57]]

 [[217  56]]

 [[216  55]]

 [[215  55]]

 [[214  54]]

 [[213  54]]

 [[212  54]]

 [[211  54]]

 [[210  54]]

 [[209  54]]

 [[208  54]]

 [[207  54]]]
[[[  0   0]]

 [[257  50]]

 [[257  51]]

 [[256  52]]

 [[255  52]]

 [[256  52]]

 [[257  53]]

 [[258  54]]

 [[258  55]]

 [[258  56]]

 [[258  57]]

 [[258  58]]

 [[258  59]]

 [[257  60]]

 [[257  61]]

 [[257  62]]

 [[257  63]]

 [[258  64]]

 [[259  64]]

 [[260  65]]

 [[261  65]]

 [[262  65]]

 [[263  66]]

 [[264  66]]

 [[265  66]]

 [[266  66]]

 [[267  66]]

 [[268  66]]

 [[269  66]]

 [[270  67]]

 [[271  67]]

 [[272  67]]

 [[273  67]]

 [[274  67]]

 [[275  67]]

 [[276  68]]

 [[277  68]]

 [[278  68]]

 [[279  68]]

 [[280  68]]

 [[281  68]]

 [[282  68]]

 [[283  68]]

 [[284  68]]

 [[285  68]]

 [[286  68]]

 [[287  68]]

 [[288  68]]

 [[289  68]]

 [[290  68]]

 [[291  68]]

 [[292  68]]

 [[293  68]]

 [[294  68]]

 [[295  68]]

 [[296  68]]

 [[297  68]]

 [[298  67]]

 [[299  67]]

 [[300  66]]

 [[301  65]]

 [[301  64]]

 [[301  63]]

 [[302  62]]

 [[302  61]]

 [[302  60]]

 [[302  59]]

 [[302  58]]

 [[303  57]]

 [[303  56]]

 [[303  55]]

 [[303  54]]

 [[302  54]]

 [[301  53]]

 [[300  54]]

 [[299  54]]

 [[298  54]]

 [[297  54]]

 [[296  54]]

 [[295  54]]

 [[294  53]]

 [[293  53]]

 [[292  54]]

 [[291  54]]

 [[290  54]]

 [[289  54]]

 [[288  54]]

 [[287  54]]

 [[286  54]]

 [[285  54]]

 [[284  54]]

 [[283  54]]

 [[282  53]]

 [[281  53]]

 [[280  53]]

 [[279  53]]

 [[278  53]]

 [[277  53]]

 [[276  52]]

 [[275  52]]

 [[274  52]]

 [[273  52]]

 [[272  52]]

 [[271  52]]

 [[270  52]]

 [[269  51]]

 [[268  51]]

 [[267  51]]

 [[266  51]]

 [[265  51]]

 [[264  51]]

 [[263  51]]

 [[262  50]]

 [[261  50]]

 [[260  50]]

 [[259  50]]]
[[[  0   0]]

 [[246  38]]

 [[245  38]]

 [[244  39]]

 [[243  40]]

 [[242  40]]

 [[241  40]]

 [[240  40]]

 [[239  40]]

 [[238  40]]

 [[237  40]]

 [[236  40]]

 [[235  41]]

 [[234  41]]

 [[233  41]]

 [[232  41]]

 [[231  41]]

 [[230  41]]

 [[229  41]]

 [[228  41]]

 [[227  41]]

 [[226  41]]

 [[225  41]]

 [[224  41]]

 [[223  41]]

 [[222  40]]

 [[221  40]]

 [[220  40]]

 [[219  41]]

 [[218  41]]

 [[217  41]]

 [[216  41]]

 [[215  40]]

 [[214  41]]

 [[213  40]]

 [[212  41]]

 [[211  41]]

 [[210  41]]

 [[209  42]]

 [[208  41]]

 [[207  41]]

 [[206  40]]

 [[205  40]]

 [[204  39]]

 [[203  39]]

 [[202  39]]

 [[201  40]]

 [[200  40]]

 [[199  40]]

 [[198  40]]

 [[197  40]]

 [[196  41]]

 [[197  42]]

 [[197  43]]

 [[197  44]]

 [[197  45]]

 [[197  46]]

 [[197  47]]

 [[197  48]]

 [[197  49]]

 [[197  50]]

 [[196  51]]

 [[196  52]]

 [[196  53]]

 [[197  53]]

 [[198  54]]

 [[198  55]]

 [[199  55]]

 [[200  55]]

 [[200  54]]

 [[200  53]]

 [[200  52]]

 [[200  51]]

 [[200  50]]

 [[200  49]]

 [[200  48]]

 [[200  47]]

 [[201  46]]

 [[202  46]]

 [[203  45]]

 [[204  44]]

 [[205  43]]

 [[206  43]]

 [[207  44]]

 [[208  44]]

 [[209  44]]

 [[210  45]]

 [[211  44]]

 [[212  44]]

 [[213  44]]

 [[214  43]]

 [[215  44]]

 [[216  44]]

 [[217  44]]

 [[218  44]]

 [[219  44]]

 [[220  45]]

 [[221  45]]

 [[222  45]]

 [[223  45]]

 [[224  46]]

 [[225  45]]

 [[226  45]]

 [[227  45]]

 [[228  45]]

 [[229  45]]

 [[230  45]]

 [[231  45]]

 [[232  45]]

 [[233  45]]

 [[234  45]]

 [[235  45]]

 [[236  45]]

 [[237  45]]

 [[238  45]]

 [[239  45]]

 [[240  45]]

 [[241  45]]

 [[242  45]]

 [[243  46]]

 [[243  47]]

 [[244  47]]

 [[244  46]]

 [[244  45]]

 [[245  44]]

 [[246  44]]

 [[245  43]]

 [[246  42]]

 [[245  41]]

 [[246  40]]

 [[247  40]]

 [[247  39]]

 [[248  38]]]
