[[[  0   0]]

 [[632 220]]

 [[631 220]]

 [[630 221]]

 [[629 222]]

 [[629 223]]

 [[629 224]]

 [[628 225]]

 [[627 226]]

 [[626 227]]

 [[626 228]]

 [[625 229]]

 [[625 230]]

 [[625 231]]

 [[625 232]]

 [[624 233]]

 [[623 234]]

 [[622 235]]

 [[621 236]]

 [[621 237]]

 [[620 238]]

 [[620 239]]

 [[621 238]]

 [[622 239]]

 [[623 239]]

 [[624 240]]

 [[625 241]]

 [[625 242]]

 [[626 243]]

 [[626 244]]

 [[626 245]]

 [[627 246]]

 [[628 247]]

 [[629 248]]

 [[630 249]]

 [[631 250]]

 [[632 251]]

 [[632 252]]

 [[633 253]]

 [[634 254]]

 [[635 255]]

 [[636 255]]

 [[637 255]]

 [[638 255]]

 [[638 254]]

 [[638 253]]

 [[638 252]]

 [[638 251]]

 [[638 250]]

 [[637 249]]

 [[636 249]]

 [[635 248]]

 [[634 247]]

 [[634 246]]

 [[634 245]]

 [[634 244]]

 [[634 243]]

 [[633 243]]

 [[632 242]]

 [[631 242]]

 [[630 241]]

 [[629 241]]

 [[628 240]]

 [[627 239]]

 [[627 238]]

 [[628 237]]

 [[629 236]]

 [[630 235]]

 [[631 234]]

 [[632 233]]

 [[632 232]]

 [[633 231]]

 [[633 230]]

 [[633 229]]

 [[633 228]]

 [[633 227]]

 [[633 226]]

 [[633 225]]

 [[634 224]]

 [[634 223]]

 [[633 222]]

 [[633 221]]

 [[633 220]]]
[[[  0   0]]

 [[225 193]]

 [[225 194]]

 [[225 195]]

 [[225 196]]

 [[225 197]]

 [[224 198]]

 [[223 199]]

 [[222 200]]

 [[221 201]]

 [[220 202]]

 [[219 202]]

 [[218 202]]

 [[217 203]]

 [[216 202]]

 [[215 202]]

 [[214 202]]

 [[213 202]]

 [[212 202]]

 [[211 202]]

 [[210 203]]

 [[209 203]]

 [[208 204]]

 [[207 204]]

 [[206 204]]

 [[205 204]]

 [[204 204]]

 [[203 204]]

 [[202 204]]

 [[201 204]]

 [[200 204]]

 [[199 204]]

 [[198 204]]

 [[197 204]]

 [[196 204]]

 [[195 204]]

 [[194 205]]

 [[193 204]]

 [[192 204]]

 [[191 204]]

 [[190 204]]

 [[189 204]]

 [[188 204]]

 [[187 204]]

 [[186 204]]

 [[185 204]]

 [[184 204]]

 [[183 203]]

 [[182 203]]

 [[181 203]]

 [[180 203]]

 [[179 203]]

 [[178 203]]

 [[177 203]]

 [[176 203]]

 [[175 203]]

 [[174 203]]

 [[174 204]]

 [[174 205]]

 [[175 206]]

 [[176 206]]

 [[177 207]]

 [[178 207]]

 [[179 207]]

 [[180 208]]

 [[181 208]]

 [[182 208]]

 [[183 209]]

 [[184 209]]

 [[185 208]]

 [[186 208]]

 [[187 208]]

 [[188 208]]

 [[189 208]]

 [[190 207]]

 [[191 207]]

 [[192 207]]

 [[193 207]]

 [[194 207]]

 [[195 207]]

 [[196 207]]

 [[197 207]]

 [[198 208]]

 [[199 208]]

 [[200 208]]

 [[201 208]]

 [[202 208]]

 [[203 208]]

 [[204 207]]

 [[205 207]]

 [[206 208]]

 [[207 208]]

 [[208 207]]

 [[209 207]]

 [[210 207]]

 [[211 207]]

 [[212 207]]

 [[213 207]]

 [[214 207]]

 [[215 207]]

 [[216 206]]

 [[217 206]]

 [[218 206]]

 [[219 206]]

 [[220 206]]

 [[221 206]]

 [[222 205]]

 [[223 205]]

 [[224 204]]

 [[225 204]]

 [[226 204]]

 [[227 204]]

 [[228 204]]

 [[229 204]]

 [[230 203]]

 [[230 202]]

 [[231 201]]

 [[231 200]]

 [[230 199]]

 [[229 198]]

 [[229 197]]

 [[229 196]]

 [[229 195]]

 [[228 194]]

 [[228 193]]

 [[227 192]]

 [[226 192]]]
[[[  0   0]]

 [[229 165]]

 [[228 166]]

 [[227 166]]

 [[226 167]]

 [[225 167]]

 [[224 168]]

 [[223 168]]

 [[222 168]]

 [[221 168]]

 [[220 168]]

 [[219 168]]

 [[218 168]]

 [[217 168]]

 [[216 168]]

 [[215 169]]

 [[214 169]]

 [[213 169]]

 [[212 169]]

 [[211 169]]

 [[210 169]]

 [[209 169]]

 [[208 169]]

 [[207 169]]

 [[206 169]]

 [[205 169]]

 [[204 169]]

 [[203 169]]

 [[202 169]]

 [[201 169]]

 [[200 169]]

 [[199 170]]

 [[198 170]]

 [[197 170]]

 [[196 170]]

 [[195 170]]

 [[194 170]]

 [[193 170]]

 [[192 170]]

 [[191 170]]

 [[190 170]]

 [[189 170]]

 [[188 170]]

 [[187 170]]

 [[186 170]]

 [[185 170]]

 [[184 170]]

 [[183 170]]

 [[182 170]]

 [[181 170]]

 [[180 170]]

 [[179 170]]

 [[178 170]]

 [[177 170]]

 [[176 170]]

 [[175 170]]

 [[174 169]]

 [[173 169]]

 [[172 168]]

 [[171 167]]

 [[170 167]]

 [[170 168]]

 [[170 169]]

 [[170 170]]

 [[170 171]]

 [[171 172]]

 [[171 173]]

 [[171 174]]

 [[171 175]]

 [[172 176]]

 [[172 177]]

 [[173 178]]

 [[173 179]]

 [[174 180]]

 [[175 181]]

 [[175 182]]

 [[176 182]]

 [[177 182]]

 [[178 182]]

 [[179 182]]

 [[180 182]]

 [[181 182]]

 [[182 182]]

 [[183 182]]

 [[184 182]]

 [[185 182]]

 [[186 182]]

 [[187 182]]

 [[188 182]]

 [[189 182]]

 [[190 182]]

 [[191 182]]

 [[192 182]]

 [[193 181]]

 [[194 181]]

 [[195 181]]

 [[196 181]]

 [[197 181]]

 [[198 181]]

 [[199 181]]

 [[200 181]]

 [[201 181]]

 [[202 181]]

 [[203 181]]

 [[204 181]]

 [[205 181]]

 [[206 181]]

 [[207 181]]

 [[208 181]]

 [[209 181]]

 [[210 181]]

 [[211 180]]

 [[212 180]]

 [[213 180]]

 [[214 180]]

 [[215 180]]

 [[216 180]]

 [[217 180]]

 [[218 180]]

 [[219 180]]

 [[220 180]]

 [[221 180]]

 [[222 180]]

 [[223 180]]

 [[224 180]]

 [[225 180]]

 [[226 179]]

 [[227 178]]

 [[228 177]]

 [[229 176]]

 [[229 175]]

 [[230 174]]

 [[230 173]]

 [[231 172]]

 [[231 171]]

 [[231 170]]

 [[231 169]]

 [[231 168]]

 [[232 167]]

 [[232 166]]

 [[232 165]]

 [[232 164]]

 [[231 164]]]
[[[  0   0]]

 [[235 156]]

 [[235 157]]

 [[235 158]]

 [[236 158]]

 [[237 159]]

 [[238 160]]

 [[238 161]]

 [[238 162]]

 [[238 163]]

 [[238 164]]

 [[238 165]]

 [[238 166]]

 [[238 167]]

 [[238 168]]

 [[238 169]]

 [[238 170]]

 [[238 171]]

 [[238 172]]

 [[239 173]]

 [[240 174]]

 [[241 175]]

 [[242 176]]

 [[243 177]]

 [[244 178]]

 [[245 179]]

 [[246 180]]

 [[247 180]]

 [[248 181]]

 [[249 181]]

 [[250 182]]

 [[251 182]]

 [[252 183]]

 [[253 183]]

 [[254 183]]

 [[255 183]]

 [[256 182]]

 [[257 182]]

 [[258 182]]

 [[259 182]]

 [[260 182]]

 [[261 182]]

 [[262 182]]

 [[263 182]]

 [[264 182]]

 [[265 181]]

 [[266 181]]

 [[267 181]]

 [[268 181]]

 [[269 181]]

 [[270 181]]

 [[271 181]]

 [[272 181]]

 [[273 181]]

 [[274 180]]

 [[275 180]]

 [[276 180]]

 [[277 180]]

 [[278 180]]

 [[279 180]]

 [[280 180]]

 [[281 180]]

 [[282 180]]

 [[283 180]]

 [[284 180]]

 [[285 180]]

 [[286 179]]

 [[287 179]]

 [[288 179]]

 [[289 179]]

 [[290 179]]

 [[291 178]]

 [[292 178]]

 [[293 178]]

 [[294 178]]

 [[295 179]]

 [[296 180]]

 [[296 181]]

 [[296 182]]

 [[296 183]]

 [[296 184]]

 [[296 185]]

 [[296 186]]

 [[296 187]]

 [[296 188]]

 [[296 189]]

 [[296 190]]

 [[296 191]]

 [[295 192]]

 [[295 193]]

 [[294 194]]

 [[293 194]]

 [[292 195]]

 [[291 195]]

 [[290 195]]

 [[289 195]]

 [[288 195]]

 [[287 196]]

 [[286 196]]

 [[285 196]]

 [[284 196]]

 [[283 196]]

 [[282 196]]

 [[281 197]]

 [[280 197]]

 [[279 197]]

 [[278 197]]

 [[277 196]]

 [[276 196]]

 [[275 195]]

 [[274 195]]

 [[273 195]]

 [[272 195]]

 [[271 195]]

 [[270 195]]

 [[269 195]]

 [[268 195]]

 [[267 195]]

 [[266 196]]

 [[265 197]]

 [[264 198]]

 [[263 198]]

 [[262 198]]

 [[261 198]]

 [[260 198]]

 [[259 198]]

 [[258 198]]

 [[257 198]]

 [[256 198]]

 [[255 198]]

 [[254 198]]

 [[253 198]]

 [[252 198]]

 [[251 198]]

 [[250 198]]

 [[249 197]]

 [[248 196]]

 [[247 195]]

 [[246 194]]

 [[245 193]]

 [[244 192]]

 [[243 191]]

 [[243 190]]

 [[242 189]]

 [[241 188]]

 [[240 188]]

 [[239 189]]

 [[239 190]]

 [[239 191]]

 [[239 192]]

 [[239 193]]

 [[240 194]]

 [[240 195]]

 [[240 196]]

 [[240 197]]

 [[241 198]]

 [[242 199]]

 [[243 199]]

 [[244 199]]

 [[245 199]]

 [[246 200]]

 [[246 201]]

 [[247 202]]

 [[248 202]]

 [[249 203]]

 [[250 202]]

 [[251 202]]

 [[252 203]]

 [[253 203]]

 [[254 203]]

 [[255 203]]

 [[256 203]]

 [[257 203]]

 [[258 204]]

 [[259 204]]

 [[260 205]]

 [[261 204]]

 [[262 204]]

 [[263 204]]

 [[264 204]]

 [[265 204]]

 [[266 203]]

 [[267 203]]

 [[268 203]]

 [[269 203]]

 [[270 203]]

 [[271 202]]

 [[272 202]]

 [[273 202]]

 [[274 202]]

 [[275 201]]

 [[276 201]]

 [[277 201]]

 [[278 202]]

 [[279 202]]

 [[280 202]]

 [[281 202]]

 [[282 202]]

 [[283 202]]

 [[284 202]]

 [[285 202]]

 [[286 201]]

 [[287 201]]

 [[288 201]]

 [[289 200]]

 [[290 200]]

 [[291 200]]

 [[292 200]]

 [[293 201]]

 [[294 201]]

 [[295 201]]

 [[296 200]]

 [[297 199]]

 [[297 198]]

 [[298 197]]

 [[299 196]]

 [[300 196]]

 [[300 195]]

 [[300 194]]

 [[301 193]]

 [[301 192]]

 [[301 191]]

 [[301 190]]

 [[301 189]]

 [[301 188]]

 [[301 187]]

 [[301 186]]

 [[301 185]]

 [[301 184]]

 [[301 183]]

 [[301 182]]

 [[300 181]]

 [[300 180]]

 [[299 179]]

 [[299 178]]

 [[300 177]]

 [[300 176]]

 [[300 175]]

 [[300 174]]

 [[299 173]]

 [[299 172]]

 [[299 171]]

 [[299 170]]

 [[299 169]]

 [[299 168]]

 [[299 167]]

 [[299 166]]

 [[299 165]]

 [[300 164]]

 [[300 163]]

 [[301 162]]

 [[301 161]]

 [[301 160]]

 [[301 159]]

 [[301 158]]

 [[300 158]]

 [[299 158]]

 [[298 159]]

 [[297 159]]

 [[296 160]]

 [[295 160]]

 [[294 160]]

 [[293 160]]

 [[292 160]]

 [[291 161]]

 [[290 161]]

 [[289 161]]

 [[288 161]]

 [[287 161]]

 [[286 161]]

 [[285 161]]

 [[284 162]]

 [[283 162]]

 [[282 162]]

 [[281 162]]

 [[280 162]]

 [[279 162]]

 [[278 162]]

 [[277 162]]

 [[276 162]]

 [[275 162]]

 [[274 162]]

 [[273 162]]

 [[272 162]]

 [[271 162]]

 [[270 162]]

 [[269 162]]

 [[268 163]]

 [[267 163]]

 [[266 163]]

 [[265 163]]

 [[264 163]]

 [[263 163]]

 [[262 163]]

 [[261 163]]

 [[260 163]]

 [[259 163]]

 [[258 163]]

 [[257 163]]

 [[256 163]]

 [[255 163]]

 [[254 164]]

 [[253 164]]

 [[252 164]]

 [[251 163]]

 [[250 163]]

 [[249 163]]

 [[248 163]]

 [[247 162]]

 [[246 162]]

 [[245 161]]

 [[244 160]]

 [[243 160]]

 [[242 159]]

 [[241 158]]

 [[240 157]]

 [[239 156]]

 [[238 156]]

 [[237 156]]

 [[236 155]]]
[[[  0   0]]

 [[228 121]]

 [[227 121]]

 [[226 122]]

 [[225 122]]

 [[224 122]]

 [[223 123]]

 [[222 123]]

 [[221 123]]

 [[220 123]]

 [[219 123]]

 [[218 123]]

 [[217 123]]

 [[216 123]]

 [[215 123]]

 [[214 123]]

 [[213 123]]

 [[212 124]]

 [[211 124]]

 [[210 124]]

 [[209 124]]

 [[208 124]]

 [[207 124]]

 [[206 124]]

 [[205 124]]

 [[204 124]]

 [[203 124]]

 [[202 124]]

 [[201 124]]

 [[200 124]]

 [[199 124]]

 [[198 124]]

 [[197 124]]

 [[196 125]]

 [[195 125]]

 [[194 125]]

 [[193 125]]

 [[192 125]]

 [[191 125]]

 [[190 125]]

 [[189 125]]

 [[188 125]]

 [[187 125]]

 [[186 125]]

 [[185 125]]

 [[184 125]]

 [[183 125]]

 [[182 125]]

 [[181 125]]

 [[180 125]]

 [[179 125]]

 [[178 125]]

 [[177 125]]

 [[176 125]]

 [[175 125]]

 [[174 124]]

 [[173 124]]

 [[172 123]]

 [[171 123]]

 [[170 122]]

 [[169 122]]

 [[169 123]]

 [[170 124]]

 [[170 125]]

 [[170 126]]

 [[170 127]]

 [[170 128]]

 [[170 129]]

 [[171 130]]

 [[170 131]]

 [[170 132]]

 [[171 133]]

 [[171 134]]

 [[172 135]]

 [[173 136]]

 [[174 137]]

 [[175 138]]

 [[176 138]]

 [[177 139]]

 [[178 139]]

 [[179 138]]

 [[180 138]]

 [[181 138]]

 [[182 138]]

 [[183 138]]

 [[184 138]]

 [[185 138]]

 [[186 138]]

 [[187 138]]

 [[188 138]]

 [[189 138]]

 [[190 138]]

 [[191 138]]

 [[192 138]]

 [[193 138]]

 [[194 138]]

 [[195 138]]

 [[196 138]]

 [[197 137]]

 [[198 137]]

 [[199 137]]

 [[200 137]]

 [[201 137]]

 [[202 137]]

 [[203 137]]

 [[204 137]]

 [[205 137]]

 [[206 137]]

 [[207 137]]

 [[208 136]]

 [[209 136]]

 [[210 136]]

 [[211 136]]

 [[212 136]]

 [[213 136]]

 [[214 136]]

 [[215 136]]

 [[216 136]]

 [[217 136]]

 [[218 136]]

 [[219 136]]

 [[220 136]]

 [[221 136]]

 [[222 136]]

 [[223 136]]

 [[224 136]]

 [[225 135]]

 [[226 134]]

 [[227 134]]

 [[228 133]]

 [[228 132]]

 [[229 131]]

 [[230 130]]

 [[231 129]]

 [[231 128]]

 [[231 127]]

 [[231 126]]

 [[231 125]]

 [[231 124]]

 [[231 123]]

 [[231 122]]

 [[231 121]]

 [[231 120]]

 [[230 120]]]
[[[  0   0]]

 [[159 120]]

 [[158 120]]

 [[157 121]]

 [[156 122]]

 [[155 122]]

 [[154 123]]

 [[153 123]]

 [[152 123]]

 [[151 124]]

 [[150 124]]

 [[149 125]]

 [[148 125]]

 [[147 125]]

 [[146 125]]

 [[145 125]]

 [[144 126]]

 [[143 126]]

 [[142 126]]

 [[141 126]]

 [[140 126]]

 [[139 127]]

 [[138 127]]

 [[137 127]]

 [[136 127]]

 [[135 127]]

 [[134 127]]

 [[133 127]]

 [[132 128]]

 [[131 128]]

 [[130 128]]

 [[129 128]]

 [[128 128]]

 [[127 128]]

 [[126 128]]

 [[125 128]]

 [[124 128]]

 [[123 129]]

 [[122 129]]

 [[121 129]]

 [[120 129]]

 [[119 129]]

 [[118 129]]

 [[117 129]]

 [[116 128]]

 [[115 128]]

 [[114 128]]

 [[113 128]]

 [[112 128]]

 [[111 128]]

 [[110 128]]

 [[109 128]]

 [[108 128]]

 [[107 127]]

 [[106 127]]

 [[105 127]]

 [[104 126]]

 [[103 125]]

 [[102 125]]

 [[101 124]]

 [[100 124]]

 [[ 99 123]]

 [[ 98 124]]

 [[ 98 125]]

 [[ 98 126]]

 [[ 98 127]]

 [[ 99 128]]

 [[ 99 129]]

 [[ 99 130]]

 [[ 99 131]]

 [[ 99 132]]

 [[ 99 133]]

 [[100 134]]

 [[100 135]]

 [[100 136]]

 [[100 137]]

 [[100 138]]

 [[100 139]]

 [[100 140]]

 [[100 141]]

 [[100 142]]

 [[100 143]]

 [[101 143]]

 [[102 144]]

 [[103 145]]

 [[104 145]]

 [[105 146]]

 [[106 146]]

 [[107 147]]

 [[108 147]]

 [[109 148]]

 [[110 148]]

 [[111 148]]

 [[112 148]]

 [[113 148]]

 [[114 149]]

 [[115 149]]

 [[116 149]]

 [[117 149]]

 [[118 149]]

 [[119 149]]

 [[120 149]]

 [[121 149]]

 [[122 149]]

 [[123 149]]

 [[124 149]]

 [[125 149]]

 [[126 149]]

 [[127 149]]

 [[128 149]]

 [[129 149]]

 [[130 148]]

 [[131 148]]

 [[132 148]]

 [[133 148]]

 [[134 148]]

 [[135 148]]

 [[136 148]]

 [[137 147]]

 [[138 147]]

 [[139 147]]

 [[140 147]]

 [[141 147]]

 [[142 147]]

 [[143 146]]

 [[144 146]]

 [[145 145]]

 [[146 145]]

 [[147 145]]

 [[148 144]]

 [[149 144]]

 [[150 144]]

 [[151 143]]

 [[152 143]]

 [[153 143]]

 [[154 142]]

 [[155 141]]

 [[156 141]]

 [[157 140]]

 [[158 140]]

 [[159 139]]

 [[159 138]]

 [[160 137]]

 [[160 136]]

 [[160 135]]

 [[160 134]]

 [[160 133]]

 [[160 132]]

 [[160 131]]

 [[159 130]]

 [[159 129]]

 [[159 128]]

 [[159 127]]

 [[160 126]]

 [[160 125]]

 [[160 124]]

 [[160 123]]

 [[161 122]]

 [[161 121]]

 [[161 120]]

 [[161 119]]]
[[[  0   0]]

 [[241 115]]

 [[241 116]]

 [[241 117]]

 [[241 118]]

 [[241 119]]

 [[241 120]]

 [[241 121]]

 [[242 122]]

 [[242 123]]

 [[242 124]]

 [[242 125]]

 [[242 126]]

 [[243 127]]

 [[243 128]]

 [[243 129]]

 [[243 130]]

 [[243 131]]

 [[243 132]]

 [[244 133]]

 [[245 134]]

 [[246 135]]

 [[247 135]]

 [[248 136]]

 [[249 137]]

 [[250 137]]

 [[251 138]]

 [[252 138]]

 [[253 139]]

 [[254 139]]

 [[255 139]]

 [[256 139]]

 [[257 139]]

 [[258 139]]

 [[259 138]]

 [[260 138]]

 [[261 138]]

 [[262 138]]

 [[263 138]]

 [[264 138]]

 [[265 138]]

 [[266 138]]

 [[267 138]]

 [[268 138]]

 [[269 138]]

 [[270 138]]

 [[271 138]]

 [[272 138]]

 [[273 138]]

 [[274 138]]

 [[275 137]]

 [[276 137]]

 [[277 137]]

 [[278 137]]

 [[279 137]]

 [[280 137]]

 [[281 137]]

 [[282 137]]

 [[283 137]]

 [[284 137]]

 [[285 137]]

 [[286 137]]

 [[287 137]]

 [[288 137]]

 [[289 137]]

 [[290 137]]

 [[291 137]]

 [[292 137]]

 [[293 137]]

 [[294 137]]

 [[295 137]]

 [[296 136]]

 [[297 136]]

 [[298 136]]

 [[299 136]]

 [[300 135]]

 [[301 134]]

 [[301 133]]

 [[302 132]]

 [[302 131]]

 [[302 130]]

 [[302 129]]

 [[302 128]]

 [[302 127]]

 [[302 126]]

 [[302 125]]

 [[302 124]]

 [[302 123]]

 [[303 122]]

 [[303 121]]

 [[304 120]]

 [[304 119]]

 [[305 118]]

 [[305 117]]

 [[305 116]]

 [[305 115]]

 [[305 114]]

 [[304 114]]

 [[303 115]]

 [[302 115]]

 [[301 115]]

 [[300 115]]

 [[299 116]]

 [[298 116]]

 [[297 116]]

 [[296 117]]

 [[295 117]]

 [[294 117]]

 [[293 117]]

 [[292 117]]

 [[291 117]]

 [[290 118]]

 [[289 118]]

 [[288 118]]

 [[287 118]]

 [[286 118]]

 [[285 118]]

 [[284 118]]

 [[283 118]]

 [[282 118]]

 [[281 118]]

 [[280 118]]

 [[279 118]]

 [[278 118]]

 [[277 118]]

 [[276 118]]

 [[275 118]]

 [[274 118]]

 [[273 118]]

 [[272 118]]

 [[271 118]]

 [[270 118]]

 [[269 118]]

 [[268 118]]

 [[267 118]]

 [[266 118]]

 [[265 119]]

 [[264 119]]

 [[263 119]]

 [[262 119]]

 [[261 119]]

 [[260 119]]

 [[259 119]]

 [[258 119]]

 [[257 119]]

 [[256 118]]

 [[255 118]]

 [[254 118]]

 [[253 118]]

 [[252 118]]

 [[251 117]]

 [[250 117]]

 [[249 116]]

 [[248 116]]

 [[247 115]]

 [[246 115]]

 [[245 115]]

 [[244 114]]

 [[243 114]]

 [[242 114]]]
[[[  0   0]]

 [[226  73]]

 [[226  74]]

 [[227  75]]

 [[227  76]]

 [[227  77]]

 [[227  78]]

 [[227  79]]

 [[226  80]]

 [[225  81]]

 [[224  82]]

 [[223  83]]

 [[222  83]]

 [[221  83]]

 [[220  83]]

 [[219  83]]

 [[218  83]]

 [[217  83]]

 [[216  83]]

 [[215  83]]

 [[214  83]]

 [[213  83]]

 [[212  83]]

 [[211  84]]

 [[210  84]]

 [[209  84]]

 [[208  83]]

 [[207  82]]

 [[206  82]]

 [[205  82]]

 [[204  82]]

 [[203  82]]

 [[202  82]]

 [[201  82]]

 [[200  82]]

 [[199  82]]

 [[198  82]]

 [[197  82]]

 [[196  82]]

 [[195  83]]

 [[194  84]]

 [[194  85]]

 [[194  86]]

 [[194  87]]

 [[194  88]]

 [[194  89]]

 [[194  90]]

 [[194  91]]

 [[193  92]]

 [[193  93]]

 [[193  94]]

 [[194  95]]

 [[195  95]]

 [[196  95]]

 [[197  95]]

 [[198  95]]

 [[199  95]]

 [[200  95]]

 [[201  95]]

 [[202  95]]

 [[203  95]]

 [[204  94]]

 [[205  94]]

 [[206  94]]

 [[207  94]]

 [[208  94]]

 [[208  93]]

 [[208  92]]

 [[208  91]]

 [[209  90]]

 [[210  89]]

 [[211  89]]

 [[212  89]]

 [[213  89]]

 [[214  88]]

 [[215  88]]

 [[216  89]]

 [[217  89]]

 [[218  89]]

 [[219  89]]

 [[220  88]]

 [[221  88]]

 [[222  88]]

 [[223  88]]

 [[224  88]]

 [[225  88]]

 [[226  87]]

 [[227  86]]

 [[228  86]]

 [[229  85]]

 [[230  85]]

 [[231  84]]

 [[232  83]]

 [[232  82]]

 [[233  81]]

 [[232  80]]

 [[232  79]]

 [[233  78]]

 [[234  78]]

 [[235  78]]

 [[236  78]]

 [[237  78]]

 [[238  78]]

 [[239  78]]

 [[240  78]]

 [[241  78]]

 [[242  78]]

 [[243  78]]

 [[244  79]]

 [[244  80]]

 [[244  81]]

 [[245  82]]

 [[246  83]]

 [[247  84]]

 [[248  84]]

 [[249  85]]

 [[250  86]]

 [[251  86]]

 [[252  86]]

 [[253  87]]

 [[254  87]]

 [[255  88]]

 [[256  88]]

 [[257  88]]

 [[258  88]]

 [[259  88]]

 [[260  87]]

 [[261  87]]

 [[262  87]]

 [[263  87]]

 [[264  87]]

 [[265  87]]

 [[266  86]]

 [[267  86]]

 [[268  86]]

 [[269  86]]

 [[270  86]]

 [[271  86]]

 [[272  87]]

 [[273  88]]

 [[273  89]]

 [[273  90]]

 [[274  91]]

 [[275  92]]

 [[276  92]]

 [[277  92]]

 [[278  92]]

 [[279  91]]

 [[280  91]]

 [[281  91]]

 [[282  91]]

 [[283  91]]

 [[284  92]]

 [[285  92]]

 [[286  92]]

 [[287  92]]

 [[288  92]]

 [[288  91]]

 [[289  90]]

 [[288  89]]

 [[287  88]]

 [[286  88]]

 [[285  88]]

 [[284  87]]

 [[283  86]]

 [[282  85]]

 [[281  84]]

 [[280  83]]

 [[280  82]]

 [[280  81]]

 [[279  80]]

 [[278  80]]

 [[277  80]]

 [[276  80]]

 [[275  80]]

 [[274  80]]

 [[273  80]]

 [[272  80]]

 [[271  80]]

 [[270  80]]

 [[269  80]]

 [[268  80]]

 [[267  81]]

 [[266  81]]

 [[265  81]]

 [[264  81]]

 [[263  81]]

 [[262  81]]

 [[261  81]]

 [[260  82]]

 [[259  82]]

 [[258  83]]

 [[257  83]]

 [[256  83]]

 [[255  83]]

 [[254  82]]

 [[253  82]]

 [[252  81]]

 [[251  80]]

 [[251  79]]

 [[251  78]]

 [[252  77]]

 [[252  76]]

 [[251  76]]

 [[250  76]]

 [[249  75]]

 [[248  75]]

 [[247  75]]

 [[246  75]]

 [[245  75]]

 [[244  74]]

 [[243  74]]

 [[242  73]]

 [[241  73]]

 [[240  73]]

 [[239  73]]

 [[238  73]]

 [[237  73]]

 [[236  73]]

 [[235  73]]

 [[234  73]]

 [[233  73]]

 [[232  73]]

 [[231  73]]

 [[230  72]]

 [[229  72]]

 [[228  72]]]
[[[  0   0]]

 [[568  35]]

 [[569  36]]

 [[569  37]]

 [[570  37]]

 [[571  38]]

 [[571  39]]

 [[570  40]]

 [[569  39]]

 [[568  39]]

 [[567  40]]

 [[566  40]]

 [[567  41]]

 [[568  42]]

 [[569  41]]

 [[570  41]]

 [[571  41]]

 [[572  40]]

 [[573  40]]

 [[574  41]]

 [[575  41]]

 [[576  42]]

 [[577  42]]

 [[578  43]]

 [[579  43]]

 [[580  43]]

 [[581  43]]

 [[582  43]]

 [[583  44]]

 [[584  44]]

 [[585  44]]

 [[586  44]]

 [[587  44]]

 [[588  44]]

 [[589  44]]

 [[590  44]]

 [[591  43]]

 [[592  43]]

 [[593  43]]

 [[594  43]]

 [[595  43]]

 [[596  43]]

 [[597  43]]

 [[598  44]]

 [[599  44]]

 [[600  44]]

 [[601  44]]

 [[602  45]]

 [[603  45]]

 [[604  45]]

 [[605  45]]

 [[606  45]]

 [[607  46]]

 [[608  46]]

 [[609  46]]

 [[609  45]]

 [[609  44]]

 [[609  43]]

 [[609  42]]

 [[610  41]]

 [[611  40]]

 [[612  40]]

 [[613  39]]

 [[613  38]]

 [[614  37]]

 [[615  37]]

 [[616  38]]

 [[617  39]]

 [[618  39]]

 [[619  39]]

 [[620  39]]

 [[621  39]]

 [[622  40]]

 [[623  41]]

 [[623  42]]

 [[624  43]]

 [[624  44]]

 [[623  45]]

 [[623  46]]

 [[623  47]]

 [[623  48]]

 [[623  49]]

 [[624  50]]

 [[625  50]]

 [[626  51]]

 [[626  52]]

 [[626  53]]

 [[627  54]]

 [[628  54]]

 [[629  54]]

 [[630  53]]

 [[631  52]]

 [[632  52]]

 [[633  51]]

 [[633  50]]

 [[634  49]]

 [[635  48]]

 [[636  48]]

 [[637  48]]

 [[638  47]]

 [[638  46]]

 [[638  45]]

 [[637  45]]

 [[636  44]]

 [[635  44]]

 [[634  44]]

 [[633  44]]

 [[632  44]]

 [[631  43]]

 [[630  43]]

 [[629  42]]

 [[628  42]]

 [[627  41]]

 [[626  40]]

 [[625  39]]

 [[624  38]]

 [[623  38]]

 [[622  37]]

 [[621  37]]

 [[620  36]]

 [[619  35]]

 [[618  35]]

 [[617  35]]

 [[616  35]]

 [[615  35]]

 [[614  35]]

 [[613  35]]

 [[612  35]]

 [[611  35]]

 [[610  36]]

 [[609  36]]

 [[608  37]]

 [[607  38]]

 [[606  39]]

 [[605  39]]

 [[604  39]]

 [[603  39]]

 [[603  40]]

 [[603  41]]

 [[602  42]]

 [[601  43]]

 [[600  42]]

 [[599  42]]

 [[598  42]]

 [[597  42]]

 [[596  42]]

 [[595  42]]

 [[594  42]]

 [[593  42]]

 [[592  42]]

 [[591  41]]

 [[590  40]]

 [[589  39]]

 [[588  39]]

 [[587  39]]

 [[586  39]]

 [[585  39]]

 [[584  38]]

 [[583  38]]

 [[582  38]]

 [[581  38]]

 [[580  38]]

 [[579  37]]

 [[578  37]]

 [[577  36]]

 [[576  35]]

 [[576  34]]

 [[575  34]]

 [[575  35]]

 [[574  36]]

 [[573  37]]

 [[572  38]]

 [[571  37]]

 [[571  36]]

 [[570  35]]

 [[569  35]]

 [[568  34]]]
[[[  0   0]]

 [[497  14]]

 [[496  15]]

 [[495  16]]

 [[494  17]]

 [[493  17]]

 [[492  17]]

 [[492  18]]

 [[492  19]]

 [[492  20]]

 [[493  21]]

 [[494  21]]

 [[495  21]]

 [[496  21]]

 [[497  21]]

 [[498  21]]

 [[499  22]]

 [[500  22]]

 [[501  23]]

 [[502  24]]

 [[502  25]]

 [[503  26]]

 [[504  27]]

 [[505  28]]

 [[506  28]]

 [[507  29]]

 [[508  29]]

 [[509  29]]

 [[510  29]]

 [[511  29]]

 [[512  28]]

 [[513  27]]

 [[513  26]]

 [[514  25]]

 [[515  24]]

 [[516  24]]

 [[517  23]]

 [[518  23]]

 [[519  23]]

 [[520  24]]

 [[521  24]]

 [[522  24]]

 [[523  24]]

 [[524  24]]

 [[525  24]]

 [[526  25]]

 [[527  25]]

 [[528  25]]

 [[529  25]]

 [[530  25]]

 [[531  25]]

 [[531  24]]

 [[532  23]]

 [[533  22]]

 [[534  22]]

 [[535  21]]

 [[536  21]]

 [[537  21]]

 [[538  21]]

 [[539  21]]

 [[540  21]]

 [[541  21]]

 [[542  20]]

 [[542  19]]

 [[543  18]]

 [[544  18]]

 [[545  18]]

 [[546  18]]

 [[546  17]]

 [[545  17]]

 [[544  17]]

 [[543  16]]

 [[542  17]]

 [[541  17]]

 [[540  17]]

 [[539  17]]

 [[538  18]]

 [[537  18]]

 [[536  18]]

 [[535  18]]

 [[534  18]]

 [[533  19]]

 [[532  19]]

 [[531  20]]

 [[530  20]]

 [[529  21]]

 [[528  21]]

 [[527  21]]

 [[526  21]]

 [[525  21]]

 [[524  20]]

 [[523  20]]

 [[522  20]]

 [[521  20]]

 [[520  20]]

 [[519  20]]

 [[518  21]]

 [[517  21]]

 [[516  21]]

 [[515  21]]

 [[514  21]]

 [[513  22]]

 [[512  22]]

 [[511  22]]

 [[510  22]]

 [[509  22]]

 [[508  22]]

 [[507  22]]

 [[506  22]]

 [[505  21]]

 [[504  20]]

 [[503  20]]

 [[502  19]]

 [[501  18]]

 [[500  17]]

 [[499  17]]

 [[498  17]]

 [[497  16]]

 [[496  15]]

 [[497  14]]

 [[498  14]]]
[[[  0   0]]

 [[457   2]]

 [[456   3]]

 [[457   4]]

 [[456   5]]

 [[457   6]]

 [[457   7]]

 [[457   8]]

 [[457   9]]

 [[457  10]]

 [[457  11]]

 [[457  12]]

 [[456  13]]

 [[455  14]]

 [[454  14]]

 [[453  14]]

 [[452  14]]

 [[451  13]]

 [[450  12]]

 [[450  11]]

 [[449  10]]

 [[448   9]]

 [[448   8]]

 [[447   8]]

 [[446   7]]

 [[445   7]]

 [[444   6]]

 [[443   7]]

 [[442   8]]

 [[441   8]]

 [[442   8]]

 [[443   9]]

 [[442  10]]

 [[441  10]]

 [[440  10]]

 [[439   9]]

 [[438   8]]

 [[437   7]]

 [[436   8]]

 [[435   8]]

 [[435   9]]

 [[434  10]]

 [[434  11]]

 [[435  11]]

 [[436  11]]

 [[437  11]]

 [[438  11]]

 [[439  10]]

 [[440  10]]

 [[441  10]]

 [[442  11]]

 [[443  11]]

 [[443  10]]

 [[444   9]]

 [[445   9]]

 [[446   9]]

 [[447   9]]

 [[448   9]]

 [[449  10]]

 [[449  11]]

 [[448  12]]

 [[448  13]]

 [[449  14]]

 [[450  15]]

 [[451  15]]

 [[452  16]]

 [[452  17]]

 [[453  18]]

 [[454  19]]

 [[455  19]]

 [[456  19]]

 [[457  19]]

 [[458  19]]

 [[459  18]]

 [[459  17]]

 [[460  16]]

 [[461  16]]

 [[462  16]]

 [[463  16]]

 [[464  16]]

 [[465  15]]

 [[466  15]]

 [[467  15]]

 [[468  14]]

 [[469  14]]

 [[470  14]]

 [[471  14]]

 [[472  14]]

 [[473  15]]

 [[474  15]]

 [[475  15]]

 [[476  15]]

 [[477  16]]

 [[478  16]]

 [[479  16]]

 [[480  17]]

 [[481  18]]

 [[482  19]]

 [[483  19]]

 [[484  20]]

 [[485  21]]

 [[486  21]]

 [[487  20]]

 [[488  20]]

 [[487  20]]

 [[486  20]]

 [[485  20]]

 [[484  20]]

 [[483  19]]

 [[483  18]]

 [[482  17]]

 [[481  17]]

 [[480  17]]

 [[479  16]]

 [[480  15]]

 [[480  14]]

 [[480  13]]

 [[480  12]]

 [[479  11]]

 [[479  10]]

 [[479   9]]

 [[479   8]]

 [[480   7]]

 [[481   7]]

 [[482   7]]

 [[483   8]]

 [[484   8]]

 [[485   8]]

 [[486   8]]

 [[487   8]]

 [[488   8]]

 [[489   8]]

 [[490   8]]

 [[491   8]]

 [[492   8]]

 [[493   8]]

 [[494   8]]

 [[495   8]]

 [[496   8]]

 [[497   9]]

 [[498  10]]

 [[499  11]]

 [[499  10]]

 [[498   9]]

 [[498   8]]

 [[497   7]]

 [[496   6]]

 [[495   6]]

 [[494   5]]

 [[493   5]]

 [[492   5]]

 [[491   5]]

 [[490   5]]

 [[489   5]]

 [[488   5]]

 [[487   5]]

 [[486   5]]

 [[485   5]]

 [[484   5]]

 [[483   5]]

 [[482   5]]

 [[481   5]]

 [[480   5]]

 [[479   5]]

 [[478   6]]

 [[477   6]]

 [[476   7]]

 [[476   8]]

 [[475   9]]

 [[474   9]]

 [[473  10]]

 [[472  10]]

 [[471   9]]

 [[470  10]]

 [[469  10]]

 [[468  10]]

 [[467  10]]

 [[466  10]]

 [[465  10]]

 [[464  11]]

 [[463  11]]

 [[462  11]]

 [[461  11]]

 [[460  10]]

 [[460   9]]

 [[459   8]]

 [[459   7]]

 [[459   6]]

 [[459   5]]

 [[458   4]]

 [[458   3]]

 [[458   2]]

 [[459   1]]

 [[458   1]]]
