[[[  0   0]]

 [[116 212]]

 [[115 212]]

 [[114 212]]

 [[113 213]]

 [[112 213]]

 [[111 212]]

 [[110 212]]

 [[109 213]]

 [[110 214]]

 [[111 215]]

 [[112 216]]

 [[113 217]]

 [[113 218]]

 [[113 219]]

 [[113 220]]

 [[112 221]]

 [[112 222]]

 [[111 223]]

 [[111 224]]

 [[111 225]]

 [[111 226]]

 [[111 227]]

 [[111 228]]

 [[111 229]]

 [[110 230]]

 [[110 231]]

 [[110 232]]

 [[110 233]]

 [[109 234]]

 [[109 235]]

 [[108 236]]

 [[107 237]]

 [[106 238]]

 [[106 239]]

 [[105 240]]

 [[105 241]]

 [[105 242]]

 [[104 243]]

 [[103 244]]

 [[103 245]]

 [[103 246]]

 [[103 247]]

 [[102 248]]

 [[102 249]]

 [[101 250]]

 [[101 251]]

 [[100 252]]

 [[ 99 253]]

 [[ 99 254]]

 [[ 99 255]]

 [[ 99 256]]

 [[ 98 257]]

 [[ 98 258]]

 [[ 99 258]]

 [[100 258]]

 [[101 258]]

 [[102 258]]

 [[103 258]]

 [[104 258]]

 [[105 258]]

 [[105 257]]

 [[106 256]]

 [[106 255]]

 [[106 254]]

 [[107 253]]

 [[108 254]]

 [[109 254]]

 [[110 255]]

 [[111 255]]

 [[112 255]]

 [[112 254]]

 [[112 253]]

 [[113 252]]

 [[114 252]]

 [[115 252]]

 [[115 251]]

 [[116 250]]

 [[117 249]]

 [[118 248]]

 [[117 247]]

 [[117 246]]

 [[117 245]]

 [[117 244]]

 [[117 243]]

 [[116 242]]

 [[116 241]]

 [[117 240]]

 [[118 239]]

 [[118 238]]

 [[119 237]]

 [[120 236]]

 [[121 235]]

 [[121 234]]

 [[120 233]]

 [[119 232]]

 [[118 231]]

 [[118 230]]

 [[118 229]]

 [[119 228]]

 [[120 227]]

 [[121 227]]

 [[122 227]]

 [[123 226]]

 [[124 225]]

 [[124 224]]

 [[124 223]]

 [[124 222]]

 [[124 221]]

 [[124 220]]

 [[125 219]]

 [[125 218]]

 [[125 217]]

 [[125 216]]

 [[125 215]]

 [[125 214]]

 [[125 213]]

 [[124 212]]

 [[123 211]]

 [[122 211]]

 [[121 211]]

 [[120 211]]

 [[119 211]]

 [[118 211]]]
[[[  0   0]]

 [[308  90]]

 [[308  91]]

 ..., 
 [[312  90]]

 [[311  90]]

 [[310  89]]]
[[[  0   0]]

 [[ 77  65]]

 [[ 76  65]]

 [[ 75  65]]

 [[ 74  65]]

 [[ 73  66]]

 [[ 72  66]]

 [[ 71  66]]

 [[ 70  66]]

 [[ 69  66]]

 [[ 68  66]]

 [[ 67  66]]

 [[ 66  67]]

 [[ 65  67]]

 [[ 64  68]]

 [[ 63  68]]

 [[ 62  68]]

 [[ 61  68]]

 [[ 60  69]]

 [[ 59  69]]

 [[ 58  70]]

 [[ 57  69]]

 [[ 56  69]]

 [[ 55  69]]

 [[ 54  69]]

 [[ 53  69]]

 [[ 52  69]]

 [[ 51  70]]

 [[ 50  71]]

 [[ 49  70]]

 [[ 48  70]]

 [[ 47  70]]

 [[ 46  70]]

 [[ 45  70]]

 [[ 44  70]]

 [[ 43  69]]

 [[ 42  69]]

 [[ 41  70]]

 [[ 40  70]]

 [[ 39  70]]

 [[ 38  70]]

 [[ 37  71]]

 [[ 36  71]]

 [[ 35  71]]

 [[ 36  71]]

 [[ 37  72]]

 [[ 38  72]]

 [[ 39  72]]

 [[ 40  72]]

 [[ 41  72]]

 [[ 42  71]]

 [[ 43  71]]

 [[ 44  71]]

 [[ 45  71]]

 [[ 46  71]]

 [[ 47  72]]

 [[ 48  72]]

 [[ 49  71]]

 [[ 50  71]]

 [[ 51  71]]

 [[ 52  71]]

 [[ 53  71]]

 [[ 54  71]]

 [[ 55  71]]

 [[ 56  71]]

 [[ 57  70]]

 [[ 58  70]]

 [[ 59  70]]

 [[ 60  70]]

 [[ 61  70]]

 [[ 62  70]]

 [[ 63  70]]

 [[ 64  70]]

 [[ 65  71]]

 [[ 66  70]]

 [[ 67  70]]

 [[ 68  70]]

 [[ 69  70]]

 [[ 70  70]]

 [[ 71  70]]

 [[ 72  70]]

 [[ 73  69]]

 [[ 74  69]]

 [[ 75  69]]

 [[ 76  68]]

 [[ 77  68]]

 [[ 78  68]]

 [[ 79  67]]

 [[ 80  67]]

 [[ 81  68]]

 [[ 82  68]]

 [[ 83  68]]

 [[ 84  68]]

 [[ 85  68]]

 [[ 86  67]]

 [[ 87  66]]

 [[ 88  67]]

 [[ 89  67]]

 [[ 90  68]]

 [[ 91  68]]

 [[ 92  68]]

 [[ 93  68]]

 [[ 94  68]]

 [[ 95  68]]

 [[ 96  68]]

 [[ 97  67]]

 [[ 98  67]]

 [[ 99  67]]

 [[100  67]]

 [[101  67]]

 [[102  68]]

 [[103  68]]

 [[104  68]]

 [[105  68]]

 [[106  68]]

 [[107  68]]

 [[108  67]]

 [[109  68]]

 [[110  67]]

 [[111  67]]

 [[112  67]]

 [[113  67]]

 [[114  67]]

 [[115  66]]

 [[116  66]]

 [[117  67]]

 [[118  67]]

 [[119  66]]

 [[120  67]]

 [[121  67]]

 [[122  67]]

 [[123  67]]

 [[124  67]]

 [[125  67]]

 [[126  67]]

 [[127  67]]

 [[128  67]]

 [[129  67]]

 [[130  67]]

 [[131  67]]

 [[132  67]]

 [[133  67]]

 [[134  67]]

 [[135  67]]

 [[136  67]]

 [[137  67]]

 [[138  67]]

 [[139  67]]

 [[140  68]]

 [[141  68]]

 [[142  68]]

 [[143  67]]

 [[144  67]]

 [[145  67]]

 [[146  67]]

 [[147  67]]

 [[148  67]]

 [[149  68]]

 [[150  68]]

 [[151  68]]

 [[152  68]]

 [[153  68]]

 [[154  68]]

 [[155  68]]

 [[156  67]]

 [[157  67]]

 [[158  67]]

 [[159  67]]

 [[160  67]]

 [[161  68]]

 [[162  68]]

 [[163  68]]

 [[164  68]]

 [[165  69]]

 [[166  69]]

 [[167  69]]

 [[168  69]]

 [[169  69]]

 [[170  69]]

 [[171  69]]

 [[172  69]]

 [[173  69]]

 [[174  69]]

 [[175  69]]

 [[176  69]]

 [[177  69]]

 [[178  70]]

 [[179  70]]

 [[180  70]]

 [[181  71]]

 [[182  71]]

 [[183  71]]

 [[184  71]]

 [[185  71]]

 [[186  71]]

 [[187  71]]

 [[188  71]]

 [[189  71]]

 [[190  71]]

 [[191  72]]

 [[192  72]]

 [[193  72]]

 [[194  72]]

 [[195  72]]

 [[196  72]]

 [[197  72]]

 [[198  72]]

 [[199  72]]

 [[200  72]]

 [[201  72]]

 [[202  72]]

 [[203  72]]

 [[204  72]]

 [[205  72]]

 [[206  72]]

 [[207  73]]

 [[208  73]]

 [[209  73]]

 [[210  73]]

 [[211  74]]

 [[211  75]]

 [[212  76]]

 [[213  76]]

 [[214  76]]

 [[215  76]]

 [[216  75]]

 [[216  74]]

 [[217  73]]

 [[218  72]]

 [[219  71]]

 [[220  70]]

 [[220  69]]

 [[219  69]]

 [[218  69]]

 [[217  69]]

 [[216  69]]

 [[215  69]]

 [[214  69]]

 [[213  69]]

 [[212  68]]

 [[211  68]]

 [[210  68]]

 [[209  68]]

 [[208  68]]

 [[207  68]]

 [[206  68]]

 [[205  68]]

 [[204  68]]

 [[203  68]]

 [[202  69]]

 [[201  69]]

 [[200  69]]

 [[199  68]]

 [[198  68]]

 [[197  68]]

 [[196  69]]

 [[195  69]]

 [[194  69]]

 [[193  69]]

 [[192  69]]

 [[191  69]]

 [[190  68]]

 [[189  68]]

 [[188  68]]

 [[187  68]]

 [[186  68]]

 [[185  67]]

 [[184  66]]

 [[183  65]]

 [[182  65]]

 [[181  65]]

 [[180  65]]

 [[179  65]]

 [[178  66]]

 [[177  66]]

 [[176  66]]

 [[175  65]]

 [[174  65]]

 [[173  65]]

 [[172  65]]

 [[171  65]]

 [[170  65]]

 [[169  65]]

 [[168  65]]

 [[167  65]]

 [[166  65]]

 [[165  65]]

 [[164  65]]

 [[163  65]]

 [[162  65]]

 [[161  65]]

 [[160  65]]

 [[159  65]]

 [[158  65]]

 [[157  65]]

 [[156  65]]

 [[155  65]]

 [[154  64]]

 [[153  65]]

 [[152  65]]

 [[151  65]]

 [[150  65]]

 [[149  65]]

 [[148  65]]

 [[147  65]]

 [[146  65]]

 [[145  65]]

 [[144  65]]

 [[143  65]]

 [[142  65]]

 [[141  64]]

 [[140  64]]

 [[139  64]]

 [[138  65]]

 [[137  65]]

 [[136  65]]

 [[135  65]]

 [[134  65]]

 [[133  65]]

 [[132  66]]

 [[131  66]]

 [[130  66]]

 [[129  65]]

 [[128  65]]

 [[127  65]]

 [[126  65]]

 [[125  65]]

 [[124  65]]

 [[123  64]]

 [[122  64]]

 [[121  64]]

 [[120  64]]

 [[119  64]]

 [[118  64]]

 [[117  64]]

 [[116  64]]

 [[115  65]]

 [[114  65]]

 [[113  65]]

 [[112  64]]

 [[111  64]]

 [[110  64]]

 [[109  64]]

 [[108  65]]

 [[107  65]]

 [[106  65]]

 [[105  65]]

 [[104  65]]

 [[103  65]]

 [[102  65]]

 [[101  65]]

 [[100  64]]

 [[ 99  64]]

 [[ 98  64]]

 [[ 97  64]]

 [[ 96  64]]

 [[ 95  64]]

 [[ 94  64]]

 [[ 93  64]]

 [[ 92  64]]

 [[ 91  64]]

 [[ 90  65]]

 [[ 89  65]]

 [[ 88  66]]

 [[ 87  66]]

 [[ 86  66]]

 [[ 85  65]]

 [[ 84  65]]

 [[ 83  65]]

 [[ 82  65]]

 [[ 81  65]]

 [[ 80  65]]

 [[ 79  65]]]
