[[[  0   0]]

 [[614   5]]

 [[613   6]]

 [[612   6]]

 [[611   6]]

 [[610   6]]

 [[609   6]]

 [[608   6]]

 [[608   7]]

 [[607   8]]

 [[606   8]]

 [[605   9]]

 [[606   9]]

 [[607  10]]

 [[608  10]]

 [[609  10]]

 [[610  10]]

 [[611  11]]

 [[612  10]]

 [[613  11]]

 [[614  11]]

 [[615  12]]

 [[615  13]]

 [[616  14]]

 [[617  15]]

 [[618  16]]

 [[618  17]]

 [[619  18]]

 [[620  18]]

 [[621  18]]

 [[622  18]]

 [[623  18]]

 [[624  18]]

 [[625  19]]

 [[626  19]]

 [[627  19]]

 [[628  19]]

 [[629  19]]

 [[630  20]]

 [[631  21]]

 [[631  22]]

 [[631  23]]

 [[631  24]]

 [[631  25]]

 [[632  26]]

 [[632  27]]

 [[633  28]]

 [[633  29]]

 [[633  30]]

 [[633  31]]

 [[633  32]]

 [[633  33]]

 [[633  34]]

 [[632  35]]

 [[631  35]]

 [[630  35]]

 [[630  36]]

 [[630  37]]

 [[629  38]]

 [[629  39]]

 [[629  40]]

 [[628  41]]

 [[627  42]]

 [[627  43]]

 [[626  44]]

 [[625  45]]

 [[624  45]]

 [[624  46]]

 [[623  47]]

 [[622  47]]

 [[621  47]]

 [[620  48]]

 [[619  48]]

 [[618  49]]

 [[617  50]]

 [[617  51]]

 [[617  52]]

 [[616  53]]

 [[615  53]]

 [[615  54]]

 [[614  55]]

 [[614  56]]

 [[613  57]]

 [[612  58]]

 [[611  59]]

 [[610  59]]

 [[609  60]]

 [[609  61]]

 [[609  62]]

 [[609  63]]

 [[609  64]]

 [[609  65]]

 [[609  66]]

 [[610  67]]

 [[610  68]]

 [[610  69]]

 [[610  70]]

 [[611  71]]

 [[611  72]]

 [[612  73]]

 [[612  74]]

 [[612  75]]

 [[611  76]]

 [[611  77]]

 [[611  78]]

 [[611  79]]

 [[612  80]]

 [[612  81]]

 [[612  82]]

 [[612  83]]

 [[611  84]]

 [[610  85]]

 [[609  86]]

 [[608  87]]

 [[608  88]]

 [[608  89]]

 [[609  90]]

 [[608  91]]

 [[608  92]]

 [[608  93]]

 [[609  94]]

 [[609  95]]

 [[609  96]]

 [[609  97]]

 [[610  97]]

 [[611  98]]

 [[612  99]]

 [[612 100]]

 [[611 101]]

 [[610 101]]

 [[609 101]]

 [[608 101]]

 [[607 101]]

 [[606 102]]

 [[606 103]]

 [[607 104]]

 [[607 105]]

 [[608 105]]

 [[609 105]]

 [[610 104]]

 [[611 104]]

 [[612 104]]

 [[613 103]]

 [[614 103]]

 [[615 103]]

 [[616 103]]

 [[617 103]]

 [[618 102]]

 [[619 101]]

 [[618 100]]

 [[618  99]]

 [[618  98]]

 [[619  97]]

 [[619  96]]

 [[619  95]]

 [[619  94]]

 [[620  93]]

 [[621  92]]

 [[622  92]]

 [[623  92]]

 [[624  93]]

 [[625  94]]

 [[625  95]]

 [[626  95]]

 [[627  94]]

 [[627  93]]

 [[627  92]]

 [[627  91]]

 [[626  90]]

 [[626  89]]

 [[626  88]]

 [[625  87]]

 [[625  86]]

 [[626  85]]

 [[626  84]]

 [[626  83]]

 [[626  82]]

 [[626  81]]

 [[627  80]]

 [[628  80]]

 [[629  79]]

 [[630  79]]

 [[630  78]]

 [[631  77]]

 [[632  76]]

 [[633  75]]

 [[633  74]]

 [[634  73]]

 [[633  73]]

 [[632  74]]

 [[631  75]]

 [[630  76]]

 [[629  76]]

 [[628  77]]

 [[627  78]]

 [[626  79]]

 [[625  79]]

 [[624  80]]

 [[624  81]]

 [[624  82]]

 [[623  83]]

 [[623  84]]

 [[623  85]]

 [[623  86]]

 [[623  87]]

 [[622  88]]

 [[621  87]]

 [[620  86]]

 [[620  85]]

 [[619  85]]

 [[618  84]]

 [[617  83]]

 [[617  82]]

 [[617  81]]

 [[618  80]]

 [[618  79]]

 [[619  78]]

 [[620  77]]

 [[621  76]]

 [[622  75]]

 [[623  74]]

 [[624  73]]

 [[625  73]]

 [[626  72]]

 [[627  71]]

 [[628  70]]

 [[629  70]]

 [[630  69]]

 [[631  68]]

 [[632  67]]

 [[633  66]]

 [[634  65]]

 [[635  65]]

 [[636  64]]

 [[637  64]]

 [[638  63]]

 [[638  62]]

 [[638  61]]

 [[638  60]]

 [[638  59]]

 [[638  58]]

 [[638  57]]

 [[637  58]]

 [[636  58]]

 [[635  58]]

 [[634  58]]

 [[633  58]]

 [[632  59]]

 [[632  60]]

 [[631  61]]

 [[630  62]]

 [[629  62]]

 [[628  62]]

 [[627  62]]

 [[627  63]]

 [[627  64]]

 [[627  65]]

 [[626  66]]

 [[625  67]]

 [[624  68]]

 [[623  69]]

 [[623  70]]

 [[623  71]]

 [[623  72]]

 [[622  73]]

 [[621  74]]

 [[620  75]]

 [[619  76]]

 [[618  77]]

 [[617  77]]

 [[616  77]]

 [[615  77]]

 [[614  76]]

 [[613  75]]

 [[613  74]]

 [[613  73]]

 [[614  72]]

 [[615  71]]

 [[616  70]]

 [[615  69]]

 [[616  68]]

 [[617  67]]

 [[617  66]]

 [[617  65]]

 [[616  65]]

 [[615  66]]

 [[614  67]]

 [[613  66]]

 [[612  65]]

 [[612  64]]

 [[612  63]]

 [[613  62]]

 [[613  61]]

 [[614  60]]

 [[615  59]]

 [[616  59]]

 [[617  60]]

 [[618  60]]

 [[619  59]]

 [[619  58]]

 [[620  57]]

 [[621  56]]

 [[622  55]]

 [[623  55]]

 [[623  54]]

 [[622  53]]

 [[622  52]]

 [[623  51]]

 [[624  50]]

 [[625  49]]

 [[625  48]]

 [[625  47]]

 [[626  46]]

 [[627  45]]

 [[628  44]]

 [[629  43]]

 [[629  42]]

 [[629  41]]

 [[630  40]]

 [[631  39]]

 [[632  39]]

 [[633  39]]

 [[634  38]]

 [[635  38]]

 [[635  37]]

 [[635  36]]

 [[635  35]]

 [[635  34]]

 [[635  33]]

 [[634  32]]

 [[634  31]]

 [[634  30]]

 [[633  29]]

 [[634  28]]

 [[634  27]]

 [[634  26]]

 [[634  25]]

 [[634  24]]

 [[633  23]]

 [[632  22]]

 [[632  21]]

 [[632  20]]

 [[632  19]]

 [[632  18]]

 [[631  17]]

 [[631  16]]

 [[631  15]]

 [[630  14]]

 [[629  14]]

 [[628  14]]

 [[627  13]]

 [[626  13]]

 [[625  14]]

 [[624  15]]

 [[623  15]]

 [[622  15]]

 [[621  14]]

 [[620  14]]

 [[619  13]]

 [[618  12]]

 [[617  11]]

 [[616  11]]

 [[615  11]]

 [[614  10]]

 [[613  10]]

 [[612  10]]

 [[611  10]]

 [[610   9]]

 [[609   8]]

 [[609   7]]

 [[610   6]]

 [[611   6]]

 [[612   6]]

 [[613   6]]

 [[614   5]]]
