[[[  0   0]]

 [[145  50]]

 [[145  51]]

 [[144  52]]

 [[143  53]]

 [[142  53]]

 [[141  54]]

 [[140  54]]

 [[139  55]]

 [[138  55]]

 [[137  55]]

 [[136  55]]

 [[135  56]]

 [[134  56]]

 [[133  56]]

 [[132  56]]

 [[131  57]]

 [[130  57]]

 [[129  57]]

 [[128  57]]

 [[127  57]]

 [[126  57]]

 [[125  57]]

 [[124  57]]

 [[123  57]]

 [[122  57]]

 [[121  57]]

 [[120  58]]

 [[119  58]]

 [[118  58]]

 [[117  58]]

 [[116  58]]

 [[115  58]]

 [[114  58]]

 [[113  57]]

 [[112  57]]

 [[111  57]]

 [[110  57]]

 [[109  57]]

 [[108  57]]

 [[107  56]]

 [[106  56]]

 [[105  55]]

 [[104  55]]

 [[103  54]]

 [[103  55]]

 [[103  56]]

 [[103  57]]

 [[103  58]]

 [[103  59]]

 [[103  60]]

 [[103  61]]

 [[103  62]]

 [[104  63]]

 [[104  64]]

 [[104  65]]

 [[104  66]]

 [[104  67]]

 [[104  68]]

 [[104  69]]

 [[105  69]]

 [[106  70]]

 [[107  70]]

 [[108  70]]

 [[109  70]]

 [[110  70]]

 [[111  70]]

 [[112  70]]

 [[113  70]]

 [[114  71]]

 [[115  71]]

 [[116  71]]

 [[117  71]]

 [[118  71]]

 [[119  71]]

 [[120  71]]

 [[121  70]]

 [[122  70]]

 [[123  70]]

 [[124  70]]

 [[125  70]]

 [[126  70]]

 [[127  70]]

 [[128  70]]

 [[129  70]]

 [[130  70]]

 [[131  70]]

 [[132  69]]

 [[133  69]]

 [[134  69]]

 [[135  69]]

 [[136  68]]

 [[137  68]]

 [[138  68]]

 [[139  67]]

 [[140  67]]

 [[141  67]]

 [[142  66]]

 [[143  66]]

 [[144  66]]

 [[145  65]]

 [[146  65]]

 [[147  65]]

 [[148  65]]

 [[149  66]]

 [[149  67]]

 [[149  68]]

 [[149  69]]

 [[149  70]]

 [[149  71]]

 [[149  72]]

 [[149  73]]

 [[148  74]]

 [[149  75]]

 [[150  75]]

 [[151  76]]

 [[150  77]]

 [[149  78]]

 [[148  79]]

 [[148  80]]

 [[148  81]]

 [[147  82]]

 [[147  83]]

 [[146  84]]

 [[145  84]]

 [[144  85]]

 [[143  85]]

 [[142  85]]

 [[141  86]]

 [[141  87]]

 [[142  87]]

 [[143  87]]

 [[144  87]]

 [[145  87]]

 [[146  86]]

 [[147  86]]

 [[148  86]]

 [[149  85]]

 [[150  85]]

 [[150  84]]

 [[151  83]]

 [[151  82]]

 [[151  81]]

 [[151  80]]

 [[151  79]]

 [[152  78]]

 [[152  77]]

 [[153  76]]

 [[153  75]]

 [[153  74]]

 [[152  73]]

 [[152  72]]

 [[152  71]]

 [[152  70]]

 [[152  69]]

 [[152  68]]

 [[152  67]]

 [[152  66]]

 [[151  65]]

 [[150  64]]

 [[149  64]]

 [[148  63]]

 [[147  62]]

 [[147  61]]

 [[147  60]]

 [[147  59]]

 [[147  58]]

 [[147  57]]

 [[147  56]]

 [[147  55]]

 [[147  54]]

 [[146  53]]

 [[146  52]]

 [[146  51]]

 [[146  50]]

 [[146  49]]]
[[[  0   0]]

 [[291  49]]

 [[291  50]]

 [[290  51]]

 [[291  52]]

 [[291  53]]

 [[291  54]]

 [[291  55]]

 [[291  56]]

 [[291  57]]

 [[291  58]]

 [[291  59]]

 [[291  60]]

 [[290  61]]

 [[290  62]]

 [[290  63]]

 [[291  64]]

 [[292  65]]

 [[293  65]]

 [[294  65]]

 [[295  65]]

 [[296  66]]

 [[297  66]]

 [[298  66]]

 [[299  66]]

 [[300  66]]

 [[301  66]]

 [[302  67]]

 [[303  67]]

 [[304  67]]

 [[305  67]]

 [[306  67]]

 [[307  67]]

 [[308  67]]

 [[309  68]]

 [[310  68]]

 [[311  68]]

 [[312  68]]

 [[313  68]]

 [[314  68]]

 [[315  68]]

 [[316  68]]

 [[317  68]]

 [[318  68]]

 [[319  68]]

 [[320  68]]

 [[321  68]]

 [[322  68]]

 [[323  68]]

 [[324  68]]

 [[325  68]]

 [[326  67]]

 [[327  67]]

 [[328  67]]

 [[329  67]]

 [[330  67]]

 [[331  67]]

 [[332  67]]

 [[333  66]]

 [[334  66]]

 [[335  65]]

 [[335  64]]

 [[335  63]]

 [[335  62]]

 [[335  61]]

 [[335  60]]

 [[335  59]]

 [[335  58]]

 [[335  57]]

 [[335  56]]

 [[335  55]]

 [[335  54]]

 [[335  53]]

 [[334  53]]

 [[333  53]]

 [[332  53]]

 [[331  53]]

 [[330  54]]

 [[329  54]]

 [[328  54]]

 [[327  54]]

 [[326  54]]

 [[325  54]]

 [[324  54]]

 [[323  54]]

 [[322  55]]

 [[321  55]]

 [[320  55]]

 [[319  55]]

 [[318  55]]

 [[317  55]]

 [[316  55]]

 [[315  55]]

 [[314  55]]

 [[313  55]]

 [[312  55]]

 [[311  55]]

 [[310  55]]

 [[309  54]]

 [[308  54]]

 [[307  54]]

 [[306  54]]

 [[305  54]]

 [[304  54]]

 [[303  53]]

 [[302  53]]

 [[301  53]]

 [[300  53]]

 [[299  53]]

 [[298  53]]

 [[297  52]]

 [[296  52]]

 [[295  51]]

 [[294  51]]

 [[293  50]]

 [[292  49]]]
[[[  0   0]]

 [[142  21]]

 [[141  22]]

 [[140  23]]

 [[139  23]]

 [[138  23]]

 [[137  24]]

 [[136  24]]

 [[135  24]]

 [[134  25]]

 [[133  25]]

 [[132  25]]

 [[131  25]]

 [[130  25]]

 [[129  25]]

 [[128  25]]

 [[127  25]]

 [[126  26]]

 [[125  26]]

 [[124  26]]

 [[123  26]]

 [[122  26]]

 [[121  26]]

 [[120  26]]

 [[119  26]]

 [[118  26]]

 [[117  26]]

 [[116  26]]

 [[115  26]]

 [[114  26]]

 [[113  26]]

 [[112  26]]

 [[111  26]]

 [[110  26]]

 [[109  26]]

 [[108  26]]

 [[107  25]]

 [[106  25]]

 [[105  25]]

 [[104  24]]

 [[103  23]]

 [[102  23]]

 [[102  24]]

 [[102  25]]

 [[102  26]]

 [[102  27]]

 [[103  28]]

 [[103  29]]

 [[103  30]]

 [[103  31]]

 [[103  32]]

 [[103  33]]

 [[103  34]]

 [[103  35]]

 [[103  36]]

 [[103  37]]

 [[103  38]]

 [[103  39]]

 [[104  39]]

 [[105  39]]

 [[106  40]]

 [[107  40]]

 [[108  39]]

 [[109  39]]

 [[110  39]]

 [[111  39]]

 [[112  40]]

 [[113  40]]

 [[114  40]]

 [[115  40]]

 [[116  40]]

 [[117  40]]

 [[118  40]]

 [[119  40]]

 [[120  39]]

 [[121  39]]

 [[122  39]]

 [[123  39]]

 [[124  39]]

 [[125  39]]

 [[126  39]]

 [[127  39]]

 [[128  39]]

 [[129  39]]

 [[130  39]]

 [[131  39]]

 [[132  38]]

 [[133  38]]

 [[134  38]]

 [[135  38]]

 [[136  38]]

 [[137  37]]

 [[138  37]]

 [[139  37]]

 [[140  36]]

 [[141  36]]

 [[142  36]]

 [[143  36]]

 [[144  36]]

 [[145  35]]

 [[145  34]]

 [[145  33]]

 [[145  32]]

 [[145  31]]

 [[146  30]]

 [[146  29]]

 [[147  28]]

 [[147  27]]

 [[147  26]]

 [[146  25]]

 [[146  24]]

 [[145  23]]

 [[145  22]]

 [[144  21]]

 [[144  20]]]
[[[  0   0]]

 [[294   8]]

 [[293   9]]

 [[292  10]]

 [[292  11]]

 [[292  12]]

 [[293  13]]

 [[293  14]]

 [[293  15]]

 [[293  16]]

 [[293  17]]

 [[294  18]]

 [[294  19]]

 [[294  20]]

 [[294  21]]

 [[295  22]]

 [[295  23]]

 [[295  24]]

 [[295  25]]

 [[295  26]]

 [[295  27]]

 [[295  28]]

 [[294  29]]

 [[294  30]]

 [[294  31]]

 [[294  32]]

 [[293  33]]

 [[294  34]]

 [[295  34]]

 [[296  34]]

 [[297  35]]

 [[298  35]]

 [[299  35]]

 [[300  35]]

 [[301  36]]

 [[302  36]]

 [[303  36]]

 [[304  36]]

 [[305  37]]

 [[306  37]]

 [[307  37]]

 [[308  37]]

 [[309  37]]

 [[310  37]]

 [[311  37]]

 [[312  37]]

 [[313  37]]

 [[314  37]]

 [[315  37]]

 [[316  37]]

 [[317  37]]

 [[318  37]]

 [[319  37]]

 [[320  37]]

 [[321  37]]

 [[322  37]]

 [[323  37]]

 [[324  37]]

 [[325  37]]

 [[326  37]]

 [[327  37]]

 [[328  36]]

 [[329  36]]

 [[330  36]]

 [[331  36]]

 [[332  36]]

 [[333  36]]

 [[334  36]]

 [[335  36]]

 [[336  36]]

 [[336  35]]

 [[336  34]]

 [[336  33]]

 [[336  32]]

 [[336  31]]

 [[336  30]]

 [[336  29]]

 [[336  28]]

 [[336  27]]

 [[336  26]]

 [[336  25]]

 [[336  24]]

 [[337  23]]

 [[337  22]]

 [[337  21]]

 [[336  21]]

 [[335  22]]

 [[334  22]]

 [[333  22]]

 [[332  22]]

 [[331  23]]

 [[330  23]]

 [[329  23]]

 [[328  23]]

 [[327  23]]

 [[326  23]]

 [[325  23]]

 [[324  23]]

 [[323  23]]

 [[322  23]]

 [[321  23]]

 [[320  23]]

 [[319  23]]

 [[318  23]]

 [[317  23]]

 [[316  23]]

 [[315  23]]

 [[314  23]]

 [[313  23]]

 [[312  23]]

 [[311  23]]

 [[310  23]]

 [[309  23]]

 [[308  23]]

 [[307  23]]

 [[306  23]]

 [[305  23]]

 [[304  22]]

 [[303  22]]

 [[302  22]]

 [[301  21]]

 [[300  21]]

 [[299  21]]

 [[298  20]]

 [[297  20]]

 [[296  19]]

 [[295  18]]

 [[295  17]]

 [[295  16]]

 [[294  15]]

 [[295  14]]

 [[295  13]]

 [[295  12]]

 [[295  11]]

 [[295  10]]

 [[295   9]]

 [[295   8]]]
