[[[  0   0]]

 [[342  87]]

 [[341  88]]

 [[341  89]]

 [[341  90]]

 [[340  91]]

 [[340  92]]

 [[340  93]]

 [[340  94]]

 [[340  95]]

 [[340  96]]

 [[340  97]]

 [[341  96]]

 [[342  96]]

 [[343  97]]

 [[344  97]]

 [[345  97]]

 [[346  97]]

 [[347  97]]

 [[348  97]]

 [[349  97]]

 [[350  97]]

 [[351  96]]

 [[352  96]]

 [[353  96]]

 [[354  96]]

 [[355  96]]

 [[356  96]]

 [[357  97]]

 [[358  97]]

 [[359  97]]

 [[360  98]]

 [[361  98]]

 [[362  98]]

 [[363  98]]

 [[364  98]]

 [[365  97]]

 [[366  96]]

 [[367  95]]

 [[368  94]]

 [[369  94]]

 [[370  93]]

 [[371  94]]

 [[372  94]]

 [[373  94]]

 [[374  93]]

 [[375  92]]

 [[375  91]]

 [[375  90]]

 [[374  89]]

 [[373  89]]

 [[372  89]]

 [[371  90]]

 [[370  90]]

 [[369  90]]

 [[368  89]]

 [[367  88]]

 [[366  89]]

 [[365  88]]

 [[364  88]]

 [[363  88]]

 [[362  88]]

 [[361  88]]

 [[360  88]]

 [[359  88]]

 [[358  88]]

 [[357  88]]

 [[356  88]]

 [[355  88]]

 [[354  89]]

 [[353  89]]

 [[352  89]]

 [[351  89]]

 [[350  89]]

 [[349  90]]

 [[348  89]]

 [[347  89]]

 [[346  88]]

 [[346  87]]

 [[345  86]]

 [[344  86]]]
[[[  0   0]]

 [[542   2]]

 [[542   3]]

 [[543   4]]

 [[544   3]]

 [[545   2]]

 [[546   2]]

 [[547   3]]

 [[548   3]]

 [[549   3]]

 [[550   3]]

 [[551   4]]

 [[552   5]]

 [[552   6]]

 [[552   7]]

 [[552   8]]

 [[552   9]]

 [[552  10]]

 [[551  11]]

 [[550  12]]

 [[549  13]]

 [[548  13]]

 [[547  14]]

 [[548  15]]

 [[547  16]]

 [[547  17]]

 [[547  18]]

 [[546  19]]

 [[547  20]]

 [[546  21]]

 [[545  22]]

 [[544  22]]

 [[543  22]]

 [[542  22]]

 [[541  23]]

 [[540  23]]

 [[539  24]]

 [[538  24]]

 [[537  24]]

 [[536  25]]

 [[535  24]]

 [[535  23]]

 [[536  22]]

 [[536  21]]

 [[536  20]]

 [[536  19]]

 [[536  18]]

 [[535  17]]

 [[534  17]]

 [[533  18]]

 [[533  19]]

 [[533  20]]

 [[533  21]]

 [[532  22]]

 [[532  23]]

 [[532  24]]

 [[531  25]]

 [[530  25]]

 [[530  26]]

 [[529  27]]

 [[530  28]]

 [[530  29]]

 [[530  30]]

 [[530  31]]

 [[531  31]]

 [[532  32]]

 [[532  33]]

 [[533  33]]

 [[533  32]]

 [[534  31]]

 [[535  30]]

 [[535  29]]

 [[536  28]]

 [[536  27]]

 [[537  26]]

 [[538  26]]

 [[539  26]]

 [[540  26]]

 [[541  26]]

 [[542  26]]

 [[543  26]]

 [[544  26]]

 [[545  26]]

 [[546  27]]

 [[547  27]]

 [[548  28]]

 [[548  29]]

 [[548  30]]

 [[548  31]]

 [[549  32]]

 [[550  33]]

 [[551  33]]

 [[552  33]]

 [[552  32]]

 [[552  31]]

 [[551  30]]

 [[551  29]]

 [[551  28]]

 [[552  27]]

 [[552  26]]

 [[552  25]]

 [[551  25]]

 [[550  24]]

 [[549  23]]

 [[548  22]]

 [[548  21]]

 [[548  20]]

 [[548  19]]

 [[549  18]]

 [[550  17]]

 [[551  16]]

 [[552  16]]

 [[553  16]]

 [[554  17]]

 [[555  16]]

 [[555  15]]

 [[555  14]]

 [[555  13]]

 [[554  12]]

 [[554  11]]

 [[555  10]]

 [[555   9]]

 [[556   8]]

 [[557   7]]

 [[558   7]]

 [[559   6]]

 [[559   5]]

 [[559   4]]

 [[559   3]]

 [[559   2]]

 [[559   1]]

 [[558   1]]

 [[557   1]]

 [[556   1]]

 [[555   1]]

 [[554   1]]

 [[553   1]]

 [[552   1]]

 [[551   1]]

 [[550   1]]

 [[549   1]]

 [[548   1]]

 [[547   1]]

 [[546   2]]

 [[545   2]]

 [[544   1]]

 [[543   1]]]
[[[  0   0]]

 [[467   2]]

 [[466   3]]

 ..., 
 [[469   1]]

 [[468   1]]

 [[467   1]]]
