[[[  0   0]]

 [[303 187]]

 [[302 188]]

 [[301 189]]

 [[301 190]]

 [[300 191]]

 [[300 192]]

 [[299 193]]

 [[299 194]]

 [[299 195]]

 [[299 196]]

 [[298 197]]

 [[298 198]]

 [[298 199]]

 [[297 200]]

 [[296 200]]

 [[295 200]]

 [[294 200]]

 [[294 201]]

 [[294 202]]

 [[294 203]]

 [[294 204]]

 [[294 205]]

 [[294 206]]

 [[294 207]]

 [[294 208]]

 [[294 209]]

 [[295 209]]

 [[296 209]]

 [[297 209]]

 [[298 209]]

 [[299 209]]

 [[300 209]]

 [[301 208]]

 [[302 208]]

 [[303 207]]

 [[303 206]]

 [[303 205]]

 [[302 204]]

 [[302 203]]

 [[302 202]]

 [[302 201]]

 [[302 200]]

 [[302 199]]

 [[302 198]]

 [[302 197]]

 [[302 196]]

 [[302 195]]

 [[302 194]]

 [[303 193]]

 [[304 193]]

 [[305 193]]

 [[306 193]]

 [[307 193]]

 [[308 193]]

 [[309 193]]

 [[310 194]]

 [[310 195]]

 [[310 196]]

 [[310 197]]

 [[310 198]]

 [[310 199]]

 [[310 200]]

 [[310 201]]

 [[310 202]]

 [[310 203]]

 [[309 204]]

 [[308 205]]

 [[308 206]]

 [[307 207]]

 [[307 208]]

 [[306 209]]

 [[306 210]]

 [[305 211]]

 [[305 212]]

 [[306 213]]

 [[306 214]]

 [[307 214]]

 [[308 213]]

 [[309 213]]

 [[308 212]]

 [[309 211]]

 [[308 210]]

 [[309 209]]

 [[310 208]]

 [[311 207]]

 [[311 206]]

 [[312 205]]

 [[313 204]]

 [[314 203]]

 [[315 202]]

 [[316 201]]

 [[317 200]]

 [[317 199]]

 [[316 198]]

 [[315 197]]

 [[314 196]]

 [[313 195]]

 [[313 194]]

 [[312 193]]

 [[311 192]]

 [[310 193]]

 [[309 193]]

 [[308 192]]

 [[308 191]]

 [[307 190]]

 [[307 189]]

 [[307 188]]

 [[306 187]]

 [[305 187]]]
[[[  0   0]]

 [[263 172]]

 [[262 173]]

 ..., 
 [[267 171]]

 [[266 171]]

 [[265 171]]]
[[[  0   0]]

 [[153 223]]

 [[154 223]]

 [[155 223]]

 [[156 223]]

 [[157 224]]

 [[157 225]]

 [[157 226]]

 [[158 226]]

 [[159 227]]

 [[160 228]]

 [[161 229]]

 [[162 230]]

 [[162 231]]

 [[161 232]]

 [[161 233]]

 [[161 234]]

 [[161 235]]

 [[161 236]]

 [[160 237]]

 [[159 238]]

 [[158 239]]

 [[157 240]]

 [[156 239]]

 [[155 240]]

 [[154 240]]

 [[153 240]]

 [[152 241]]

 [[151 241]]

 [[150 240]]

 [[149 239]]

 [[148 239]]

 [[147 239]]

 [[146 240]]

 [[145 240]]

 [[144 239]]

 [[144 238]]

 [[144 237]]

 [[144 236]]

 [[144 235]]

 [[145 234]]

 [[145 233]]

 [[146 232]]

 [[147 231]]

 [[148 230]]

 [[148 229]]

 [[149 228]]

 [[149 227]]

 [[149 226]]

 [[148 225]]

 [[149 224]]

 [[150 224]]

 [[151 224]]]
[[[  0   0]]

 [[ 73 161]]

 [[ 73 162]]

 ..., 
 [[ 77 160]]

 [[ 76 160]]

 [[ 75 160]]]
[[[  0   0]]

 [[369 136]]

 [[368 137]]

 [[367 138]]

 [[368 139]]

 [[368 140]]

 [[368 141]]

 [[369 142]]

 [[370 143]]

 [[369 144]]

 [[368 144]]

 [[367 145]]

 [[366 146]]

 [[365 146]]

 [[366 147]]

 [[367 148]]

 [[367 149]]

 [[367 150]]

 [[366 151]]

 [[365 152]]

 [[364 151]]

 [[363 150]]

 [[363 149]]

 [[363 148]]

 [[363 147]]

 [[362 146]]

 [[361 147]]

 [[360 148]]

 [[360 149]]

 [[361 150]]

 [[362 151]]

 [[362 152]]

 [[362 153]]

 [[363 153]]

 [[364 153]]

 [[365 154]]

 [[365 155]]

 [[365 156]]

 [[365 157]]

 [[366 158]]

 [[366 159]]

 [[366 160]]

 [[365 161]]

 [[365 162]]

 [[365 163]]

 [[365 164]]

 [[365 165]]

 [[365 166]]

 [[366 166]]

 [[367 165]]

 [[368 165]]

 [[369 166]]

 [[370 167]]

 [[370 168]]

 [[371 169]]

 [[371 170]]

 [[371 171]]

 [[371 172]]

 [[371 173]]

 [[371 174]]

 [[372 174]]

 [[373 175]]

 [[374 176]]

 [[374 177]]

 [[374 178]]

 [[375 179]]

 [[376 180]]

 [[376 181]]

 [[377 182]]

 [[377 183]]

 [[378 184]]

 [[378 185]]

 [[379 185]]

 [[380 185]]

 [[381 186]]

 [[382 187]]

 [[383 188]]

 [[384 188]]

 [[385 189]]

 [[386 189]]

 [[387 190]]

 [[388 190]]

 [[389 190]]

 [[390 190]]

 [[391 191]]

 [[392 191]]

 [[393 192]]

 [[394 192]]

 [[395 192]]

 [[396 192]]

 [[397 192]]

 [[398 193]]

 [[399 193]]

 [[400 194]]

 [[401 194]]

 [[402 194]]

 [[403 194]]

 [[404 194]]

 [[405 194]]

 [[406 195]]

 [[407 195]]

 [[408 195]]

 [[409 195]]

 [[410 195]]

 [[411 195]]

 [[412 195]]

 [[413 195]]

 [[414 195]]

 [[415 195]]

 [[416 195]]

 [[417 195]]

 [[418 194]]

 [[419 194]]

 [[420 194]]

 [[421 193]]

 [[422 193]]

 [[423 193]]

 [[424 193]]

 [[425 192]]

 [[426 192]]

 [[427 191]]

 [[428 191]]

 [[429 191]]

 [[430 190]]

 [[431 189]]

 [[432 188]]

 [[432 187]]

 [[432 186]]

 [[432 185]]

 [[432 184]]

 [[432 183]]

 [[432 182]]

 [[433 181]]

 [[433 180]]

 [[433 179]]

 [[433 178]]

 [[434 177]]

 [[434 176]]

 [[434 175]]

 [[434 174]]

 [[435 173]]

 [[435 172]]

 [[435 171]]

 [[435 170]]

 [[435 169]]

 [[435 168]]

 [[434 168]]

 [[433 169]]

 [[432 170]]

 [[431 171]]

 [[430 172]]

 [[429 173]]

 [[428 173]]

 [[427 173]]

 [[426 173]]

 [[425 174]]

 [[424 174]]

 [[423 175]]

 [[422 175]]

 [[421 175]]

 [[420 175]]

 [[419 175]]

 [[418 175]]

 [[417 175]]

 [[416 175]]

 [[415 175]]

 [[414 175]]

 [[413 175]]

 [[412 175]]

 [[411 175]]

 [[410 175]]

 [[409 175]]

 [[408 175]]

 [[407 175]]

 [[406 175]]

 [[405 175]]

 [[404 174]]

 [[403 174]]

 [[402 174]]

 [[401 174]]

 [[400 173]]

 [[399 173]]

 [[398 173]]

 [[397 173]]

 [[396 172]]

 [[395 172]]

 [[394 172]]

 [[393 172]]

 [[392 172]]

 [[391 172]]

 [[390 172]]

 [[389 171]]

 [[388 171]]

 [[387 170]]

 [[386 170]]

 [[385 170]]

 [[384 169]]

 [[383 168]]

 [[382 168]]

 [[381 167]]

 [[380 167]]

 [[379 166]]

 [[378 166]]

 [[377 165]]

 [[376 164]]

 [[375 165]]

 [[374 165]]

 [[373 166]]

 [[372 166]]

 [[371 166]]

 [[370 166]]

 [[369 165]]

 [[370 164]]

 [[370 163]]

 [[371 162]]

 [[371 161]]

 [[371 160]]

 [[372 159]]

 [[372 158]]

 [[373 157]]

 [[374 156]]

 [[374 155]]

 [[374 154]]

 [[373 153]]

 [[373 152]]

 [[372 151]]

 [[372 150]]

 [[372 149]]

 [[373 148]]

 [[373 147]]

 [[372 148]]

 [[371 147]]

 [[371 146]]

 [[371 145]]

 [[370 144]]

 [[370 143]]

 [[370 142]]

 [[370 141]]

 [[371 140]]

 [[372 140]]

 [[373 141]]

 [[374 140]]

 [[374 139]]

 [[374 138]]

 [[373 139]]

 [[372 140]]

 [[371 139]]

 [[371 138]]

 [[371 137]]

 [[371 136]]

 [[371 135]]

 [[370 135]]]
[[[  0   0]]

 [[ 64 128]]

 [[ 64 129]]

 ..., 
 [[ 67 128]]

 [[ 66 128]]

 [[ 65 127]]]
[[[  0   0]]

 [[ 26 115]]

 [[ 25 115]]

 [[ 24 115]]

 [[ 23 116]]

 [[ 22 116]]

 [[ 22 117]]

 [[ 23 118]]

 [[ 24 119]]

 [[ 25 120]]

 [[ 25 121]]

 [[ 24 122]]

 [[ 23 123]]

 [[ 22 124]]

 [[ 21 125]]

 [[ 20 126]]

 [[ 20 127]]

 [[ 19 128]]

 [[ 19 129]]

 [[ 19 130]]

 [[ 19 131]]

 [[ 20 132]]

 [[ 20 133]]

 [[ 21 134]]

 [[ 21 135]]

 [[ 20 136]]

 [[ 19 136]]

 [[ 18 136]]

 [[ 17 136]]

 [[ 16 136]]

 [[ 15 136]]

 [[ 14 136]]

 [[ 13 136]]

 [[ 12 137]]

 [[ 11 138]]

 [[ 11 139]]

 [[ 10 140]]

 [[  9 141]]

 [[  9 142]]

 [[  9 143]]

 [[  9 144]]

 [[  9 145]]

 [[  8 146]]

 [[  9 145]]

 [[ 10 144]]

 [[ 11 144]]

 [[ 12 144]]

 [[ 13 143]]

 [[ 14 143]]

 [[ 15 142]]

 [[ 16 142]]

 [[ 17 141]]

 [[ 17 140]]

 [[ 17 139]]

 [[ 18 138]]

 [[ 19 138]]

 [[ 20 138]]

 [[ 21 139]]

 [[ 21 140]]

 [[ 22 141]]

 [[ 23 141]]

 [[ 24 141]]

 [[ 25 141]]

 [[ 26 141]]

 [[ 27 141]]

 [[ 28 142]]

 [[ 29 143]]

 [[ 30 143]]

 [[ 31 143]]

 [[ 32 144]]

 [[ 33 144]]

 [[ 34 144]]

 [[ 34 143]]

 [[ 34 142]]

 [[ 34 141]]

 [[ 34 140]]

 [[ 34 139]]

 [[ 34 138]]

 [[ 34 137]]

 [[ 33 137]]

 [[ 33 138]]

 [[ 32 139]]

 [[ 31 140]]

 [[ 30 140]]

 [[ 29 139]]

 [[ 28 138]]

 [[ 27 138]]

 [[ 26 137]]

 [[ 25 136]]

 [[ 24 135]]

 [[ 24 134]]

 [[ 24 133]]

 [[ 24 132]]

 [[ 25 131]]

 [[ 26 130]]

 [[ 27 129]]

 [[ 27 128]]

 [[ 28 127]]

 [[ 29 126]]

 [[ 30 125]]

 [[ 31 124]]

 [[ 30 123]]

 [[ 29 122]]

 [[ 29 121]]

 [[ 30 120]]

 [[ 30 119]]

 [[ 31 118]]

 [[ 30 117]]

 [[ 30 116]]

 [[ 29 116]]

 [[ 28 115]]

 [[ 28 114]]]
[[[  0   0]]

 [[270 109]]

 [[269 109]]

 [[268 109]]

 [[267 110]]

 [[267 111]]

 [[267 112]]

 [[267 113]]

 [[268 114]]

 [[268 115]]

 [[268 116]]

 [[267 117]]

 [[266 118]]

 [[265 119]]

 [[264 119]]

 [[263 120]]

 [[262 119]]

 [[261 119]]

 [[260 118]]

 [[259 118]]

 [[258 118]]

 [[258 119]]

 [[257 120]]

 [[256 120]]

 [[255 120]]

 [[254 121]]

 [[253 121]]

 [[252 120]]

 [[251 119]]

 [[250 118]]

 [[249 117]]

 [[248 117]]

 [[247 118]]

 [[246 119]]

 [[246 120]]

 [[245 121]]

 [[244 121]]

 [[243 121]]

 [[242 121]]

 [[241 121]]

 [[240 120]]

 [[239 121]]

 [[238 122]]

 [[237 123]]

 [[236 123]]

 [[235 124]]

 [[234 124]]

 [[233 124]]

 [[232 124]]

 [[231 124]]

 [[230 123]]

 [[229 123]]

 [[228 122]]

 [[227 122]]

 [[226 122]]

 [[225 123]]

 [[225 124]]

 [[225 125]]

 [[224 126]]

 [[223 127]]

 [[222 127]]

 [[221 127]]

 [[220 126]]

 [[219 125]]

 [[219 124]]

 [[219 123]]

 [[218 122]]

 [[217 122]]

 [[216 122]]

 [[216 123]]

 [[217 124]]

 [[217 125]]

 [[217 126]]

 [[216 127]]

 [[215 127]]

 [[214 128]]

 [[213 128]]

 [[212 128]]

 [[211 128]]

 [[210 127]]

 [[209 126]]

 [[208 125]]

 [[207 124]]

 [[206 123]]

 [[205 123]]

 [[204 124]]

 [[203 124]]

 [[203 125]]

 [[204 125]]

 [[205 124]]

 [[206 125]]

 [[207 126]]

 [[206 127]]

 [[205 128]]

 [[204 129]]

 [[203 130]]

 [[202 130]]

 [[201 130]]

 [[200 131]]

 [[199 132]]

 [[198 131]]

 [[197 130]]

 [[198 129]]

 [[197 129]]

 [[196 130]]

 [[195 130]]

 [[194 131]]

 [[193 132]]

 [[192 132]]

 [[191 132]]

 [[190 132]]

 [[189 132]]

 [[188 131]]

 [[187 130]]

 [[187 129]]

 [[186 128]]

 [[186 127]]

 [[187 126]]

 [[187 125]]

 [[187 124]]

 [[187 123]]

 [[187 122]]

 [[187 121]]

 [[186 120]]

 [[187 119]]

 [[187 118]]

 [[188 117]]

 [[188 116]]

 [[187 115]]

 [[186 115]]

 [[185 115]]

 [[184 115]]

 [[183 115]]

 [[183 116]]

 [[184 117]]

 [[185 118]]

 [[185 119]]

 [[186 120]]

 [[185 121]]

 [[184 121]]

 [[184 122]]

 [[183 123]]

 [[183 124]]

 [[184 125]]

 [[184 126]]

 [[184 127]]

 [[184 128]]

 [[183 129]]

 [[183 130]]

 [[182 131]]

 [[182 132]]

 [[181 133]]

 [[180 133]]

 [[179 134]]

 [[179 135]]

 [[179 136]]

 [[179 137]]

 [[179 138]]

 [[180 139]]

 [[181 140]]

 [[181 141]]

 [[182 142]]

 [[183 143]]

 [[184 144]]

 [[185 144]]

 [[186 143]]

 [[186 142]]

 [[187 141]]

 [[188 140]]

 [[189 139]]

 [[190 138]]

 [[191 137]]

 [[192 136]]

 [[193 135]]

 [[194 135]]

 [[195 135]]

 [[196 136]]

 [[197 136]]

 [[198 135]]

 [[199 136]]

 [[199 137]]

 [[198 138]]

 [[197 139]]

 [[197 140]]

 [[197 141]]

 [[198 142]]

 [[199 143]]

 [[199 144]]

 [[200 145]]

 [[200 146]]

 [[199 147]]

 [[199 148]]

 [[198 149]]

 [[198 150]]

 [[197 151]]

 [[196 151]]

 [[195 150]]

 [[194 149]]

 [[194 148]]

 [[194 147]]

 [[193 146]]

 [[192 146]]

 [[191 146]]

 [[190 147]]

 [[189 146]]

 [[188 147]]

 [[187 146]]

 [[186 147]]

 [[185 147]]

 [[184 148]]

 [[184 149]]

 [[185 150]]

 [[185 151]]

 [[186 151]]

 [[187 151]]

 [[188 150]]

 [[189 149]]

 [[190 149]]

 [[191 149]]

 [[192 150]]

 [[192 151]]

 [[192 152]]

 [[193 153]]

 [[194 154]]

 [[194 155]]

 [[195 156]]

 [[195 157]]

 [[194 158]]

 [[194 159]]

 [[195 160]]

 [[196 160]]

 [[197 159]]

 [[197 158]]

 [[197 157]]

 [[197 156]]

 [[197 155]]

 [[197 154]]

 [[197 153]]

 [[198 152]]

 [[198 151]]

 [[199 150]]

 [[200 150]]

 [[201 149]]

 [[202 148]]

 [[203 147]]

 [[203 146]]

 [[203 145]]

 [[203 144]]

 [[202 144]]

 [[201 143]]

 [[200 143]]

 [[199 143]]

 [[198 142]]

 [[198 141]]

 [[198 140]]

 [[198 139]]

 [[198 138]]

 [[199 137]]

 [[200 136]]

 [[201 136]]

 [[202 137]]

 [[203 137]]

 [[204 138]]

 [[205 138]]

 [[206 139]]

 [[207 139]]

 [[208 139]]

 [[208 138]]

 [[209 137]]

 [[209 136]]

 [[210 135]]

 [[211 134]]

 [[211 133]]

 [[212 132]]

 [[213 131]]

 [[214 131]]

 [[215 131]]

 [[216 131]]

 [[217 131]]

 [[218 130]]

 [[219 130]]

 [[220 130]]

 [[221 130]]

 [[222 130]]

 [[223 130]]

 [[224 131]]

 [[224 132]]

 [[225 133]]

 [[226 134]]

 [[226 135]]

 [[227 136]]

 [[226 137]]

 [[225 138]]

 [[224 139]]

 [[223 140]]

 [[222 140]]

 [[221 140]]

 [[221 141]]

 [[221 142]]

 [[222 142]]

 [[223 141]]

 [[224 140]]

 [[225 141]]

 [[225 142]]

 [[226 142]]

 [[226 141]]

 [[227 140]]

 [[226 139]]

 [[227 138]]

 [[227 137]]

 [[227 136]]

 [[227 135]]

 [[228 134]]

 [[228 133]]

 [[229 132]]

 [[230 131]]

 [[230 130]]

 [[231 129]]

 [[232 128]]

 [[233 128]]

 [[234 128]]

 [[235 128]]

 [[236 128]]

 [[237 128]]

 [[238 128]]

 [[239 127]]

 [[240 127]]

 [[241 126]]

 [[242 126]]

 [[243 126]]

 [[244 125]]

 [[245 125]]

 [[246 124]]

 [[247 124]]

 [[248 124]]

 [[249 125]]

 [[250 125]]

 [[251 126]]

 [[250 127]]

 [[251 127]]

 [[252 127]]

 [[253 126]]

 [[254 125]]

 [[255 124]]

 [[256 124]]

 [[257 124]]

 [[258 124]]

 [[259 124]]

 [[260 123]]

 [[261 123]]

 [[262 123]]

 [[263 123]]

 [[264 123]]

 [[265 122]]

 [[266 122]]

 [[267 121]]

 [[268 121]]

 [[269 121]]

 [[270 121]]

 [[271 121]]

 [[272 121]]

 [[273 122]]

 [[274 123]]

 [[275 124]]

 [[276 124]]

 [[277 123]]

 [[276 123]]

 [[275 122]]

 [[274 121]]

 [[274 120]]

 [[274 119]]

 [[274 118]]

 [[275 117]]

 [[275 116]]

 [[275 115]]

 [[276 114]]

 [[276 113]]

 [[276 112]]

 [[275 111]]

 [[275 110]]

 [[275 109]]

 [[274 109]]

 [[273 108]]

 [[272 108]]]
[[[  0   0]]

 [[365 108]]

 [[364 109]]

 [[363 109]]

 [[362 109]]

 [[361 110]]

 [[360 110]]

 [[359 109]]

 [[358 108]]

 [[357 108]]

 [[356 109]]

 [[355 110]]

 [[354 110]]

 [[353 111]]

 [[352 111]]

 [[351 111]]

 [[350 111]]

 [[349 111]]

 [[348 111]]

 [[347 111]]

 [[346 111]]

 [[345 112]]

 [[344 112]]

 [[343 111]]

 [[342 110]]

 [[342 109]]

 [[341 109]]

 [[340 110]]

 [[339 111]]

 [[338 112]]

 [[337 113]]

 [[336 113]]

 [[335 113]]

 [[334 113]]

 [[333 113]]

 [[332 113]]

 [[331 113]]

 [[330 112]]

 [[330 111]]

 [[330 110]]

 [[329 110]]

 [[328 111]]

 [[327 112]]

 [[326 112]]

 [[325 113]]

 [[324 113]]

 [[324 114]]

 [[323 115]]

 [[323 116]]

 [[322 117]]

 [[321 118]]

 [[322 119]]

 [[322 120]]

 [[323 121]]

 [[324 121]]

 [[325 122]]

 [[326 121]]

 [[326 120]]

 [[327 119]]

 [[328 118]]

 [[328 117]]

 [[329 116]]

 [[330 116]]

 [[331 116]]

 [[332 116]]

 [[333 115]]

 [[334 115]]

 [[335 116]]

 [[336 116]]

 [[337 117]]

 [[338 117]]

 [[339 118]]

 [[340 118]]

 [[341 117]]

 [[342 116]]

 [[343 115]]

 [[344 115]]

 [[345 115]]

 [[346 115]]

 [[347 115]]

 [[348 115]]

 [[349 115]]

 [[350 115]]

 [[351 116]]

 [[352 116]]

 [[353 117]]

 [[354 117]]

 [[355 117]]

 [[356 117]]

 [[357 116]]

 [[358 115]]

 [[359 114]]

 [[360 113]]

 [[361 113]]

 [[362 113]]

 [[363 112]]

 [[364 112]]

 [[365 111]]

 [[366 111]]

 [[367 112]]

 [[368 112]]

 [[369 113]]

 [[369 114]]

 [[369 115]]

 [[370 116]]

 [[371 116]]

 [[372 116]]

 [[373 116]]

 [[373 115]]

 [[374 114]]

 [[375 114]]

 [[376 114]]

 [[377 115]]

 [[378 116]]

 [[378 117]]

 [[377 118]]

 [[377 119]]

 [[377 120]]

 [[376 121]]

 [[376 122]]

 [[376 123]]

 [[376 124]]

 [[375 125]]

 [[374 125]]

 [[373 125]]

 [[373 126]]

 [[372 127]]

 [[371 128]]

 [[372 127]]

 [[373 127]]

 [[374 127]]

 [[375 127]]

 [[376 127]]

 [[377 127]]

 [[378 126]]

 [[378 125]]

 [[378 124]]

 [[379 123]]

 [[380 123]]

 [[381 124]]

 [[380 125]]

 [[380 126]]

 [[380 127]]

 [[380 128]]

 [[380 129]]

 [[380 130]]

 [[380 131]]

 [[380 132]]

 [[380 133]]

 [[380 134]]

 [[380 135]]

 [[380 136]]

 [[379 137]]

 [[379 138]]

 [[379 139]]

 [[379 140]]

 [[380 141]]

 [[380 142]]

 [[381 143]]

 [[381 144]]

 [[382 145]]

 [[383 145]]

 [[384 146]]

 [[385 147]]

 [[386 147]]

 [[387 148]]

 [[388 148]]

 [[389 149]]

 [[390 149]]

 [[391 149]]

 [[392 150]]

 [[393 150]]

 [[394 150]]

 [[395 151]]

 [[396 151]]

 [[397 151]]

 [[398 151]]

 [[399 151]]

 [[400 152]]

 [[401 152]]

 [[402 153]]

 [[403 153]]

 [[404 153]]

 [[405 153]]

 [[406 153]]

 [[407 153]]

 [[408 153]]

 [[409 153]]

 [[410 153]]

 [[411 153]]

 [[412 153]]

 [[413 153]]

 [[414 153]]

 [[415 153]]

 [[416 153]]

 [[417 154]]

 [[418 153]]

 [[419 154]]

 [[420 154]]

 [[421 153]]

 [[422 153]]

 [[423 153]]

 [[424 153]]

 [[425 153]]

 [[426 153]]

 [[427 153]]

 [[428 153]]

 [[429 152]]

 [[430 152]]

 [[431 152]]

 [[432 151]]

 [[433 151]]

 [[434 150]]

 [[435 150]]

 [[436 149]]

 [[436 148]]

 [[437 147]]

 [[437 146]]

 [[436 145]]

 [[436 144]]

 [[436 143]]

 [[436 142]]

 [[436 141]]

 [[437 140]]

 [[438 139]]

 [[439 138]]

 [[440 137]]

 [[440 136]]

 [[440 135]]

 [[440 134]]

 [[441 133]]

 [[441 132]]

 [[442 131]]

 [[442 130]]

 [[442 129]]

 [[442 128]]

 [[441 128]]

 [[440 128]]

 [[439 129]]

 [[438 129]]

 [[437 130]]

 [[436 131]]

 [[435 132]]

 [[434 133]]

 [[433 133]]

 [[432 134]]

 [[431 134]]

 [[430 134]]

 [[429 135]]

 [[428 135]]

 [[427 135]]

 [[426 135]]

 [[425 135]]

 [[424 135]]

 [[423 134]]

 [[422 134]]

 [[421 134]]

 [[420 134]]

 [[419 134]]

 [[418 134]]

 [[417 134]]

 [[416 134]]

 [[415 134]]

 [[414 134]]

 [[413 134]]

 [[412 134]]

 [[411 134]]

 [[410 134]]

 [[409 134]]

 [[408 133]]

 [[407 133]]

 [[406 133]]

 [[405 133]]

 [[404 133]]

 [[403 133]]

 [[402 133]]

 [[401 133]]

 [[400 133]]

 [[399 132]]

 [[398 132]]

 [[397 132]]

 [[396 132]]

 [[395 131]]

 [[394 131]]

 [[393 131]]

 [[392 131]]

 [[391 131]]

 [[390 131]]

 [[389 130]]

 [[388 129]]

 [[387 129]]

 [[386 128]]

 [[385 127]]

 [[385 126]]

 [[384 125]]

 [[383 125]]

 [[382 124]]

 [[381 123]]

 [[381 122]]

 [[381 121]]

 [[382 120]]

 [[382 119]]

 [[381 118]]

 [[381 117]]

 [[381 116]]

 [[380 115]]

 [[380 114]]

 [[380 113]]

 [[380 112]]

 [[379 111]]

 [[378 110]]

 [[377 109]]

 [[376 108]]

 [[375 107]]

 [[374 107]]

 [[373 107]]

 [[372 107]]

 [[371 107]]

 [[370 108]]

 [[369 108]]

 [[368 108]]

 [[367 108]]

 [[366 107]]]
[[[  0   0]]

 [[508 101]]

 [[507 102]]

 [[507 103]]

 [[507 104]]

 [[507 105]]

 [[507 106]]

 [[507 107]]

 [[507 108]]

 [[508 109]]

 [[508 110]]

 [[507 111]]

 [[507 112]]

 [[506 113]]

 [[505 112]]

 [[505 111]]

 [[505 110]]

 [[504 111]]

 [[503 111]]

 [[504 112]]

 [[504 113]]

 [[504 114]]

 [[504 115]]

 [[504 116]]

 [[504 117]]

 [[504 118]]

 [[503 119]]

 [[503 120]]

 [[502 121]]

 [[501 122]]

 [[501 123]]

 [[500 124]]

 [[500 125]]

 [[500 126]]

 [[501 127]]

 [[501 128]]

 [[501 129]]

 [[500 130]]

 [[500 131]]

 [[500 132]]

 [[501 133]]

 [[502 134]]

 [[501 135]]

 [[501 136]]

 [[500 137]]

 [[499 137]]

 [[498 138]]

 [[498 139]]

 [[498 140]]

 [[498 141]]

 [[497 142]]

 [[497 143]]

 [[496 144]]

 [[495 144]]

 [[494 143]]

 [[493 142]]

 [[493 141]]

 [[493 140]]

 [[494 139]]

 [[493 139]]

 [[492 139]]

 [[491 138]]

 [[491 137]]

 [[490 138]]

 [[489 139]]

 [[489 140]]

 [[488 141]]

 [[487 142]]

 [[486 143]]

 [[486 144]]

 [[486 145]]

 [[487 146]]

 [[488 147]]

 [[489 147]]

 [[490 146]]

 [[491 145]]

 [[492 144]]

 [[493 145]]

 [[494 145]]

 [[495 146]]

 [[496 145]]

 [[497 145]]

 [[498 145]]

 [[499 146]]

 [[500 146]]

 [[501 145]]

 [[502 144]]

 [[503 144]]

 [[504 145]]

 [[505 145]]

 [[506 144]]

 [[506 143]]

 [[507 142]]

 [[508 142]]

 [[509 142]]

 [[510 143]]

 [[511 142]]

 [[512 141]]

 [[513 140]]

 [[514 141]]

 [[515 142]]

 [[515 141]]

 [[516 140]]

 [[517 139]]

 [[518 138]]

 [[519 139]]

 [[519 140]]

 [[519 141]]

 [[520 141]]

 [[521 141]]

 [[521 140]]

 [[521 139]]

 [[520 138]]

 [[521 137]]

 [[522 136]]

 [[523 137]]

 [[524 138]]

 [[524 139]]

 [[525 138]]

 [[526 137]]

 [[527 136]]

 [[528 137]]

 [[529 137]]

 [[530 137]]

 [[531 136]]

 [[532 136]]

 [[533 136]]

 [[534 136]]

 [[535 136]]

 [[536 135]]

 [[537 135]]

 [[538 135]]

 [[539 135]]

 [[540 135]]

 [[541 135]]

 [[542 135]]

 [[543 134]]

 [[543 133]]

 [[543 132]]

 [[544 131]]

 [[545 131]]

 [[546 131]]

 [[547 130]]

 [[548 130]]

 [[549 130]]

 [[549 129]]

 [[548 129]]

 [[547 128]]

 [[548 127]]

 [[548 126]]

 [[547 126]]

 [[546 127]]

 [[545 127]]

 [[544 128]]

 [[543 128]]

 [[543 129]]

 [[542 130]]

 [[541 130]]

 [[540 130]]

 [[539 131]]

 [[538 131]]

 [[537 132]]

 [[536 132]]

 [[535 132]]

 [[534 132]]

 [[533 131]]

 [[532 131]]

 [[532 132]]

 [[531 133]]

 [[530 133]]

 [[529 132]]

 [[528 132]]

 [[527 133]]

 [[526 133]]

 [[525 134]]

 [[524 133]]

 [[523 133]]

 [[523 134]]

 [[522 135]]

 [[522 136]]

 [[521 137]]

 [[520 137]]

 [[519 136]]

 [[518 136]]

 [[517 137]]

 [[516 138]]

 [[515 137]]

 [[515 136]]

 [[515 135]]

 [[514 134]]

 [[514 135]]

 [[514 136]]

 [[513 137]]

 [[513 138]]

 [[512 139]]

 [[511 139]]

 [[510 138]]

 [[509 137]]

 [[509 136]]

 [[509 137]]

 [[508 138]]

 [[508 139]]

 [[507 140]]

 [[506 140]]

 [[505 139]]

 [[505 138]]

 [[505 137]]

 [[506 136]]

 [[507 135]]

 [[507 134]]

 [[507 135]]

 [[506 136]]

 [[505 136]]

 [[504 136]]

 [[503 135]]

 [[503 134]]

 [[503 133]]

 [[503 132]]

 [[502 131]]

 [[502 130]]

 [[502 129]]

 [[502 128]]

 [[503 127]]

 [[504 126]]

 [[505 125]]

 [[505 124]]

 [[505 123]]

 [[505 122]]

 [[505 121]]

 [[505 120]]

 [[504 119]]

 [[505 118]]

 [[506 117]]

 [[507 117]]

 [[508 118]]

 [[509 118]]

 [[509 117]]

 [[509 116]]

 [[509 115]]

 [[509 114]]

 [[508 113]]

 [[508 112]]

 [[508 111]]

 [[509 110]]

 [[509 109]]

 [[509 108]]

 [[509 107]]

 [[510 106]]

 [[510 105]]

 [[511 104]]

 [[511 103]]

 [[512 102]]

 [[512 101]]

 [[512 100]]

 [[511 100]]

 [[510 100]]

 [[509 100]]]
[[[  0   0]]

 [[163  92]]

 [[162  92]]

 [[162  93]]

 [[162  94]]

 [[161  95]]

 [[160  96]]

 [[159  97]]

 [[158  98]]

 [[157  98]]

 [[157  99]]

 [[156 100]]

 [[155 101]]

 [[155 102]]

 [[154 103]]

 [[153 104]]

 [[152 104]]

 [[151 105]]

 [[150 106]]

 [[150 107]]

 [[150 108]]

 [[151 108]]

 [[152 109]]

 [[152 110]]

 [[151 111]]

 [[150 111]]

 [[149 111]]

 [[148 110]]

 [[147 111]]

 [[146 112]]

 [[145 112]]

 [[144 112]]

 [[143 112]]

 [[142 113]]

 [[141 113]]

 [[140 114]]

 [[139 114]]

 [[139 115]]

 [[140 116]]

 [[141 117]]

 [[142 118]]

 [[142 119]]

 [[141 120]]

 [[140 120]]

 [[139 120]]

 [[138 120]]

 [[137 121]]

 [[138 121]]

 [[139 122]]

 [[139 123]]

 [[140 124]]

 [[140 125]]

 [[140 126]]

 [[140 127]]

 [[139 128]]

 [[138 129]]

 [[137 129]]

 [[136 128]]

 [[135 128]]

 [[134 127]]

 [[133 128]]

 [[132 128]]

 [[131 128]]

 [[130 129]]

 [[129 129]]

 [[129 130]]

 [[129 131]]

 [[129 132]]

 [[130 132]]

 [[131 132]]

 [[132 133]]

 [[133 133]]

 [[134 134]]

 [[135 134]]

 [[136 134]]

 [[137 133]]

 [[138 132]]

 [[139 131]]

 [[140 131]]

 [[141 130]]

 [[141 129]]

 [[141 128]]

 [[140 127]]

 [[140 126]]

 [[140 125]]

 [[140 124]]

 [[141 123]]

 [[142 122]]

 [[142 121]]

 [[143 120]]

 [[143 119]]

 [[144 118]]

 [[145 118]]

 [[146 118]]

 [[147 118]]

 [[148 118]]

 [[149 118]]

 [[150 118]]

 [[150 117]]

 [[151 116]]

 [[151 115]]

 [[151 114]]

 [[151 113]]

 [[151 112]]

 [[151 111]]

 [[152 110]]

 [[153 109]]

 [[154 109]]

 [[155 109]]

 [[155 108]]

 [[155 107]]

 [[155 106]]

 [[155 105]]

 [[156 104]]

 [[157 104]]

 [[158 105]]

 [[159 105]]

 [[160 106]]

 [[161 106]]

 [[162 105]]

 [[163 104]]

 [[163 103]]

 [[163 102]]

 [[164 101]]

 [[164 100]]

 [[165  99]]

 [[166 100]]

 [[167 100]]

 [[168 100]]

 [[169 101]]

 [[169 100]]

 [[170  99]]

 [[170  98]]

 [[170  97]]

 [[170  96]]

 [[169  96]]

 [[168  97]]

 [[167  98]]

 [[166  98]]

 [[165  99]]

 [[164  98]]

 [[164  97]]

 [[163  96]]

 [[162  95]]

 [[162  94]]

 [[163  93]]

 [[163  92]]]
[[[  0   0]]

 [[ 54  90]]

 [[ 55  90]]

 [[ 56  90]]

 [[ 57  89]]

 [[ 58  90]]

 [[ 59  90]]

 [[ 60  90]]

 [[ 61  90]]

 [[ 62  90]]

 [[ 63  91]]

 [[ 64  92]]

 [[ 63  93]]

 [[ 62  93]]

 [[ 61  93]]

 [[ 60  93]]

 [[ 59  93]]

 [[ 58  93]]

 [[ 57  93]]

 [[ 56  93]]

 [[ 55  94]]

 [[ 54  94]]

 [[ 53  95]]

 [[ 52  95]]

 [[ 51  96]]

 [[ 50  96]]

 [[ 49  95]]

 [[ 48  96]]

 [[ 47  96]]

 [[ 46  97]]

 [[ 46  98]]

 [[ 46  99]]

 [[ 45 100]]

 [[ 45 101]]

 [[ 45 102]]

 [[ 44 103]]

 [[ 44 104]]

 [[ 43 105]]

 [[ 43 106]]

 [[ 43 107]]

 [[ 43 108]]

 [[ 43 109]]

 [[ 43 110]]

 [[ 44 110]]

 [[ 45 111]]

 [[ 46 112]]

 [[ 46 113]]

 [[ 46 114]]

 [[ 46 115]]

 [[ 47 115]]

 [[ 48 115]]

 [[ 49 116]]

 [[ 50 117]]

 [[ 50 118]]

 [[ 50 119]]

 [[ 50 120]]

 [[ 50 121]]

 [[ 51 121]]

 [[ 52 120]]

 [[ 53 121]]

 [[ 53 122]]

 [[ 53 123]]

 [[ 54 124]]

 [[ 54 125]]

 [[ 53 126]]

 [[ 53 127]]

 [[ 52 128]]

 [[ 51 129]]

 [[ 50 129]]

 [[ 51 130]]

 [[ 50 131]]

 [[ 49 132]]

 [[ 48 133]]

 [[ 47 134]]

 [[ 46 135]]

 [[ 45 135]]

 [[ 45 136]]

 [[ 45 137]]

 [[ 45 138]]

 [[ 44 139]]

 [[ 44 140]]

 [[ 45 139]]

 [[ 46 139]]

 [[ 47 139]]

 [[ 48 139]]

 [[ 49 139]]

 [[ 50 138]]

 [[ 51 138]]

 [[ 52 138]]

 [[ 52 137]]

 [[ 52 136]]

 [[ 52 135]]

 [[ 52 134]]

 [[ 52 133]]

 [[ 52 132]]

 [[ 52 131]]

 [[ 53 130]]

 [[ 54 129]]

 [[ 55 130]]

 [[ 56 130]]

 [[ 57 129]]

 [[ 57 128]]

 [[ 58 127]]

 [[ 59 126]]

 [[ 60 126]]

 [[ 61 126]]

 [[ 62 126]]

 [[ 63 125]]

 [[ 62 124]]

 [[ 62 123]]

 [[ 62 122]]

 [[ 63 121]]

 [[ 63 120]]

 [[ 64 119]]

 [[ 64 118]]

 [[ 65 117]]

 [[ 66 116]]

 [[ 67 115]]

 [[ 68 115]]

 [[ 69 114]]

 [[ 70 113]]

 [[ 71 112]]

 [[ 72 111]]

 [[ 73 111]]

 [[ 74 111]]

 [[ 75 111]]

 [[ 76 112]]

 [[ 77 112]]

 [[ 78 112]]

 [[ 79 111]]

 [[ 79 110]]

 [[ 79 109]]

 [[ 80 108]]

 [[ 81 107]]

 [[ 81 106]]

 [[ 80 105]]

 [[ 80 104]]

 [[ 80 103]]

 [[ 80 102]]

 [[ 80 101]]

 [[ 81 100]]

 [[ 82  99]]

 [[ 83  98]]

 [[ 83  97]]

 [[ 84  96]]

 [[ 85  97]]

 [[ 86  97]]

 [[ 87  97]]

 [[ 88  97]]

 [[ 89  98]]

 [[ 90  97]]

 [[ 91  96]]

 [[ 92  95]]

 [[ 93  95]]

 [[ 94  95]]

 [[ 95  95]]

 [[ 96  95]]

 [[ 97  94]]

 [[ 97  93]]

 [[ 97  92]]

 [[ 96  91]]

 [[ 95  90]]

 [[ 94  90]]

 [[ 93  90]]

 [[ 92  90]]

 [[ 91  90]]

 [[ 90  90]]

 [[ 89  90]]

 [[ 88  90]]

 [[ 87  91]]

 [[ 87  92]]

 [[ 86  93]]

 [[ 85  94]]

 [[ 84  94]]

 [[ 83  93]]

 [[ 82  92]]

 [[ 81  92]]

 [[ 80  92]]

 [[ 80  93]]

 [[ 80  94]]

 [[ 81  95]]

 [[ 80  96]]

 [[ 80  97]]

 [[ 80  98]]

 [[ 79  99]]

 [[ 78 100]]

 [[ 77 100]]

 [[ 76 100]]

 [[ 75 100]]

 [[ 74  99]]

 [[ 75  98]]

 [[ 74  97]]

 [[ 73  97]]

 [[ 72  97]]

 [[ 71  97]]

 [[ 70  97]]

 [[ 71  98]]

 [[ 72  99]]

 [[ 72 100]]

 [[ 72 101]]

 [[ 71 102]]

 [[ 70 102]]

 [[ 69 103]]

 [[ 69 104]]

 [[ 68 105]]

 [[ 69 105]]

 [[ 70 105]]

 [[ 71 105]]

 [[ 72 105]]

 [[ 73 105]]

 [[ 74 105]]

 [[ 75 105]]

 [[ 76 105]]

 [[ 77 105]]

 [[ 78 106]]

 [[ 77 107]]

 [[ 76 108]]

 [[ 75 107]]

 [[ 74 107]]

 [[ 73 108]]

 [[ 72 108]]

 [[ 71 108]]

 [[ 70 108]]

 [[ 69 108]]

 [[ 69 109]]

 [[ 68 110]]

 [[ 67 111]]

 [[ 66 111]]

 [[ 66 112]]

 [[ 65 113]]

 [[ 64 114]]

 [[ 63 115]]

 [[ 62 116]]

 [[ 61 116]]

 [[ 60 116]]

 [[ 59 116]]

 [[ 58 115]]

 [[ 57 115]]

 [[ 56 116]]

 [[ 55 117]]

 [[ 54 117]]

 [[ 53 117]]

 [[ 52 117]]

 [[ 51 117]]

 [[ 50 116]]

 [[ 49 115]]

 [[ 49 114]]

 [[ 48 113]]

 [[ 48 112]]

 [[ 47 111]]

 [[ 47 110]]

 [[ 47 109]]

 [[ 47 108]]

 [[ 47 107]]

 [[ 47 106]]

 [[ 47 105]]

 [[ 48 104]]

 [[ 49 103]]

 [[ 50 103]]

 [[ 51 103]]

 [[ 52 103]]

 [[ 53 102]]

 [[ 54 102]]

 [[ 54 101]]

 [[ 55 100]]

 [[ 56  99]]

 [[ 57  99]]

 [[ 58  98]]

 [[ 58  97]]

 [[ 59  96]]

 [[ 60  97]]

 [[ 60  98]]

 [[ 61  99]]

 [[ 62  99]]

 [[ 63  99]]

 [[ 64  98]]

 [[ 64  97]]

 [[ 64  96]]

 [[ 65  95]]

 [[ 65  94]]

 [[ 66  93]]

 [[ 66  92]]

 [[ 66  91]]

 [[ 66  90]]

 [[ 65  89]]

 [[ 64  89]]

 [[ 63  89]]

 [[ 62  89]]

 [[ 61  89]]

 [[ 60  89]]

 [[ 59  89]]

 [[ 58  89]]

 [[ 57  89]]

 [[ 56  89]]

 [[ 55  89]]]
[[[  0   0]]

 [[396  87]]

 [[395  87]]

 [[395  88]]

 [[394  89]]

 [[393  90]]

 [[392  91]]

 [[391  92]]

 [[390  92]]

 [[389  93]]

 [[389  94]]

 [[389  95]]

 [[390  96]]

 [[391  97]]

 [[391  98]]

 [[392  99]]

 [[392 100]]

 [[392 101]]

 [[391 102]]

 [[391 103]]

 [[390 104]]

 [[390 105]]

 [[390 106]]

 [[391 107]]

 [[392 107]]

 [[393 107]]

 [[394 107]]

 [[395 107]]

 [[396 108]]

 [[397 108]]

 [[398 109]]

 [[399 109]]

 [[400 109]]

 [[401 109]]

 [[402 109]]

 [[403 108]]

 [[404 107]]

 [[405 107]]

 [[406 106]]

 [[407 107]]

 [[408 107]]

 [[409 107]]

 [[410 107]]

 [[411 108]]

 [[412 108]]

 [[413 108]]

 [[414 108]]

 [[415 108]]

 [[416 109]]

 [[417 109]]

 [[418 109]]

 [[419 108]]

 [[420 108]]

 [[421 108]]

 [[422 108]]

 [[423 108]]

 [[424 108]]

 [[425 108]]

 [[426 108]]

 [[427 108]]

 [[428 108]]

 [[429 108]]

 [[430 108]]

 [[431 108]]

 [[432 108]]

 [[433 108]]

 [[434 108]]

 [[435 107]]

 [[436 107]]

 [[437 107]]

 [[438 107]]

 [[439 107]]

 [[440 106]]

 [[441 106]]

 [[442 106]]

 [[443 106]]

 [[443 105]]

 [[443 104]]

 [[442 103]]

 [[441 102]]

 [[440 102]]

 [[439 101]]

 [[438 101]]

 [[437 101]]

 [[436 100]]

 [[435 100]]

 [[434 100]]

 [[433  99]]

 [[432 100]]

 [[432 101]]

 [[431 102]]

 [[430 103]]

 [[429 104]]

 [[428 104]]

 [[427 104]]

 [[426 104]]

 [[425 104]]

 [[424 104]]

 [[423 104]]

 [[422 104]]

 [[421 104]]

 [[420 103]]

 [[419 103]]

 [[418 102]]

 [[417 102]]

 [[416 102]]

 [[415 102]]

 [[414 101]]

 [[413 100]]

 [[412 101]]

 [[411 101]]

 [[410 102]]

 [[409 102]]

 [[408 102]]

 [[407 102]]

 [[406 102]]

 [[405 102]]

 [[404 102]]

 [[403 102]]

 [[402 102]]

 [[401 102]]

 [[400 102]]

 [[399 102]]

 [[398 102]]

 [[397 102]]

 [[396 102]]

 [[395 101]]

 [[395 100]]

 [[394  99]]

 [[393  98]]

 [[393  97]]

 [[392  96]]

 [[392  95]]

 [[392  94]]

 [[392  93]]

 [[392  92]]

 [[393  91]]

 [[394  91]]

 [[395  90]]

 [[396  90]]

 [[397  89]]

 [[397  88]]

 [[398  87]]]
[[[  0   0]]

 [[  5  80]]

 [[  4  80]]

 [[  3  80]]

 [[  2  80]]

 [[  1  81]]

 [[  2  82]]

 [[  2  83]]

 [[  2  84]]

 [[  3  85]]

 [[  3  86]]

 [[  3  87]]

 [[  2  88]]

 [[  2  89]]

 [[  2  90]]

 [[  1  91]]

 [[  1  92]]

 [[  2  93]]

 [[  2  94]]

 [[  2  95]]

 [[  2  94]]

 [[  2  93]]

 [[  2  92]]

 [[  2  91]]

 [[  3  90]]

 [[  3  89]]

 [[  3  88]]

 [[  4  87]]

 [[  5  87]]

 [[  6  86]]

 [[  7  86]]

 [[  7  85]]

 [[  8  84]]

 [[  9  83]]

 [[ 10  83]]

 [[ 11  83]]

 [[ 12  83]]

 [[ 13  84]]

 [[ 14  84]]

 [[ 15  84]]

 [[ 16  85]]

 [[ 17  86]]

 [[ 18  87]]

 [[ 19  88]]

 [[ 20  89]]

 [[ 20  90]]

 [[ 19  91]]

 [[ 19  92]]

 [[ 18  93]]

 [[ 18  94]]

 [[ 18  95]]

 [[ 17  96]]

 [[ 16  97]]

 [[ 15  98]]

 [[ 16  99]]

 [[ 17 100]]

 [[ 18 101]]

 [[ 18 102]]

 [[ 17 103]]

 [[ 16 104]]

 [[ 15 105]]

 [[ 14 105]]

 [[ 13 105]]

 [[ 12 104]]

 [[ 11 105]]

 [[ 10 105]]

 [[  9 106]]

 [[  9 107]]

 [[  9 108]]

 [[  9 109]]

 [[  9 110]]

 [[  9 111]]

 [[  9 112]]

 [[ 10 112]]

 [[ 11 112]]

 [[ 12 112]]

 [[ 13 112]]

 [[ 14 112]]

 [[ 15 112]]

 [[ 16 113]]

 [[ 17 113]]

 [[ 18 113]]

 [[ 19 114]]

 [[ 20 114]]

 [[ 21 113]]

 [[ 22 113]]

 [[ 23 112]]

 [[ 24 112]]

 [[ 24 111]]

 [[ 23 110]]

 [[ 22 109]]

 [[ 21 108]]

 [[ 20 107]]

 [[ 19 106]]

 [[ 19 105]]

 [[ 19 104]]

 [[ 20 103]]

 [[ 21 102]]

 [[ 22 101]]

 [[ 22 100]]

 [[ 23  99]]

 [[ 24  98]]

 [[ 25  97]]

 [[ 26  96]]

 [[ 26  95]]

 [[ 26  94]]

 [[ 27  93]]

 [[ 26  92]]

 [[ 27  91]]

 [[ 28  90]]

 [[ 27  89]]

 [[ 26  89]]

 [[ 25  88]]

 [[ 24  87]]

 [[ 23  86]]

 [[ 23  85]]

 [[ 23  84]]

 [[ 23  83]]

 [[ 22  82]]

 [[ 21  81]]

 [[ 21  80]]

 [[ 20  80]]

 [[ 19  80]]

 [[ 18  80]]

 [[ 17  80]]

 [[ 16  80]]

 [[ 15  80]]

 [[ 14  80]]

 [[ 13  80]]

 [[ 12  80]]

 [[ 11  79]]

 [[ 10  79]]

 [[  9  79]]

 [[  8  79]]

 [[  7  79]]]
[[[ 0  0]]

 [[74 64]]

 [[73 64]]

 [[72 64]]

 [[71 64]]

 [[70 65]]

 [[69 65]]

 [[68 65]]

 [[67 65]]

 [[66 65]]

 [[65 65]]

 [[64 65]]

 [[63 65]]

 [[62 65]]

 [[61 65]]

 [[60 65]]

 [[59 65]]

 [[58 65]]

 [[57 65]]

 [[56 65]]

 [[55 65]]

 [[54 65]]

 [[53 65]]

 [[52 65]]

 [[51 65]]

 [[50 65]]

 [[49 65]]

 [[48 65]]

 [[48 66]]

 [[48 67]]

 [[48 68]]

 [[48 69]]

 [[48 70]]

 [[48 71]]

 [[48 72]]

 [[48 73]]

 [[48 74]]

 [[48 75]]

 [[49 75]]

 [[50 75]]

 [[51 75]]

 [[52 75]]

 [[53 75]]

 [[54 74]]

 [[55 74]]

 [[56 74]]

 [[57 75]]

 [[58 74]]

 [[59 74]]

 [[60 74]]

 [[61 74]]

 [[62 74]]

 [[63 74]]

 [[64 74]]

 [[65 74]]

 [[66 74]]

 [[67 73]]

 [[68 73]]

 [[69 73]]

 [[70 73]]

 [[71 73]]

 [[72 73]]

 [[73 73]]

 [[74 72]]

 [[75 72]]

 [[76 72]]

 [[77 72]]

 [[77 71]]

 [[77 70]]

 [[77 69]]

 [[77 68]]

 [[77 67]]

 [[77 66]]

 [[77 65]]

 [[77 64]]

 [[76 63]]]
[[[ 0  0]]

 [[66 44]]

 [[65 44]]

 [[64 44]]

 [[63 44]]

 [[62 44]]

 [[61 44]]

 [[60 44]]

 [[59 44]]

 [[58 44]]

 [[57 44]]

 [[56 44]]

 [[55 44]]

 [[54 44]]

 [[53 44]]

 [[52 44]]

 [[51 44]]

 [[50 44]]

 [[49 44]]

 [[48 45]]

 [[47 46]]

 [[47 47]]

 [[46 48]]

 [[46 49]]

 [[46 50]]

 [[46 51]]

 [[46 52]]

 [[47 53]]

 [[47 54]]

 [[48 54]]

 [[49 54]]

 [[50 54]]

 [[51 54]]

 [[52 54]]

 [[53 54]]

 [[54 54]]

 [[55 54]]

 [[56 54]]

 [[57 54]]

 [[58 54]]

 [[59 54]]

 [[60 53]]

 [[61 53]]

 [[62 53]]

 [[63 53]]

 [[64 53]]

 [[65 53]]

 [[66 53]]

 [[67 53]]

 [[68 52]]

 [[69 52]]

 [[70 52]]

 [[71 52]]

 [[72 51]]

 [[73 51]]

 [[74 51]]

 [[74 50]]

 [[75 49]]

 [[75 48]]

 [[75 47]]

 [[74 46]]

 [[74 45]]

 [[74 44]]

 [[74 43]]

 [[73 43]]

 [[72 43]]

 [[71 43]]

 [[70 43]]

 [[69 43]]

 [[68 43]]]
[[[  0   0]]

 [[180  12]]

 [[179  12]]

 [[178  12]]

 [[177  12]]

 [[176  12]]

 [[175  12]]

 [[174  13]]

 [[173  13]]

 [[172  13]]

 [[173  14]]

 [[173  15]]

 [[173  16]]

 [[173  17]]

 [[173  18]]

 [[174  19]]

 [[174  20]]

 [[174  21]]

 [[174  22]]

 [[174  23]]

 [[174  24]]

 [[174  25]]

 [[174  26]]

 [[174  27]]

 [[173  28]]

 [[173  29]]

 [[173  30]]

 [[174  31]]

 [[175  31]]

 [[176  31]]

 [[177  31]]

 [[178  31]]

 [[179  31]]

 [[180  31]]

 [[181  31]]

 [[182  32]]

 [[182  33]]

 [[182  34]]

 [[183  35]]

 [[184  35]]

 [[185  35]]

 [[186  34]]

 [[186  33]]

 [[185  32]]

 [[185  31]]

 [[185  30]]

 [[185  29]]

 [[185  28]]

 [[185  27]]

 [[184  26]]

 [[184  25]]

 [[184  24]]

 [[185  23]]

 [[185  22]]

 [[185  21]]

 [[185  20]]

 [[185  19]]

 [[185  18]]

 [[185  17]]

 [[185  16]]

 [[185  15]]

 [[185  14]]

 [[184  13]]

 [[184  12]]

 [[183  12]]

 [[182  11]]]
[[[  0   0]]

 [[370   2]]

 [[369   2]]

 [[368   3]]

 [[368   4]]

 [[368   5]]

 [[367   6]]

 [[368   7]]

 [[369   8]]

 [[370   8]]

 [[371   8]]

 [[372   8]]

 [[373   7]]

 [[374   6]]

 [[375   7]]

 [[376   8]]

 [[376   9]]

 [[376  10]]

 [[376  11]]

 [[375  12]]

 [[374  12]]

 [[375  12]]

 [[376  12]]

 [[377  12]]

 [[378  11]]

 [[379  11]]

 [[380  10]]

 [[381  10]]

 [[382  10]]

 [[383  11]]

 [[384  12]]

 [[385  12]]

 [[386  12]]

 [[387  12]]

 [[388  12]]

 [[389  12]]

 [[390  12]]

 [[391  12]]

 [[392  11]]

 [[393  11]]

 [[394  12]]

 [[395  12]]

 [[396  13]]

 [[397  13]]

 [[398  13]]

 [[399  12]]

 [[400  12]]

 [[401  12]]

 [[402  12]]

 [[403  12]]

 [[404  12]]

 [[405  12]]

 [[406  12]]

 [[407  12]]

 [[407  11]]

 [[408  10]]

 [[408   9]]

 [[407   8]]

 [[407   7]]

 [[407   6]]

 [[406   6]]

 [[405   5]]

 [[404   5]]

 [[403   5]]

 [[402   5]]

 [[401   5]]

 [[400   5]]

 [[399   5]]

 [[398   5]]

 [[397   5]]

 [[396   4]]

 [[395   4]]

 [[394   3]]

 [[394   2]]

 [[394   1]]

 [[393   1]]

 [[393   2]]

 [[392   3]]

 [[391   4]]

 [[390   4]]

 [[389   5]]

 [[388   5]]

 [[387   5]]

 [[386   5]]

 [[385   5]]

 [[384   5]]

 [[383   5]]

 [[382   4]]

 [[381   4]]

 [[380   4]]

 [[379   4]]

 [[378   4]]

 [[377   4]]

 [[376   3]]

 [[375   3]]

 [[374   2]]

 [[373   2]]

 [[372   2]]]
