[[[  0   0]]

 [[388  58]]

 [[388  59]]

 [[387  60]]

 [[386  61]]

 [[387  62]]

 [[387  63]]

 [[387  64]]

 [[386  65]]

 [[386  66]]

 [[387  66]]

 [[388  67]]

 [[389  67]]

 [[390  68]]

 [[391  69]]

 [[391  70]]

 [[391  71]]

 [[391  72]]

 [[390  73]]

 [[389  74]]

 [[389  75]]

 [[389  76]]

 [[389  77]]

 [[390  77]]

 [[391  78]]

 [[392  78]]

 [[393  78]]

 [[394  79]]

 [[395  79]]

 [[396  79]]

 [[397  79]]

 [[398  79]]

 [[399  79]]

 [[400  79]]

 [[401  80]]

 [[402  80]]

 [[403  80]]

 [[404  80]]

 [[405  80]]

 [[406  80]]

 [[407  81]]

 [[408  81]]

 [[409  82]]

 [[410  83]]

 [[410  84]]

 [[410  85]]

 [[410  86]]

 [[409  87]]

 [[409  88]]

 [[409  89]]

 [[409  90]]

 [[409  91]]

 [[410  92]]

 [[411  93]]

 [[412  93]]

 [[413  93]]

 [[414  93]]

 [[415  93]]

 [[416  94]]

 [[417  94]]

 [[418  94]]

 [[419  94]]

 [[420  95]]

 [[421  95]]

 [[422  95]]

 [[423  95]]

 [[424  95]]

 [[425  95]]

 [[426  96]]

 [[427  96]]

 [[428  96]]

 [[429  96]]

 [[430  97]]

 [[431  97]]

 [[432  97]]

 [[433  97]]

 [[434  97]]

 [[435  97]]

 [[436  97]]

 [[437  97]]

 [[438  97]]

 [[439  97]]

 [[440  97]]

 [[441  97]]

 [[442  97]]

 [[443  97]]

 [[444  97]]

 [[445  98]]

 [[445  99]]

 [[445 100]]

 [[445 101]]

 [[445 102]]

 [[444 103]]

 [[444 104]]

 [[444 105]]

 [[443 106]]

 [[442 106]]

 [[441 107]]

 [[440 107]]

 [[439 108]]

 [[438 109]]

 [[438 110]]

 [[437 111]]

 [[438 112]]

 [[438 113]]

 [[439 112]]

 [[440 112]]

 [[440 111]]

 [[441 110]]

 [[442 110]]

 [[443 110]]

 [[444 111]]

 [[445 111]]

 [[446 111]]

 [[447 112]]

 [[448 113]]

 [[449 113]]

 [[450 114]]

 [[451 114]]

 [[452 114]]

 [[453 114]]

 [[454 115]]

 [[455 115]]

 [[456 115]]

 [[457 116]]

 [[458 116]]

 [[459 116]]

 [[460 116]]

 [[461 116]]

 [[462 117]]

 [[463 117]]

 [[464 118]]

 [[465 118]]

 [[466 118]]

 [[467 118]]

 [[468 118]]

 [[469 118]]

 [[470 118]]

 [[471 118]]

 [[472 118]]

 [[473 118]]

 [[474 118]]

 [[475 118]]

 [[476 118]]

 [[477 118]]

 [[478 118]]

 [[479 118]]

 [[480 118]]

 [[481 118]]

 [[482 118]]

 [[483 118]]

 [[484 118]]

 [[485 118]]

 [[486 118]]

 [[487 118]]

 [[488 117]]

 [[489 117]]

 [[490 116]]

 [[490 115]]

 [[490 114]]

 [[490 113]]

 [[490 112]]

 [[490 111]]

 [[490 110]]

 [[491 109]]

 [[491 108]]

 [[491 107]]

 [[491 106]]

 [[491 105]]

 [[491 104]]

 [[491 103]]

 [[490 103]]

 [[489 103]]

 [[488 103]]

 [[487 103]]

 [[486 103]]

 [[485 103]]

 [[484 104]]

 [[483 104]]

 [[482 104]]

 [[481 104]]

 [[480 104]]

 [[479 104]]

 [[478 104]]

 [[477 104]]

 [[476 104]]

 [[475 104]]

 [[474 104]]

 [[473 104]]

 [[472 104]]

 [[471 104]]

 [[470 104]]

 [[469 104]]

 [[468 104]]

 [[467 104]]

 [[466 104]]

 [[465 104]]

 [[464 104]]

 [[463 104]]

 [[462 103]]

 [[461 103]]

 [[460 103]]

 [[459 103]]

 [[458 102]]

 [[457 102]]

 [[456 101]]

 [[455 101]]

 [[454 100]]

 [[453 100]]

 [[452 100]]

 [[451 100]]

 [[450 100]]

 [[449  99]]

 [[448  99]]

 [[447  98]]

 [[446  97]]

 [[446  96]]

 [[446  95]]

 [[446  94]]

 [[446  93]]

 [[446  92]]

 [[446  91]]

 [[446  90]]

 [[446  89]]

 [[446  88]]

 [[446  87]]

 [[446  86]]

 [[446  85]]

 [[446  84]]

 [[445  84]]

 [[444  84]]

 [[443  84]]

 [[442  84]]

 [[441  84]]

 [[440  84]]

 [[439  84]]

 [[438  84]]

 [[437  84]]

 [[436  84]]

 [[435  84]]

 [[434  84]]

 [[433  84]]

 [[432  84]]

 [[431  84]]

 [[430  84]]

 [[429  84]]

 [[428  84]]

 [[427  84]]

 [[426  83]]

 [[425  83]]

 [[424  83]]

 [[423  83]]

 [[422  83]]

 [[421  82]]

 [[420  82]]

 [[419  82]]

 [[418  81]]

 [[417  81]]

 [[416  81]]

 [[415  80]]

 [[414  80]]

 [[413  80]]

 [[412  79]]

 [[411  78]]

 [[411  77]]

 [[411  76]]

 [[411  75]]

 [[411  74]]

 [[411  73]]

 [[410  72]]

 [[410  71]]

 [[409  71]]

 [[408  71]]

 [[407  70]]

 [[406  70]]

 [[405  70]]

 [[404  70]]

 [[403  70]]

 [[402  70]]

 [[401  70]]

 [[400  69]]

 [[399  69]]

 [[398  69]]

 [[397  68]]

 [[396  68]]

 [[395  68]]

 [[394  67]]

 [[393  66]]

 [[392  65]]

 [[392  64]]

 [[392  63]]

 [[392  62]]

 [[392  61]]

 [[392  60]]

 [[392  59]]

 [[391  58]]

 [[390  57]]]
[[[  0   0]]

 [[498  49]]

 [[499  50]]

 [[500  51]]

 [[501  52]]

 [[502  53]]

 [[503  54]]

 [[504  55]]

 [[505  56]]

 [[506  56]]

 [[507  57]]

 [[507  58]]

 [[507  59]]

 [[507  60]]

 [[507  61]]

 [[507  62]]

 [[508  63]]

 [[508  64]]

 [[509  65]]

 [[510  65]]

 [[511  65]]

 [[512  65]]

 [[513  66]]

 [[514  66]]

 [[515  66]]

 [[516  66]]

 [[517  66]]

 [[518  66]]

 [[519  67]]

 [[520  67]]

 [[521  67]]

 [[522  67]]

 [[523  67]]

 [[524  67]]

 [[525  68]]

 [[526  68]]

 [[527  68]]

 [[528  68]]

 [[529  69]]

 [[530  69]]

 [[531  69]]

 [[532  69]]

 [[533  69]]

 [[534  69]]

 [[535  69]]

 [[536  69]]

 [[537  69]]

 [[538  69]]

 [[539  70]]

 [[540  70]]

 [[541  70]]

 [[542  70]]

 [[543  70]]

 [[544  70]]

 [[545  70]]

 [[546  70]]

 [[547  70]]

 [[548  71]]

 [[549  71]]

 [[550  71]]

 [[551  70]]

 [[551  69]]

 [[550  68]]

 [[549  67]]

 [[548  66]]

 [[547  65]]

 [[546  64]]

 [[545  64]]

 [[544  63]]

 [[543  63]]

 [[542  62]]

 [[541  62]]

 [[540  62]]

 [[539  62]]

 [[538  62]]

 [[537  62]]

 [[536  62]]

 [[535  61]]

 [[534  61]]

 [[533  61]]

 [[532  61]]

 [[531  61]]

 [[530  62]]

 [[530  63]]

 [[530  64]]

 [[529  65]]

 [[528  65]]

 [[527  65]]

 [[526  64]]

 [[525  64]]

 [[524  63]]

 [[524  62]]

 [[524  61]]

 [[523  61]]

 [[522  60]]

 [[521  60]]

 [[520  60]]

 [[519  59]]

 [[518  59]]

 [[517  59]]

 [[516  59]]

 [[515  58]]

 [[514  58]]

 [[513  58]]

 [[512  58]]

 [[511  58]]

 [[510  57]]

 [[509  57]]

 [[508  57]]

 [[507  56]]

 [[506  55]]

 [[506  54]]

 [[505  54]]

 [[504  53]]

 [[503  52]]

 [[502  51]]

 [[502  50]]

 [[501  49]]

 [[500  48]]

 [[499  48]]

 [[498  48]]]
[[[  0   0]]

 [[627  40]]

 [[627  41]]

 [[627  42]]

 [[627  43]]

 [[627  44]]

 [[627  45]]

 [[627  46]]

 [[626  47]]

 [[626  48]]

 [[625  49]]

 [[625  50]]

 [[625  51]]

 [[624  52]]

 [[624  53]]

 [[623  54]]

 [[623  55]]

 [[622  56]]

 [[622  57]]

 [[622  58]]

 [[622  59]]

 [[622  60]]

 [[622  61]]

 [[622  62]]

 [[622  63]]

 [[621  64]]

 [[621  65]]

 [[621  66]]

 [[621  67]]

 [[621  68]]

 [[621  69]]

 [[621  70]]

 [[621  71]]

 [[621  72]]

 [[622  73]]

 [[623  73]]

 [[624  73]]

 [[625  73]]

 [[626  74]]

 [[627  75]]

 [[628  76]]

 [[627  77]]

 [[628  78]]

 [[628  79]]

 [[628  80]]

 [[628  81]]

 [[628  82]]

 [[629  83]]

 [[630  84]]

 [[631  84]]

 [[632  84]]

 [[633  84]]

 [[634  84]]

 [[635  83]]

 [[636  83]]

 [[636  82]]

 [[636  81]]

 [[636  80]]

 [[636  79]]

 [[636  78]]

 [[636  77]]

 [[636  76]]

 [[636  75]]

 [[636  74]]

 [[635  73]]

 [[634  72]]

 [[633  71]]

 [[633  70]]

 [[633  69]]

 [[633  68]]

 [[633  67]]

 [[633  66]]

 [[633  65]]

 [[632  64]]

 [[631  63]]

 [[631  62]]

 [[631  61]]

 [[630  60]]

 [[630  59]]

 [[630  58]]

 [[630  57]]

 [[630  56]]

 [[630  55]]

 [[630  54]]

 [[630  53]]

 [[631  52]]

 [[631  51]]

 [[631  50]]

 [[631  49]]

 [[631  48]]

 [[631  47]]

 [[631  46]]

 [[631  45]]

 [[631  44]]

 [[631  43]]

 [[630  42]]

 [[630  41]]

 [[630  40]]

 [[630  39]]

 [[629  39]]]
[[[  0   0]]

 [[411  24]]

 [[411  25]]

 [[411  26]]

 [[412  26]]

 [[413  26]]

 [[414  26]]

 [[415  25]]

 [[416  26]]

 [[417  26]]

 [[418  27]]

 [[418  28]]

 [[418  29]]

 [[417  30]]

 [[416  31]]

 [[415  31]]

 [[414  30]]

 [[413  30]]

 [[412  30]]

 [[411  30]]

 [[410  29]]

 [[409  29]]

 [[408  28]]

 [[407  27]]

 [[406  27]]

 [[405  27]]

 [[404  27]]

 [[403  27]]

 [[402  27]]

 [[401  27]]

 [[400  27]]

 [[399  27]]

 [[398  28]]

 [[398  29]]

 [[398  30]]

 [[398  31]]

 [[399  31]]

 [[400  31]]

 [[401  31]]

 [[402  31]]

 [[403  31]]

 [[404  31]]

 [[405  31]]

 [[406  31]]

 [[407  31]]

 [[408  31]]

 [[409  31]]

 [[410  31]]

 [[411  31]]

 [[412  31]]

 [[413  32]]

 [[414  32]]

 [[415  32]]

 [[416  32]]

 [[417  32]]

 [[418  32]]

 [[419  33]]

 [[420  33]]

 [[421  34]]

 [[420  35]]

 [[419  35]]

 [[418  36]]

 [[417  36]]

 [[416  37]]

 [[416  38]]

 [[416  39]]

 [[416  40]]

 [[417  41]]

 [[418  41]]

 [[419  41]]

 [[420  41]]

 [[421  41]]

 [[422  40]]

 [[423  40]]

 [[424  40]]

 [[425  40]]

 [[426  40]]

 [[427  40]]

 [[428  40]]

 [[429  40]]

 [[430  41]]

 [[431  41]]

 [[432  41]]

 [[433  41]]

 [[434  41]]

 [[435  41]]

 [[436  41]]

 [[437  41]]

 [[438  41]]

 [[439  42]]

 [[440  42]]

 [[441  42]]

 [[442  42]]

 [[443  42]]

 [[444  42]]

 [[445  42]]

 [[446  42]]

 [[447  42]]

 [[448  42]]

 [[449  42]]

 [[450  42]]

 [[451  42]]

 [[452  42]]

 [[453  42]]

 [[454  41]]

 [[453  40]]

 [[452  40]]

 [[451  39]]

 [[450  38]]

 [[449  38]]

 [[448  38]]

 [[447  38]]

 [[446  37]]

 [[445  37]]

 [[444  37]]

 [[443  37]]

 [[442  37]]

 [[441  37]]

 [[440  37]]

 [[439  38]]

 [[438  38]]

 [[437  38]]

 [[436  38]]

 [[435  38]]

 [[434  38]]

 [[433  38]]

 [[432  37]]

 [[431  37]]

 [[430  37]]

 [[429  36]]

 [[428  35]]

 [[427  35]]

 [[426  34]]

 [[426  33]]

 [[426  32]]

 [[426  31]]

 [[426  30]]

 [[425  30]]

 [[424  29]]

 [[423  29]]

 [[422  28]]

 [[421  28]]

 [[420  27]]

 [[419  26]]

 [[420  25]]

 [[419  24]]

 [[418  24]]

 [[417  23]]

 [[416  23]]

 [[415  23]]

 [[414  23]]

 [[413  23]]

 [[412  23]]

 [[411  23]]]
[[[  0   0]]

 [[165  12]]

 [[165  13]]

 [[165  14]]

 [[165  15]]

 [[165  16]]

 [[165  17]]

 [[165  18]]

 [[165  19]]

 [[164  20]]

 [[165  21]]

 [[165  22]]

 [[165  23]]

 [[165  24]]

 [[165  25]]

 [[165  26]]

 [[165  27]]

 [[165  28]]

 [[165  29]]

 [[165  30]]

 [[165  31]]

 [[166  32]]

 [[167  33]]

 [[168  34]]

 [[168  35]]

 [[169  36]]

 [[169  37]]

 [[169  38]]

 [[168  39]]

 [[167  39]]

 [[166  40]]

 [[165  40]]

 [[164  41]]

 [[163  41]]

 [[162  41]]

 [[161  40]]

 [[160  40]]

 [[159  40]]

 [[158  40]]

 [[157  41]]

 [[156  41]]

 [[155  41]]

 [[154  41]]

 [[153  41]]

 [[152  41]]

 [[151  41]]

 [[150  41]]

 [[149  41]]

 [[148  40]]

 [[149  39]]

 [[148  38]]

 [[147  37]]

 [[146  37]]

 [[146  38]]

 [[146  39]]

 [[147  40]]

 [[146  41]]

 [[145  41]]

 [[144  41]]

 [[143  41]]

 [[142  41]]

 [[141  42]]

 [[140  43]]

 [[139  43]]

 [[138  43]]

 [[137  43]]

 [[136  43]]

 [[135  44]]

 [[135  45]]

 [[135  46]]

 [[135  47]]

 [[136  47]]

 [[137  47]]

 [[138  47]]

 [[139  46]]

 [[140  46]]

 [[141  45]]

 [[142  45]]

 [[143  44]]

 [[144  44]]

 [[145  45]]

 [[146  45]]

 [[147  45]]

 [[148  44]]

 [[149  44]]

 [[150  44]]

 [[151  44]]

 [[152  44]]

 [[153  44]]

 [[154  44]]

 [[155  44]]

 [[156  44]]

 [[157  44]]

 [[158  45]]

 [[159  45]]

 [[160  45]]

 [[161  46]]

 [[162  46]]

 [[163  45]]

 [[164  44]]

 [[165  43]]

 [[166  43]]

 [[167  42]]

 [[168  41]]

 [[168  40]]

 [[169  39]]

 [[169  38]]

 [[169  37]]

 [[169  36]]

 [[169  35]]

 [[169  34]]

 [[169  33]]

 [[169  32]]

 [[169  31]]

 [[169  30]]

 [[169  29]]

 [[169  28]]

 [[168  27]]

 [[168  26]]

 [[168  25]]

 [[169  24]]

 [[170  23]]

 [[171  22]]

 [[172  22]]

 [[173  21]]

 [[173  20]]

 [[172  19]]

 [[171  19]]

 [[170  18]]

 [[170  17]]

 [[170  16]]

 [[170  15]]

 [[170  14]]

 [[171  13]]

 [[170  13]]

 [[169  12]]

 [[168  12]]

 [[167  11]]]
[[[  0   0]]

 [[474   5]]

 [[473   5]]

 [[473   6]]

 [[472   7]]

 [[473   8]]

 [[473   9]]

 [[474  10]]

 [[474  11]]

 [[474  12]]

 [[474  13]]

 [[474  14]]

 [[474  15]]

 [[473  16]]

 [[473  17]]

 [[473  18]]

 [[474  19]]

 [[475  19]]

 [[476  18]]

 [[476  17]]

 [[476  16]]

 [[476  15]]

 [[477  14]]

 [[478  14]]

 [[479  14]]

 [[480  14]]

 [[481  14]]

 [[482  15]]

 [[483  16]]

 [[484  17]]

 [[484  18]]

 [[485  19]]

 [[486  19]]

 [[487  19]]

 [[488  19]]

 [[489  20]]

 [[490  21]]

 [[491  21]]

 [[492  22]]

 [[493  22]]

 [[494  23]]

 [[495  23]]

 [[496  24]]

 [[496  25]]

 [[497  26]]

 [[497  27]]

 [[498  27]]

 [[499  27]]

 [[500  27]]

 [[501  28]]

 [[501  29]]

 [[502  30]]

 [[502  31]]

 [[503  32]]

 [[504  33]]

 [[505  34]]

 [[506  34]]

 [[507  34]]

 [[508  34]]

 [[509  34]]

 [[510  34]]

 [[510  33]]

 [[511  32]]

 [[512  32]]

 [[513  32]]

 [[514  32]]

 [[515  32]]

 [[516  32]]

 [[517  32]]

 [[518  31]]

 [[519  32]]

 [[520  31]]

 [[520  30]]

 [[520  29]]

 [[519  28]]

 [[520  27]]

 [[519  26]]

 [[520  25]]

 [[520  24]]

 [[519  24]]

 [[518  25]]

 [[517  24]]

 [[516  24]]

 [[515  23]]

 [[515  22]]

 [[514  21]]

 [[514  20]]

 [[513  20]]

 [[513  21]]

 [[512  22]]

 [[511  22]]

 [[510  22]]

 [[509  22]]

 [[508  22]]

 [[507  21]]

 [[506  22]]

 [[505  23]]

 [[505  24]]

 [[505  25]]

 [[504  26]]

 [[503  26]]

 [[502  26]]

 [[501  26]]

 [[500  25]]

 [[499  24]]

 [[499  23]]

 [[499  22]]

 [[499  21]]

 [[498  21]]

 [[497  20]]

 [[496  20]]

 [[495  19]]

 [[495  18]]

 [[494  19]]

 [[493  19]]

 [[492  18]]

 [[491  18]]

 [[490  17]]

 [[489  17]]

 [[488  16]]

 [[488  15]]

 [[489  14]]

 [[488  14]]

 [[487  13]]

 [[486  13]]

 [[485  13]]

 [[484  13]]

 [[483  13]]

 [[482  12]]

 [[481  11]]

 [[480  10]]

 [[480   9]]

 [[479   8]]

 [[478   7]]

 [[477   6]]

 [[476   5]]]
[[[  0   0]]

 [[542   2]]

 [[542   3]]

 [[541   4]]

 [[542   5]]

 [[542   6]]

 [[542   7]]

 [[542   8]]

 [[543   9]]

 [[544  10]]

 [[545  11]]

 [[546  12]]

 [[546  13]]

 [[546  14]]

 [[545  15]]

 [[544  15]]

 [[543  14]]

 [[542  14]]

 [[541  14]]

 [[540  13]]

 [[539  14]]

 [[540  15]]

 [[540  16]]

 [[541  17]]

 [[540  18]]

 [[541  18]]

 [[542  18]]

 [[543  18]]

 [[544  19]]

 [[545  20]]

 [[545  21]]

 [[546  22]]

 [[546  23]]

 [[547  24]]

 [[547  25]]

 [[548  26]]

 [[548  27]]

 [[548  28]]

 [[548  29]]

 [[548  30]]

 [[547  31]]

 [[547  32]]

 [[546  33]]

 [[546  34]]

 [[546  35]]

 [[547  36]]

 [[548  37]]

 [[548  38]]

 [[548  39]]

 [[548  40]]

 [[547  41]]

 [[548  42]]

 [[548  43]]

 [[548  44]]

 [[547  45]]

 [[546  46]]

 [[545  46]]

 [[544  46]]

 [[543  46]]

 [[542  46]]

 [[541  45]]

 [[541  44]]

 [[540  43]]

 [[539  42]]

 [[538  42]]

 [[537  41]]

 [[537  40]]

 [[537  39]]

 [[537  38]]

 [[537  39]]

 [[537  40]]

 [[537  41]]

 [[537  42]]

 [[536  43]]

 [[535  43]]

 [[534  42]]

 [[534  41]]

 [[534  40]]

 [[534  39]]

 [[534  38]]

 [[534  37]]

 [[533  37]]

 [[532  37]]

 [[531  37]]

 [[530  38]]

 [[529  38]]

 [[528  38]]

 [[527  38]]

 [[526  37]]

 [[525  36]]

 [[524  36]]

 [[523  36]]

 [[522  36]]

 [[521  36]]

 [[520  37]]

 [[519  37]]

 [[518  38]]

 [[517  39]]

 [[517  40]]

 [[518  41]]

 [[518  42]]

 [[519  43]]

 [[520  43]]

 [[521  42]]

 [[522  42]]

 [[523  42]]

 [[524  43]]

 [[525  44]]

 [[525  45]]

 [[526  45]]

 [[527  45]]

 [[528  44]]

 [[528  43]]

 [[529  42]]

 [[529  41]]

 [[529  40]]

 [[529  39]]

 [[530  38]]

 [[531  39]]

 [[531  40]]

 [[531  41]]

 [[531  42]]

 [[532  42]]

 [[533  42]]

 [[534  43]]

 [[534  44]]

 [[535  45]]

 [[536  46]]

 [[537  46]]

 [[538  47]]

 [[539  47]]

 [[540  47]]

 [[541  47]]

 [[542  47]]

 [[543  47]]

 [[544  47]]

 [[545  47]]

 [[546  47]]

 [[547  46]]

 [[548  46]]

 [[549  46]]

 [[550  45]]

 [[550  44]]

 [[550  43]]

 [[551  42]]

 [[551  41]]

 [[551  40]]

 [[551  39]]

 [[551  38]]

 [[551  37]]

 [[552  36]]

 [[552  35]]

 [[551  34]]

 [[550  33]]

 [[549  32]]

 [[549  31]]

 [[549  30]]

 [[550  29]]

 [[550  28]]

 [[551  27]]

 [[551  26]]

 [[551  25]]

 [[551  24]]

 [[551  23]]

 [[551  22]]

 [[550  21]]

 [[550  20]]

 [[550  19]]

 [[550  18]]

 [[550  17]]

 [[550  16]]

 [[550  15]]

 [[550  14]]

 [[550  13]]

 [[550  12]]

 [[550  11]]

 [[550  10]]

 [[550   9]]

 [[550   8]]

 [[550   7]]

 [[549   6]]

 [[548   7]]

 [[547   6]]

 [[546   5]]

 [[545   4]]

 [[545   3]]

 [[545   2]]

 [[545   1]]

 [[544   1]]

 [[543   1]]]
[[[  0   0]]

 [[349   2]]

 [[349   3]]

 ..., 
 [[352   1]]

 [[351   1]]

 [[350   1]]]
[[[  0   0]]

 [[244   2]]

 [[243   3]]

 [[242   2]]

 [[241   3]]

 [[240   3]]

 [[240   4]]

 [[240   5]]

 [[240   6]]

 [[239   7]]

 [[239   8]]

 [[239   9]]

 [[239  10]]

 [[239  11]]

 [[238  12]]

 [[238  13]]

 [[238  14]]

 [[238  15]]

 [[238  16]]

 [[238  17]]

 [[238  18]]

 [[238  19]]

 [[238  20]]

 [[238  21]]

 [[238  22]]

 [[238  23]]

 [[238  24]]

 [[238  25]]

 [[238  26]]

 [[238  27]]

 [[238  28]]

 [[237  29]]

 [[237  30]]

 [[237  31]]

 [[237  32]]

 [[237  33]]

 [[238  34]]

 [[238  35]]

 [[239  36]]

 [[240  37]]

 [[241  38]]

 [[242  38]]

 [[243  38]]

 [[244  38]]

 [[245  39]]

 [[246  39]]

 [[247  39]]

 [[248  39]]

 [[249  38]]

 [[250  38]]

 [[251  39]]

 [[252  39]]

 [[253  39]]

 [[254  38]]

 [[255  38]]

 [[256  38]]

 [[257  38]]

 [[258  38]]

 [[259  38]]

 [[260  37]]

 [[261  37]]

 [[261  36]]

 [[262  35]]

 [[263  34]]

 [[264  34]]

 [[265  33]]

 [[266  33]]

 [[267  34]]

 [[268  35]]

 [[269  36]]

 [[269  37]]

 [[269  38]]

 [[269  39]]

 [[270  39]]

 [[271  39]]

 [[272  39]]

 [[273  39]]

 [[274  39]]

 [[275  39]]

 [[276  39]]

 [[277  39]]

 [[278  39]]

 [[279  39]]

 [[280  39]]

 [[281  39]]

 [[282  39]]

 [[283  39]]

 [[284  39]]

 [[285  39]]

 [[286  39]]

 [[287  38]]

 [[288  38]]

 [[289  38]]

 [[290  37]]

 [[290  36]]

 [[291  35]]

 [[291  34]]

 [[291  33]]

 [[292  32]]

 [[292  31]]

 [[292  30]]

 [[292  29]]

 [[292  28]]

 [[292  27]]

 [[292  26]]

 [[292  25]]

 [[291  24]]

 [[291  23]]

 [[291  22]]

 [[291  21]]

 [[291  20]]

 [[291  19]]

 [[291  18]]

 [[291  17]]

 [[291  16]]

 [[291  15]]

 [[291  14]]

 [[291  13]]

 [[291  12]]

 [[290  11]]

 [[290  10]]

 [[290   9]]

 [[291   8]]

 [[291   7]]

 [[290   6]]

 [[289   5]]

 [[288   4]]

 [[287   3]]

 [[287   2]]

 [[287   1]]

 [[286   1]]

 [[285   1]]

 [[284   1]]

 [[284   2]]

 [[284   3]]

 [[284   4]]

 [[283   5]]

 [[283   6]]

 [[284   7]]

 [[285   7]]

 [[286   7]]

 [[287   8]]

 [[288   9]]

 [[288  10]]

 [[288  11]]

 [[288  12]]

 [[288  13]]

 [[288  14]]

 [[288  15]]

 [[288  16]]

 [[288  17]]

 [[288  18]]

 [[288  19]]

 [[288  20]]

 [[288  21]]

 [[288  22]]

 [[288  23]]

 [[288  24]]

 [[289  25]]

 [[289  26]]

 [[289  27]]

 [[288  28]]

 [[288  29]]

 [[289  30]]

 [[289  31]]

 [[289  32]]

 [[289  33]]

 [[288  34]]

 [[287  35]]

 [[286  35]]

 [[285  36]]

 [[284  36]]

 [[283  36]]

 [[282  36]]

 [[281  36]]

 [[280  36]]

 [[279  36]]

 [[278  36]]

 [[277  36]]

 [[276  36]]

 [[275  36]]

 [[274  36]]

 [[273  35]]

 [[273  34]]

 [[273  33]]

 [[273  32]]

 [[272  32]]

 [[271  32]]

 [[270  33]]

 [[269  34]]

 [[268  33]]

 [[268  32]]

 [[268  31]]

 [[268  30]]

 [[268  29]]

 [[268  28]]

 [[268  27]]

 [[268  26]]

 [[268  25]]

 [[268  24]]

 [[268  23]]

 [[269  22]]

 [[269  21]]

 [[269  20]]

 [[269  19]]

 [[269  18]]

 [[269  17]]

 [[268  16]]

 [[268  15]]

 [[268  14]]

 [[268  13]]

 [[269  12]]

 [[269  11]]

 [[269  10]]

 [[269   9]]

 [[269   8]]

 [[270   7]]

 [[271   6]]

 [[271   5]]

 [[270   4]]

 [[270   3]]

 [[270   2]]

 [[270   1]]

 [[269   1]]

 [[269   2]]

 [[269   3]]

 [[268   4]]

 [[268   5]]

 [[268   6]]

 [[267   7]]

 [[266   6]]

 [[266   5]]

 [[266   4]]

 [[266   3]]

 [[266   2]]

 [[266   1]]

 [[265   1]]

 [[265   2]]

 [[265   3]]

 [[265   4]]

 [[265   5]]

 [[265   6]]

 [[265   7]]

 [[265   8]]

 [[265   9]]

 [[265  10]]

 [[265  11]]

 [[265  12]]

 [[265  13]]

 [[264  14]]

 [[263  14]]

 [[262  14]]

 [[261  15]]

 [[261  16]]

 [[261  17]]

 [[261  18]]

 [[261  19]]

 [[261  20]]

 [[261  21]]

 [[261  22]]

 [[262  23]]

 [[262  24]]

 [[262  25]]

 [[262  26]]

 [[262  27]]

 [[262  28]]

 [[262  29]]

 [[262  30]]

 [[262  31]]

 [[262  32]]

 [[262  33]]

 [[261  34]]

 [[260  35]]

 [[259  34]]

 [[259  33]]

 [[258  32]]

 [[257  32]]

 [[256  32]]

 [[255  33]]

 [[255  34]]

 [[254  35]]

 [[253  35]]

 [[252  35]]

 [[251  35]]

 [[250  35]]

 [[249  35]]

 [[248  35]]

 [[247  36]]

 [[246  36]]

 [[245  36]]

 [[244  35]]

 [[243  35]]

 [[242  35]]

 [[241  34]]

 [[240  33]]

 [[240  32]]

 [[240  31]]

 [[240  30]]

 [[240  29]]

 [[241  28]]

 [[241  27]]

 [[241  26]]

 [[241  25]]

 [[241  24]]

 [[241  23]]

 [[241  22]]

 [[241  21]]

 [[241  20]]

 [[241  19]]

 [[241  18]]

 [[241  17]]

 [[241  16]]

 [[241  15]]

 [[241  14]]

 [[241  13]]

 [[241  12]]

 [[241  11]]

 [[241  10]]

 [[241   9]]

 [[241   8]]

 [[242   7]]

 [[243   6]]

 [[244   6]]

 [[245   5]]

 [[246   5]]

 [[247   5]]

 [[248   5]]

 [[249   5]]

 [[250   5]]

 [[251   5]]

 [[252   4]]

 [[252   3]]

 [[252   2]]

 [[252   1]]

 [[251   1]]

 [[250   1]]

 [[249   1]]

 [[248   1]]

 [[247   1]]

 [[246   1]]

 [[245   1]]]
[[[  0   0]]

 [[147   2]]

 [[146   2]]

 [[145   3]]

 [[144   3]]

 [[143   4]]

 [[143   5]]

 [[143   6]]

 [[144   7]]

 [[143   8]]

 [[143   9]]

 [[142  10]]

 [[142  11]]

 [[141  12]]

 [[140  13]]

 [[139  13]]

 [[138  13]]

 [[137  13]]

 [[136  14]]

 [[136  15]]

 [[137  15]]

 [[138  15]]

 [[139  16]]

 [[140  16]]

 [[141  17]]

 [[141  18]]

 [[141  19]]

 [[141  20]]

 [[141  21]]

 [[141  22]]

 [[141  23]]

 [[140  24]]

 [[140  25]]

 [[140  26]]

 [[140  27]]

 [[140  28]]

 [[140  29]]

 [[140  30]]

 [[140  31]]

 [[141  32]]

 [[141  33]]

 [[141  34]]

 [[141  35]]

 [[141  36]]

 [[141  37]]

 [[141  38]]

 [[142  39]]

 [[143  39]]

 [[143  38]]

 [[144  37]]

 [[144  36]]

 [[143  35]]

 [[143  34]]

 [[144  33]]

 [[144  32]]

 [[144  31]]

 [[145  30]]

 [[145  29]]

 [[145  28]]

 [[145  27]]

 [[145  26]]

 [[145  25]]

 [[144  24]]

 [[144  23]]

 [[144  22]]

 [[144  21]]

 [[144  20]]

 [[144  19]]

 [[143  18]]

 [[144  17]]

 [[144  16]]

 [[144  15]]

 [[144  14]]

 [[144  13]]

 [[143  12]]

 [[144  11]]

 [[144  10]]

 [[144   9]]

 [[145   8]]

 [[146   7]]

 [[147   8]]

 [[148   8]]

 [[149   8]]

 [[150   8]]

 [[151   8]]

 [[152   7]]

 [[153   6]]

 [[154   6]]

 [[155   7]]

 [[156   7]]

 [[157   7]]

 [[158   8]]

 [[159   8]]

 [[160   8]]

 [[161   8]]

 [[162   8]]

 [[163   8]]

 [[164   9]]

 [[165   9]]

 [[166   8]]

 [[167   8]]

 [[168   7]]

 [[167   6]]

 [[166   6]]

 [[165   5]]

 [[165   4]]

 [[164   4]]

 [[163   4]]

 [[162   3]]

 [[162   2]]

 [[162   1]]

 [[161   1]]

 [[160   1]]

 [[159   1]]

 [[158   2]]

 [[157   3]]

 [[156   3]]

 [[155   3]]

 [[154   3]]

 [[153   2]]

 [[153   1]]

 [[152   1]]

 [[152   2]]

 [[151   3]]

 [[150   3]]

 [[149   2]]]
