[[[  0   0]]

 [[498 100]]

 [[498 101]]

 [[498 102]]

 [[498 103]]

 [[497 104]]

 [[497 105]]

 [[497 106]]

 [[497 107]]

 [[497 108]]

 [[497 109]]

 [[497 110]]

 [[498 111]]

 [[499 111]]

 [[500 112]]

 [[501 113]]

 [[502 113]]

 [[503 114]]

 [[504 115]]

 [[505 116]]

 [[506 116]]

 [[507 117]]

 [[508 117]]

 [[509 118]]

 [[510 118]]

 [[511 118]]

 [[512 119]]

 [[513 120]]

 [[514 120]]

 [[515 120]]

 [[516 120]]

 [[517 121]]

 [[518 121]]

 [[519 121]]

 [[520 121]]

 [[521 121]]

 [[522 121]]

 [[523 122]]

 [[524 122]]

 [[525 122]]

 [[526 122]]

 [[527 122]]

 [[528 122]]

 [[529 122]]

 [[530 122]]

 [[531 123]]

 [[532 123]]

 [[533 123]]

 [[534 122]]

 [[535 122]]

 [[536 122]]

 [[537 122]]

 [[538 121]]

 [[538 120]]

 [[538 119]]

 [[539 118]]

 [[539 117]]

 [[539 116]]

 [[539 115]]

 [[540 114]]

 [[540 113]]

 [[540 112]]

 [[541 111]]

 [[541 110]]

 [[540 110]]

 [[539 110]]

 [[538 110]]

 [[537 110]]

 [[536 110]]

 [[535 110]]

 [[534 110]]

 [[533 110]]

 [[532 110]]

 [[531 110]]

 [[530 110]]

 [[529 110]]

 [[528 110]]

 [[527 110]]

 [[526 109]]

 [[525 109]]

 [[524 109]]

 [[523 109]]

 [[522 109]]

 [[521 109]]

 [[520 108]]

 [[519 108]]

 [[518 108]]

 [[517 108]]

 [[516 107]]

 [[515 107]]

 [[514 106]]

 [[513 106]]

 [[512 106]]

 [[511 105]]

 [[510 105]]

 [[509 104]]

 [[508 104]]

 [[507 103]]

 [[506 103]]

 [[505 102]]

 [[504 102]]

 [[503 101]]

 [[502 100]]

 [[501  99]]

 [[500  99]]

 [[499  99]]]
[[[  0   0]]

 [[252  90]]

 [[252  91]]

 [[251  92]]

 [[250  93]]

 [[249  93]]

 [[249  94]]

 [[248  95]]

 [[247  96]]

 [[246  97]]

 [[246  98]]

 [[245  99]]

 [[244  99]]

 [[243  99]]

 [[242  99]]

 [[241 100]]

 [[241 101]]

 [[241 102]]

 [[240 103]]

 [[239 104]]

 [[238 104]]

 [[238 105]]

 [[239 105]]

 [[240 104]]

 [[241 104]]

 [[242 103]]

 [[243 103]]

 [[244 103]]

 [[245 103]]

 [[246 103]]

 [[246 102]]

 [[246 101]]

 [[246 100]]

 [[247  99]]

 [[248  98]]

 [[249  98]]

 [[250  97]]

 [[251  97]]

 [[252  97]]

 [[253  98]]

 [[254  99]]

 [[254 100]]

 [[254 101]]

 [[255 102]]

 [[256 102]]

 [[257 103]]

 [[258 103]]

 [[259 103]]

 [[260 104]]

 [[261 104]]

 [[262 104]]

 [[263 104]]

 [[264 104]]

 [[265 104]]

 [[266 104]]

 [[267 104]]

 [[268 104]]

 [[269 104]]

 [[270 104]]

 [[271 104]]

 [[272 104]]

 [[273 105]]

 [[274 105]]

 [[275 105]]

 [[276 105]]

 [[277 105]]

 [[278 105]]

 [[279 105]]

 [[280 105]]

 [[281 105]]

 [[282 105]]

 [[283 105]]

 [[284 105]]

 [[285 105]]

 [[286 105]]

 [[287 105]]

 [[288 105]]

 [[289 105]]

 [[290 105]]

 [[291 105]]

 [[292 105]]

 [[293 105]]

 [[294 105]]

 [[295 105]]

 [[296 105]]

 [[297 105]]

 [[298 104]]

 [[299 104]]

 [[300 104]]

 [[301 104]]

 [[302 103]]

 [[303 103]]

 [[304 102]]

 [[305 102]]

 [[306 101]]

 [[306 100]]

 [[307  99]]

 [[306  98]]

 [[307  97]]

 [[308  97]]

 [[308  96]]

 [[308  95]]

 [[307  94]]

 [[306  94]]

 [[305  93]]

 [[304  93]]

 [[303  94]]

 [[302  94]]

 [[301  94]]

 [[300  95]]

 [[299  95]]

 [[298  95]]

 [[297  95]]

 [[296  95]]

 [[295  95]]

 [[294  95]]

 [[293  96]]

 [[292  96]]

 [[291  96]]

 [[290  96]]

 [[289  96]]

 [[288  96]]

 [[287  96]]

 [[286  96]]

 [[285  96]]

 [[284  96]]

 [[283  96]]

 [[282  96]]

 [[281  96]]

 [[280  95]]

 [[279  96]]

 [[278  95]]

 [[277  95]]

 [[276  95]]

 [[275  95]]

 [[274  95]]

 [[273  95]]

 [[272  95]]

 [[271  95]]

 [[270  95]]

 [[269  94]]

 [[268  94]]

 [[267  94]]

 [[266  94]]

 [[265  94]]

 [[264  94]]

 [[263  93]]

 [[262  93]]

 [[261  93]]

 [[260  93]]

 [[259  93]]

 [[258  92]]

 [[257  92]]

 [[256  91]]

 [[255  90]]

 [[254  89]]]
[[[  0   0]]

 [[218  87]]

 [[218  88]]

 ..., 
 [[220  89]]

 [[219  88]]

 [[218  87]]]
[[[  0   0]]

 [[504  75]]

 [[503  76]]

 [[503  77]]

 [[503  78]]

 [[503  79]]

 [[503  80]]

 [[503  81]]

 [[503  82]]

 [[503  83]]

 [[503  84]]

 [[504  85]]

 [[504  86]]

 [[505  87]]

 [[506  87]]

 [[507  88]]

 [[508  88]]

 [[509  89]]

 [[510  89]]

 [[511  89]]

 [[512  90]]

 [[513  90]]

 [[514  91]]

 [[515  91]]

 [[516  91]]

 [[517  92]]

 [[518  92]]

 [[519  93]]

 [[520  93]]

 [[521  93]]

 [[522  93]]

 [[523  93]]

 [[524  94]]

 [[525  94]]

 [[526  94]]

 [[527  94]]

 [[528  95]]

 [[529  95]]

 [[530  95]]

 [[531  95]]

 [[532  95]]

 [[533  95]]

 [[534  95]]

 [[535  95]]

 [[536  95]]

 [[537  95]]

 [[538  95]]

 [[539  95]]

 [[540  95]]

 [[541  95]]

 [[542  95]]

 [[543  95]]

 [[544  95]]

 [[544  94]]

 [[544  93]]

 [[545  92]]

 [[545  91]]

 [[545  90]]

 [[545  89]]

 [[546  88]]

 [[546  87]]

 [[546  86]]

 [[547  85]]

 [[547  84]]

 [[546  83]]

 [[545  83]]

 [[544  83]]

 [[543  83]]

 [[542  83]]

 [[541  83]]

 [[540  83]]

 [[539  83]]

 [[538  83]]

 [[537  83]]

 [[536  83]]

 [[535  83]]

 [[534  83]]

 [[533  83]]

 [[532  82]]

 [[531  82]]

 [[530  82]]

 [[529  81]]

 [[528  81]]

 [[527  81]]

 [[526  81]]

 [[525  81]]

 [[524  80]]

 [[523  80]]

 [[522  80]]

 [[521  80]]

 [[520  79]]

 [[519  79]]

 [[518  79]]

 [[517  78]]

 [[516  78]]

 [[515  78]]

 [[514  77]]

 [[513  77]]

 [[512  77]]

 [[511  76]]

 [[510  76]]

 [[509  75]]

 [[508  75]]

 [[507  74]]

 [[506  74]]

 [[505  74]]]
[[[  0   0]]

 [[308  50]]

 [[308  51]]

 [[308  52]]

 [[308  53]]

 [[308  54]]

 [[309  55]]

 [[310  56]]

 [[310  57]]

 [[310  58]]

 [[310  59]]

 [[310  60]]

 [[310  61]]

 [[310  62]]

 [[309  63]]

 [[308  63]]

 [[307  62]]

 [[306  61]]

 [[305  61]]

 [[304  61]]

 [[303  61]]

 [[302  62]]

 [[301  62]]

 [[300  62]]

 [[299  62]]

 [[298  62]]

 [[297  62]]

 [[296  62]]

 [[295  62]]

 [[294  62]]

 [[293  62]]

 [[292  61]]

 [[291  61]]

 [[290  61]]

 [[289  61]]

 [[288  62]]

 [[287  62]]

 [[286  62]]

 [[285  62]]

 [[284  61]]

 [[283  61]]

 [[282  61]]

 [[281  61]]

 [[280  61]]

 [[279  62]]

 [[278  61]]

 [[277  61]]

 [[276  61]]

 [[275  61]]

 [[274  61]]

 [[273  61]]

 [[272  61]]

 [[271  61]]

 [[270  60]]

 [[269  60]]

 [[268  60]]

 [[267  60]]

 [[266  60]]

 [[265  60]]

 [[264  60]]

 [[263  60]]

 [[262  59]]

 [[261  59]]

 [[260  59]]

 [[259  59]]

 [[258  59]]

 [[257  59]]

 [[256  60]]

 [[256  61]]

 [[256  62]]

 [[256  63]]

 [[255  64]]

 [[255  65]]

 [[255  66]]

 [[255  67]]

 [[255  68]]

 [[256  69]]

 [[257  69]]

 [[258  69]]

 [[259  70]]

 [[260  70]]

 [[261  70]]

 [[262  70]]

 [[263  70]]

 [[264  70]]

 [[265  71]]

 [[266  71]]

 [[267  71]]

 [[268  71]]

 [[269  71]]

 [[270  72]]

 [[271  71]]

 [[272  72]]

 [[273  72]]

 [[274  72]]

 [[275  72]]

 [[276  72]]

 [[277  72]]

 [[278  72]]

 [[279  72]]

 [[280  72]]

 [[281  72]]

 [[282  72]]

 [[283  72]]

 [[284  72]]

 [[285  73]]

 [[286  73]]

 [[287  73]]

 [[288  73]]

 [[289  72]]

 [[290  72]]

 [[291  72]]

 [[292  72]]

 [[293  72]]

 [[294  72]]

 [[295  72]]

 [[296  72]]

 [[297  72]]

 [[298  72]]

 [[299  72]]

 [[300  71]]

 [[301  71]]

 [[302  71]]

 [[303  70]]

 [[304  70]]

 [[305  69]]

 [[306  69]]

 [[307  69]]

 [[308  69]]

 [[309  68]]

 [[309  67]]

 [[308  66]]

 [[308  65]]

 [[308  64]]

 [[309  63]]

 [[310  62]]

 [[311  63]]

 [[312  63]]

 [[313  63]]

 [[314  63]]

 [[315  63]]

 [[316  62]]

 [[317  62]]

 [[318  62]]

 [[319  62]]

 [[318  62]]

 [[317  61]]

 [[317  60]]

 [[316  59]]

 [[315  59]]

 [[314  58]]

 [[314  57]]

 [[314  56]]

 [[313  55]]

 [[312  55]]

 [[311  54]]

 [[311  53]]

 [[310  52]]

 [[310  51]]

 [[310  50]]

 [[309  49]]]
[[[  0   0]]

 [[299  21]]

 [[298  22]]

 [[297  23]]

 [[296  24]]

 [[295  24]]

 [[294  24]]

 [[293  24]]

 [[292  24]]

 [[292  25]]

 [[292  26]]

 [[292  27]]

 [[292  28]]

 [[292  29]]

 [[292  30]]

 [[292  31]]

 [[292  32]]

 [[291  33]]

 [[290  34]]

 [[289  34]]

 [[288  35]]

 [[287  35]]

 [[286  36]]

 [[285  36]]

 [[284  35]]

 [[283  34]]

 [[283  33]]

 [[282  32]]

 [[282  31]]

 [[282  30]]

 [[281  29]]

 [[281  28]]

 [[281  27]]

 [[281  26]]

 [[282  25]]

 [[282  24]]

 [[282  23]]

 [[281  23]]

 [[280  24]]

 [[279  24]]

 [[279  25]]

 [[279  26]]

 [[279  27]]

 [[279  28]]

 [[278  29]]

 [[277  30]]

 [[276  31]]

 [[275  31]]

 [[274  31]]

 [[273  31]]

 [[272  31]]

 [[271  30]]

 [[270  30]]

 [[269  29]]

 [[268  28]]

 [[267  28]]

 [[266  29]]

 [[265  30]]

 [[264  30]]

 [[263  31]]

 [[262  31]]

 [[261  30]]

 [[260  30]]

 [[259  29]]

 [[258  29]]

 [[257  28]]

 [[256  28]]

 [[255  28]]

 [[254  28]]

 [[254  29]]

 [[254  30]]

 [[255  31]]

 [[255  32]]

 [[256  33]]

 [[255  34]]

 [[255  35]]

 [[254  36]]

 [[253  37]]

 [[252  37]]

 [[251  37]]

 [[250  37]]

 [[249  38]]

 [[249  39]]

 [[249  40]]

 [[249  41]]

 [[250  42]]

 [[251  42]]

 [[252  43]]

 [[253  44]]

 [[254  45]]

 [[254  46]]

 [[254  47]]

 [[253  48]]

 [[252  49]]

 [[251  50]]

 [[250  50]]

 [[249  49]]

 [[248  48]]

 [[247  48]]

 [[248  49]]

 [[249  50]]

 [[249  51]]

 [[249  52]]

 [[249  53]]

 [[250  54]]

 [[250  55]]

 [[251  55]]

 [[252  55]]

 [[253  55]]

 [[253  54]]

 [[254  53]]

 [[254  52]]

 [[255  51]]

 [[255  50]]

 [[256  49]]

 [[256  48]]

 [[257  47]]

 [[257  46]]

 [[257  45]]

 [[257  44]]

 [[257  43]]

 [[256  42]]

 [[255  41]]

 [[255  40]]

 [[254  39]]

 [[254  38]]

 [[254  37]]

 [[255  36]]

 [[256  35]]

 [[257  35]]

 [[258  34]]

 [[259  35]]

 [[260  35]]

 [[261  35]]

 [[262  35]]

 [[263  35]]

 [[264  36]]

 [[265  36]]

 [[266  36]]

 [[267  36]]

 [[268  36]]

 [[269  36]]

 [[270  37]]

 [[271  37]]

 [[272  37]]

 [[273  37]]

 [[274  37]]

 [[275  37]]

 [[276  37]]

 [[277  37]]

 [[278  37]]

 [[279  37]]

 [[280  37]]

 [[281  37]]

 [[282  37]]

 [[283  37]]

 [[284  37]]

 [[285  37]]

 [[286  37]]

 [[287  38]]

 [[288  38]]

 [[289  38]]

 [[290  38]]

 [[291  38]]

 [[292  38]]

 [[293  38]]

 [[294  38]]

 [[295  38]]

 [[296  38]]

 [[297  38]]

 [[298  38]]

 [[299  38]]

 [[300  38]]

 [[301  37]]

 [[302  37]]

 [[303  37]]

 [[304  37]]

 [[305  37]]

 [[306  37]]

 [[307  38]]

 [[308  39]]

 [[309  40]]

 [[310  41]]

 [[311  42]]

 [[310  43]]

 [[310  44]]

 [[310  45]]

 [[310  46]]

 [[310  47]]

 [[311  47]]

 [[312  48]]

 [[313  48]]

 [[314  48]]

 [[315  47]]

 [[315  46]]

 [[315  45]]

 [[314  44]]

 [[313  43]]

 [[312  43]]

 [[311  42]]

 [[311  41]]

 [[311  40]]

 [[312  39]]

 [[313  39]]

 [[314  39]]

 [[315  39]]

 [[316  39]]

 [[317  39]]

 [[318  39]]

 [[319  40]]

 [[320  41]]

 [[321  42]]

 [[322  42]]

 [[323  42]]

 [[324  41]]

 [[325  41]]

 [[326  40]]

 [[327  40]]

 [[328  40]]

 [[329  41]]

 [[330  41]]

 [[331  41]]

 [[332  41]]

 [[333  41]]

 [[334  41]]

 [[335  42]]

 [[336  42]]

 [[337  43]]

 [[338  43]]

 [[339  42]]

 [[340  42]]

 [[341  42]]

 [[342  41]]

 [[343  41]]

 [[343  40]]

 [[342  40]]

 [[341  39]]

 [[340  38]]

 [[339  37]]

 [[338  36]]

 [[337  36]]

 [[336  37]]

 [[335  38]]

 [[334  38]]

 [[333  38]]

 [[332  38]]

 [[331  38]]

 [[330  38]]

 [[329  38]]

 [[328  38]]

 [[327  38]]

 [[326  37]]

 [[325  37]]

 [[324  36]]

 [[324  35]]

 [[323  34]]

 [[322  35]]

 [[321  36]]

 [[320  37]]

 [[319  37]]

 [[318  37]]

 [[317  37]]

 [[316  36]]

 [[315  35]]

 [[315  34]]

 [[314  33]]

 [[314  32]]

 [[314  31]]

 [[315  30]]

 [[314  30]]

 [[313  31]]

 [[313  32]]

 [[313  33]]

 [[312  34]]

 [[311  34]]

 [[310  34]]

 [[309  34]]

 [[308  34]]

 [[307  34]]

 [[306  33]]

 [[305  33]]

 [[304  33]]

 [[303  32]]

 [[302  33]]

 [[301  32]]

 [[300  32]]

 [[299  31]]

 [[298  30]]

 [[298  29]]

 [[297  28]]

 [[297  27]]

 [[298  26]]

 [[299  25]]

 [[300  24]]

 [[301  23]]

 [[301  22]]

 [[301  21]]]
[[[  0   0]]

 [[588  15]]

 [[587  15]]

 [[586  15]]

 [[585  16]]

 [[585  17]]

 [[585  18]]

 [[586  19]]

 [[587  20]]

 [[588  20]]

 [[589  21]]

 [[590  22]]

 [[591  22]]

 [[592  21]]

 [[593  21]]

 [[594  21]]

 [[595  21]]

 [[596  21]]

 [[597  22]]

 [[598  22]]

 [[599  22]]

 [[600  23]]

 [[601  23]]

 [[602  23]]

 [[603  23]]

 [[604  23]]

 [[605  23]]

 [[606  24]]

 [[607  25]]

 [[607  26]]

 [[608  26]]

 [[609  26]]

 [[610  26]]

 [[611  26]]

 [[612  27]]

 [[613  27]]

 [[614  26]]

 [[615  27]]

 [[616  27]]

 [[617  27]]

 [[618  28]]

 [[619  29]]

 [[620  29]]

 [[621  29]]

 [[622  29]]

 [[623  30]]

 [[624  30]]

 [[625  30]]

 [[626  29]]

 [[627  29]]

 [[628  29]]

 [[629  29]]

 [[630  30]]

 [[631  31]]

 [[632  30]]

 [[633  29]]

 [[634  28]]

 [[635  28]]

 [[636  27]]

 [[637  28]]

 [[638  28]]

 [[638  27]]

 [[637  27]]

 [[636  27]]

 [[635  27]]

 [[634  27]]

 [[633  27]]

 [[632  27]]

 [[631  28]]

 [[630  28]]

 [[629  28]]

 [[628  29]]

 [[627  29]]

 [[626  29]]

 [[625  28]]

 [[624  27]]

 [[624  26]]

 [[623  25]]

 [[622  24]]

 [[621  24]]

 [[620  24]]

 [[619  23]]

 [[618  23]]

 [[617  23]]

 [[616  22]]

 [[615  21]]

 [[614  20]]

 [[613  19]]

 [[612  20]]

 [[611  20]]

 [[610  20]]

 [[609  19]]

 [[608  19]]

 [[607  20]]

 [[606  19]]

 [[605  18]]

 [[604  17]]

 [[603  17]]

 [[602  17]]

 [[601  17]]

 [[600  16]]

 [[599  16]]

 [[598  16]]

 [[597  16]]

 [[596  15]]

 [[595  15]]

 [[594  15]]

 [[593  14]]

 [[592  14]]

 [[591  14]]

 [[590  14]]]
