[[[  0   0]]

 [[620  23]]

 [[619  24]]

 [[618  24]]

 [[618  25]]

 [[619  25]]

 [[620  26]]

 [[621  26]]

 [[622  27]]

 [[622  28]]

 [[622  29]]

 [[622  30]]

 [[622  31]]

 [[621  32]]

 [[620  32]]

 [[619  31]]

 [[618  31]]

 [[617  30]]

 [[617  29]]

 [[616  28]]

 [[616  27]]

 [[616  26]]

 [[616  25]]

 [[616  24]]

 [[615  25]]

 [[615  26]]

 [[615  27]]

 [[615  28]]

 [[616  28]]

 [[617  29]]

 [[617  30]]

 [[616  31]]

 [[615  31]]

 [[614  30]]

 [[613  30]]

 [[612  31]]

 [[611  31]]

 [[611  32]]

 [[611  33]]

 [[611  34]]

 [[611  35]]

 [[611  36]]

 [[611  37]]

 [[612  38]]

 [[612  39]]

 [[612  38]]

 [[613  37]]

 [[613  36]]

 [[613  35]]

 [[613  34]]

 [[613  33]]

 [[614  32]]

 [[615  32]]

 [[616  33]]

 [[617  34]]

 [[618  35]]

 [[618  36]]

 [[618  37]]

 [[618  38]]

 [[618  39]]

 [[618  40]]

 [[617  41]]

 [[616  42]]

 [[615  42]]

 [[614  42]]

 [[613  41]]

 [[614  42]]

 [[614  43]]

 [[614  44]]

 [[615  45]]

 [[615  46]]

 [[615  47]]

 [[615  48]]

 [[614  49]]

 [[614  50]]

 [[613  51]]

 [[613  52]]

 [[612  53]]

 [[612  54]]

 [[612  55]]

 [[611  56]]

 [[612  57]]

 [[612  58]]

 [[613  59]]

 [[613  60]]

 [[612  61]]

 [[612  62]]

 [[611  63]]

 [[610  63]]

 [[609  63]]

 [[608  63]]

 [[607  63]]

 [[606  63]]

 [[605  62]]

 [[604  62]]

 [[603  61]]

 [[602  61]]

 [[601  60]]

 [[600  60]]

 [[599  60]]

 [[598  59]]

 [[597  59]]

 [[596  59]]

 [[595  58]]

 [[596  57]]

 [[596  56]]

 [[596  55]]

 [[597  54]]

 [[597  53]]

 [[597  52]]

 [[597  51]]

 [[597  50]]

 [[598  49]]

 [[598  48]]

 [[597  49]]

 [[596  50]]

 [[595  51]]

 [[595  52]]

 [[595  53]]

 [[594  54]]

 [[595  55]]

 [[595  56]]

 [[595  57]]

 [[594  58]]

 [[593  58]]

 [[593  59]]

 [[593  60]]

 [[593  61]]

 [[592  62]]

 [[592  63]]

 [[592  64]]

 [[592  65]]

 [[591  66]]

 [[591  67]]

 [[590  68]]

 [[589  68]]

 [[589  69]]

 [[589  70]]

 [[589  71]]

 [[589  72]]

 [[589  73]]

 [[588  74]]

 [[588  75]]

 [[588  76]]

 [[588  77]]

 [[588  78]]

 [[588  79]]

 [[588  80]]

 [[588  81]]

 [[588  82]]

 [[588  83]]

 [[588  84]]

 [[588  85]]

 [[588  86]]

 [[588  87]]

 [[588  88]]

 [[588  89]]

 [[588  90]]

 [[587  91]]

 [[587  92]]

 [[586  93]]

 [[586  94]]

 [[586  95]]

 [[586  96]]

 [[585  97]]

 [[585  98]]

 [[584  99]]

 [[583 100]]

 [[582 100]]

 [[581 100]]

 [[580 101]]

 [[579 102]]

 [[578 103]]

 [[577 103]]

 [[576 102]]

 [[577 101]]

 [[576 101]]

 [[575 101]]

 [[574 101]]

 [[573 102]]

 [[574 103]]

 [[575 102]]

 [[576 102]]

 [[577 103]]

 [[578 104]]

 [[578 105]]

 [[579 105]]

 [[580 105]]

 [[581 105]]

 [[582 105]]

 [[583 105]]

 [[584 104]]

 [[585 104]]

 [[586 104]]

 [[586 103]]

 [[586 102]]

 [[586 101]]

 [[587 100]]

 [[587  99]]

 [[587  98]]

 [[588  97]]

 [[588  96]]

 [[589  95]]

 [[589  94]]

 [[589  93]]

 [[589  92]]

 [[589  91]]

 [[590  90]]

 [[590  89]]

 [[590  88]]

 [[591  87]]

 [[591  86]]

 [[591  85]]

 [[591  84]]

 [[591  83]]

 [[590  82]]

 [[590  81]]

 [[590  80]]

 [[590  79]]

 [[591  78]]

 [[591  77]]

 [[591  76]]

 [[591  75]]

 [[591  74]]

 [[592  73]]

 [[593  74]]

 [[593  75]]

 [[593  76]]

 [[593  75]]

 [[593  74]]

 [[593  73]]

 [[593  72]]

 [[592  71]]

 [[592  70]]

 [[592  69]]

 [[592  68]]

 [[593  67]]

 [[593  66]]

 [[593  65]]

 [[593  64]]

 [[594  63]]

 [[594  62]]

 [[595  61]]

 [[596  61]]

 [[597  61]]

 [[598  62]]

 [[599  62]]

 [[600  62]]

 [[601  63]]

 [[602  63]]

 [[603  63]]

 [[604  64]]

 [[605  64]]

 [[606  64]]

 [[607  64]]

 [[608  65]]

 [[609  65]]

 [[610  66]]

 [[611  67]]

 [[611  68]]

 [[610  69]]

 [[609  70]]

 [[609  71]]

 [[609  72]]

 [[609  73]]

 [[609  74]]

 [[610  75]]

 [[609  76]]

 [[609  77]]

 [[608  78]]

 [[608  79]]

 [[607  80]]

 [[607  81]]

 [[606  82]]

 [[605  83]]

 [[605  84]]

 [[606  85]]

 [[606  86]]

 [[606  87]]

 [[606  88]]

 [[605  89]]

 [[605  90]]

 [[605  91]]

 [[605  92]]

 [[605  93]]

 [[605  94]]

 [[605  95]]

 [[604  96]]

 [[603  97]]

 [[603  98]]

 [[603  99]]

 [[603 100]]

 [[602 101]]

 [[601 102]]

 [[600 102]]

 [[600 103]]

 [[601 103]]

 [[602 104]]

 [[602 105]]

 [[602 106]]

 [[602 107]]

 [[602 108]]

 [[601 109]]

 [[601 110]]

 [[601 111]]

 [[601 112]]

 [[600 113]]

 [[599 113]]

 [[598 113]]

 [[597 113]]

 [[596 112]]

 [[596 111]]

 [[596 110]]

 [[596 109]]

 [[596 108]]

 [[595 107]]

 [[595 106]]

 [[595 105]]

 [[596 104]]

 [[596 103]]

 [[596 102]]

 [[597 101]]

 [[597 100]]

 [[598  99]]

 [[598  98]]

 [[598  97]]

 [[599  96]]

 [[599  95]]

 [[599  94]]

 [[599  93]]

 [[599  92]]

 [[599  91]]

 [[598  90]]

 [[597  90]]

 [[596  90]]

 [[596  91]]

 [[596  92]]

 [[595  93]]

 [[595  94]]

 [[595  95]]

 [[595  96]]

 [[595  97]]

 [[594  98]]

 [[594  99]]

 [[594 100]]

 [[593 101]]

 [[593 102]]

 [[593 103]]

 [[592 104]]

 [[592 105]]

 [[592 106]]

 [[592 107]]

 [[592 108]]

 [[592 109]]

 [[591 110]]

 [[591 111]]

 [[590 112]]

 [[589 112]]

 [[588 112]]

 [[587 111]]

 [[586 111]]

 [[585 110]]

 [[584 110]]

 [[583 110]]

 [[582 110]]

 [[583 111]]

 [[584 111]]

 [[585 112]]

 [[586 112]]

 [[587 112]]

 [[588 113]]

 [[589 113]]

 [[590 114]]

 [[591 114]]

 [[592 115]]

 [[593 116]]

 [[594 117]]

 [[595 118]]

 [[596 118]]

 [[597 119]]

 [[598 118]]

 [[599 118]]

 [[600 118]]

 [[600 117]]

 [[599 116]]

 [[599 115]]

 [[599 114]]

 [[600 113]]

 [[601 112]]

 [[602 112]]

 [[603 113]]

 [[604 114]]

 [[604 113]]

 [[604 112]]

 [[604 111]]

 [[604 110]]

 [[604 109]]

 [[604 108]]

 [[604 107]]

 [[604 106]]

 [[604 105]]

 [[604 104]]

 [[605 103]]

 [[605 102]]

 [[606 101]]

 [[606 100]]

 [[606  99]]

 [[606  98]]

 [[606  97]]

 [[607  96]]

 [[607  95]]

 [[608  94]]

 [[608  93]]

 [[607  92]]

 [[607  91]]

 [[607  90]]

 [[608  89]]

 [[608  88]]

 [[609  87]]

 [[610  86]]

 [[610  85]]

 [[610  84]]

 [[611  83]]

 [[610  82]]

 [[610  81]]

 [[610  80]]

 [[610  79]]

 [[610  78]]

 [[611  77]]

 [[612  76]]

 [[613  75]]

 [[613  74]]

 [[613  73]]

 [[612  72]]

 [[612  71]]

 [[612  70]]

 [[612  69]]

 [[612  68]]

 [[613  67]]

 [[614  66]]

 [[614  65]]

 [[613  64]]

 [[613  63]]

 [[614  62]]

 [[614  61]]

 [[614  60]]

 [[614  59]]

 [[615  58]]

 [[615  57]]

 [[615  56]]

 [[615  55]]

 [[614  54]]

 [[614  53]]

 [[614  52]]

 [[614  51]]

 [[615  50]]

 [[615  49]]

 [[615  48]]

 [[616  47]]

 [[616  46]]

 [[616  45]]

 [[616  44]]

 [[617  43]]

 [[617  42]]

 [[618  41]]

 [[619  41]]

 [[620  41]]

 [[621  40]]

 [[621  39]]

 [[622  38]]

 [[622  37]]

 [[623  36]]

 [[624  35]]

 [[624  34]]

 [[625  33]]

 [[624  32]]

 [[624  31]]

 [[624  30]]

 [[624  29]]

 [[623  28]]

 [[623  27]]

 [[622  26]]

 [[622  25]]

 [[621  24]]

 [[620  23]]]
