[[[  0   0]]

 [[ 67 194]]

 [[ 67 195]]

 [[ 67 196]]

 [[ 67 197]]

 [[ 68 198]]

 [[ 69 199]]

 [[ 69 200]]

 [[ 70 201]]

 [[ 71 202]]

 [[ 71 203]]

 [[ 72 204]]

 [[ 72 205]]

 [[ 73 206]]

 [[ 73 207]]

 [[ 73 208]]

 [[ 74 209]]

 [[ 75 209]]

 [[ 76 209]]

 [[ 77 209]]

 [[ 78 209]]

 [[ 79 209]]

 [[ 80 210]]

 [[ 81 210]]

 [[ 82 210]]

 [[ 83 209]]

 [[ 84 208]]

 [[ 85 209]]

 [[ 86 210]]

 [[ 87 211]]

 [[ 88 212]]

 [[ 89 212]]

 [[ 90 213]]

 [[ 89 214]]

 [[ 88 215]]

 [[ 87 215]]

 [[ 86 215]]

 [[ 85 215]]

 [[ 85 216]]

 [[ 85 217]]

 [[ 86 218]]

 [[ 87 218]]

 [[ 88 219]]

 [[ 89 220]]

 [[ 89 221]]

 [[ 90 222]]

 [[ 91 223]]

 [[ 90 224]]

 [[ 91 225]]

 [[ 92 225]]

 [[ 93 226]]

 [[ 94 227]]

 [[ 94 228]]

 [[ 93 229]]

 [[ 92 229]]

 [[ 93 229]]

 [[ 94 229]]

 [[ 95 230]]

 [[ 96 230]]

 [[ 97 231]]

 [[ 98 232]]

 [[ 99 233]]

 [[ 99 234]]

 [[ 99 235]]

 [[ 99 236]]

 [[ 99 237]]

 [[ 99 238]]

 [[100 239]]

 [[101 239]]

 [[102 239]]

 [[103 239]]

 [[104 240]]

 [[105 240]]

 [[106 241]]

 [[107 242]]

 [[107 243]]

 [[107 244]]

 [[107 245]]

 [[107 246]]

 [[107 247]]

 [[107 248]]

 [[107 249]]

 [[107 250]]

 [[107 251]]

 [[107 252]]

 [[106 253]]

 [[105 254]]

 [[106 254]]

 [[107 254]]

 [[108 254]]

 [[109 255]]

 [[109 256]]

 [[110 257]]

 [[110 258]]

 [[111 258]]

 [[112 258]]

 [[113 258]]

 [[114 258]]

 [[115 258]]

 [[116 258]]

 [[117 258]]

 [[118 257]]

 [[119 257]]

 [[120 257]]

 [[121 256]]

 [[120 255]]

 [[121 254]]

 [[121 253]]

 [[122 252]]

 [[122 251]]

 [[122 250]]

 [[121 249]]

 [[122 248]]

 [[122 247]]

 [[122 246]]

 [[122 245]]

 [[122 244]]

 [[123 243]]

 [[122 242]]

 [[121 241]]

 [[121 240]]

 [[121 239]]

 [[120 238]]

 [[119 237]]

 [[118 236]]

 [[118 235]]

 [[118 234]]

 [[117 233]]

 [[117 232]]

 [[117 231]]

 [[116 231]]

 [[115 230]]

 [[114 230]]

 [[113 230]]

 [[112 230]]

 [[111 229]]

 [[111 228]]

 [[110 227]]

 [[110 226]]

 [[110 225]]

 [[109 224]]

 [[109 223]]

 [[108 223]]

 [[107 222]]

 [[107 221]]

 [[106 220]]

 [[106 219]]

 [[105 218]]

 [[105 217]]

 [[104 216]]

 [[103 215]]

 [[102 215]]

 [[101 214]]

 [[100 213]]

 [[ 99 212]]

 [[ 98 211]]

 [[ 99 210]]

 [[100 210]]

 [[101 209]]

 [[102 208]]

 [[101 208]]

 [[100 209]]

 [[ 99 208]]

 [[ 98 208]]

 [[ 97 207]]

 [[ 96 206]]

 [[ 95 205]]

 [[ 94 204]]

 [[ 93 203]]

 [[ 92 202]]

 [[ 91 202]]

 [[ 90 202]]

 [[ 89 201]]

 [[ 88 200]]

 [[ 87 199]]

 [[ 87 198]]

 [[ 86 198]]

 [[ 85 198]]

 [[ 84 197]]

 [[ 84 196]]

 [[ 83 196]]

 [[ 82 195]]

 [[ 81 194]]

 [[ 81 193]]

 [[ 80 194]]

 [[ 79 195]]

 [[ 78 196]]

 [[ 77 196]]

 [[ 76 196]]

 [[ 75 196]]

 [[ 74 196]]

 [[ 73 197]]

 [[ 72 196]]

 [[ 72 195]]

 [[ 71 194]]

 [[ 71 193]]

 [[ 70 193]]

 [[ 69 193]]

 [[ 68 193]]]
[[[  0   0]]

 [[  1 146]]

 [[  1 147]]

 [[  1 148]]

 [[  1 149]]

 [[  1 150]]

 [[  1 151]]

 [[  1 152]]

 [[  1 153]]

 [[  1 154]]

 [[  1 155]]

 [[  1 156]]

 [[  2 156]]

 [[  3 156]]

 [[  4 157]]

 [[  4 158]]

 [[  5 158]]

 [[  6 159]]

 [[  7 160]]

 [[  8 160]]

 [[  9 160]]

 [[ 10 160]]

 [[ 11 160]]

 [[ 12 160]]

 [[ 13 161]]

 [[ 14 160]]

 [[ 15 160]]

 [[ 16 160]]

 [[ 17 161]]

 [[ 18 161]]

 [[ 19 160]]

 [[ 20 160]]

 [[ 21 161]]

 [[ 22 161]]

 [[ 23 162]]

 [[ 24 162]]

 [[ 25 163]]

 [[ 25 164]]

 [[ 24 165]]

 [[ 24 166]]

 [[ 24 167]]

 [[ 23 168]]

 [[ 23 169]]

 [[ 23 170]]

 [[ 24 171]]

 [[ 25 170]]

 [[ 26 170]]

 [[ 27 170]]

 [[ 28 170]]

 [[ 29 171]]

 [[ 30 171]]

 [[ 31 172]]

 [[ 32 172]]

 [[ 33 172]]

 [[ 34 173]]

 [[ 35 173]]

 [[ 36 173]]

 [[ 37 173]]

 [[ 38 173]]

 [[ 39 173]]

 [[ 40 174]]

 [[ 41 175]]

 [[ 42 176]]

 [[ 43 176]]

 [[ 44 176]]

 [[ 45 177]]

 [[ 46 177]]

 [[ 47 178]]

 [[ 47 179]]

 [[ 48 180]]

 [[ 49 181]]

 [[ 50 182]]

 [[ 51 182]]

 [[ 52 182]]

 [[ 53 183]]

 [[ 54 183]]

 [[ 55 184]]

 [[ 56 185]]

 [[ 57 185]]

 [[ 58 186]]

 [[ 59 186]]

 [[ 60 186]]

 [[ 61 186]]

 [[ 62 187]]

 [[ 63 187]]

 [[ 64 187]]

 [[ 65 187]]

 [[ 66 188]]

 [[ 66 189]]

 [[ 67 189]]

 [[ 68 189]]

 [[ 69 189]]

 [[ 70 189]]

 [[ 71 190]]

 [[ 71 191]]

 [[ 72 191]]

 [[ 73 191]]

 [[ 74 190]]

 [[ 75 190]]

 [[ 75 189]]

 [[ 76 188]]

 [[ 76 187]]

 [[ 76 186]]

 [[ 76 185]]

 [[ 75 184]]

 [[ 74 183]]

 [[ 73 182]]

 [[ 72 182]]

 [[ 71 182]]

 [[ 70 181]]

 [[ 70 180]]

 [[ 69 179]]

 [[ 68 178]]

 [[ 67 178]]

 [[ 66 177]]

 [[ 65 177]]

 [[ 64 177]]

 [[ 63 177]]

 [[ 62 176]]

 [[ 61 176]]

 [[ 60 176]]

 [[ 59 175]]

 [[ 58 175]]

 [[ 57 175]]

 [[ 56 174]]

 [[ 55 173]]

 [[ 54 172]]

 [[ 54 171]]

 [[ 54 170]]

 [[ 53 169]]

 [[ 52 168]]

 [[ 52 167]]

 [[ 52 166]]

 [[ 52 165]]

 [[ 52 164]]

 [[ 51 163]]

 [[ 50 163]]

 [[ 49 164]]

 [[ 48 165]]

 [[ 47 164]]

 [[ 46 164]]

 [[ 45 164]]

 [[ 44 164]]

 [[ 43 165]]

 [[ 42 165]]

 [[ 41 165]]

 [[ 40 165]]

 [[ 39 165]]

 [[ 38 164]]

 [[ 38 163]]

 [[ 37 163]]

 [[ 36 163]]

 [[ 35 163]]

 [[ 34 162]]

 [[ 33 161]]

 [[ 33 160]]

 [[ 33 159]]

 [[ 34 158]]

 [[ 33 157]]

 [[ 33 156]]

 [[ 32 156]]

 [[ 31 155]]

 [[ 30 156]]

 [[ 29 157]]

 [[ 28 157]]

 [[ 27 156]]

 [[ 26 156]]

 [[ 25 155]]

 [[ 24 156]]

 [[ 23 157]]

 [[ 22 156]]

 [[ 22 155]]

 [[ 21 154]]

 [[ 20 153]]

 [[ 19 152]]

 [[ 18 152]]

 [[ 17 151]]

 [[ 16 152]]

 [[ 15 153]]

 [[ 14 153]]

 [[ 13 152]]

 [[ 12 151]]

 [[ 11 151]]

 [[ 10 150]]

 [[  9 150]]

 [[  8 150]]

 [[  7 150]]

 [[  6 150]]

 [[  5 149]]

 [[  4 149]]

 [[  3 148]]

 [[  2 147]]

 [[  2 146]]]
[[[  0   0]]

 [[288  85]]

 [[287  86]]

 ..., 
 [[291  85]]

 [[290  84]]

 [[289  84]]]
[[[  0   0]]

 [[216  71]]

 [[216  72]]

 [[216  73]]

 [[217  73]]

 [[218  74]]

 [[219  75]]

 [[220  76]]

 [[221  77]]

 [[221  78]]

 [[222  78]]

 [[223  79]]

 [[224  79]]

 [[225  79]]

 [[226  79]]

 [[227  78]]

 [[228  78]]

 [[229  78]]

 [[230  78]]

 [[231  79]]

 [[232  78]]

 [[233  78]]

 [[234  78]]

 [[235  79]]

 [[236  79]]

 [[237  80]]

 [[238  80]]

 [[239  81]]

 [[240  81]]

 [[241  81]]

 [[242  81]]

 [[243  81]]

 [[244  81]]

 [[245  81]]

 [[246  82]]

 [[247  82]]

 [[248  81]]

 [[249  81]]

 [[250  81]]

 [[251  81]]

 [[252  81]]

 [[253  82]]

 [[254  83]]

 [[255  84]]

 [[256  84]]

 [[257  84]]

 [[258  84]]

 [[259  84]]

 [[260  84]]

 [[261  84]]

 [[262  85]]

 [[263  85]]

 [[264  85]]

 [[265  86]]

 [[266  86]]

 [[267  85]]

 [[268  85]]

 [[269  85]]

 [[270  86]]

 [[271  86]]

 [[272  86]]

 [[273  87]]

 [[274  87]]

 [[275  88]]

 [[276  89]]

 [[277  89]]

 [[278  89]]

 [[277  88]]

 [[276  87]]

 [[276  86]]

 [[275  85]]

 [[274  85]]

 [[273  84]]

 [[272  83]]

 [[271  83]]

 [[270  83]]

 [[269  82]]

 [[268  81]]

 [[267  82]]

 [[266  82]]

 [[265  81]]

 [[264  80]]

 [[263  79]]

 [[262  79]]

 [[261  79]]

 [[260  78]]

 [[259  78]]

 [[258  78]]

 [[257  77]]

 [[256  77]]

 [[255  77]]

 [[254  77]]

 [[253  77]]

 [[252  77]]

 [[251  78]]

 [[250  78]]

 [[249  78]]

 [[248  78]]

 [[247  78]]

 [[246  77]]

 [[245  76]]

 [[244  76]]

 [[243  76]]

 [[242  76]]

 [[241  76]]

 [[240  76]]

 [[239  76]]

 [[238  75]]

 [[237  75]]

 [[236  75]]

 [[235  75]]

 [[234  75]]

 [[233  75]]

 [[232  75]]

 [[231  74]]

 [[230  73]]

 [[229  73]]

 [[228  72]]

 [[227  72]]

 [[226  72]]

 [[225  72]]

 [[224  72]]

 [[223  72]]

 [[222  72]]

 [[221  72]]

 [[220  71]]

 [[219  71]]

 [[218  70]]]
[[[  0   0]]

 [[111  59]]

 [[112  60]]

 [[112  61]]

 [[112  62]]

 [[111  63]]

 [[111  64]]

 [[112  64]]

 [[113  64]]

 [[114  64]]

 [[115  63]]

 [[116  64]]

 [[117  65]]

 [[118  65]]

 [[119  66]]

 [[120  65]]

 [[121  65]]

 [[122  65]]

 [[123  65]]

 [[124  64]]

 [[125  65]]

 [[126  65]]

 [[127  66]]

 [[128  66]]

 [[129  66]]

 [[130  66]]

 [[131  67]]

 [[132  68]]

 [[133  68]]

 [[134  68]]

 [[135  69]]

 [[136  68]]

 [[137  68]]

 [[138  68]]

 [[139  68]]

 [[140  69]]

 [[141  69]]

 [[142  69]]

 [[143  69]]

 [[144  69]]

 [[145  69]]

 [[146  69]]

 [[147  68]]

 [[148  68]]

 [[149  68]]

 [[150  68]]

 [[151  68]]

 [[152  69]]

 [[153  69]]

 [[154  68]]

 [[155  69]]

 [[156  69]]

 [[157  68]]

 [[158  68]]

 [[159  68]]

 [[160  68]]

 [[161  69]]

 [[162  69]]

 [[163  69]]

 [[164  69]]

 [[165  70]]

 [[166  70]]

 [[167  71]]

 [[168  71]]

 [[169  71]]

 [[170  71]]

 [[171  71]]

 [[172  71]]

 [[173  71]]

 [[174  71]]

 [[175  71]]

 [[176  71]]

 [[177  71]]

 [[178  71]]

 [[179  71]]

 [[180  71]]

 [[181  70]]

 [[182  71]]

 [[183  72]]

 [[184  73]]

 [[185  73]]

 [[186  73]]

 [[187  74]]

 [[188  74]]

 [[189  74]]

 [[190  74]]

 [[191  74]]

 [[192  74]]

 [[193  74]]

 [[194  74]]

 [[195  74]]

 [[196  73]]

 [[197  73]]

 [[198  73]]

 [[199  74]]

 [[200  73]]

 [[201  73]]

 [[202  72]]

 [[202  71]]

 [[201  71]]

 [[200  71]]

 [[199  71]]

 [[198  71]]

 [[197  71]]

 [[196  70]]

 [[195  70]]

 [[194  70]]

 [[193  70]]

 [[192  69]]

 [[191  69]]

 [[190  69]]

 [[189  69]]

 [[188  69]]

 [[187  69]]

 [[186  69]]

 [[185  69]]

 [[184  69]]

 [[183  69]]

 [[182  69]]

 [[181  68]]

 [[180  68]]

 [[179  68]]

 [[178  67]]

 [[177  67]]

 [[176  67]]

 [[175  66]]

 [[174  66]]

 [[173  67]]

 [[172  67]]

 [[171  67]]

 [[170  66]]

 [[169  66]]

 [[168  66]]

 [[167  67]]

 [[166  66]]

 [[165  66]]

 [[164  66]]

 [[163  66]]

 [[162  66]]

 [[161  66]]

 [[160  65]]

 [[159  65]]

 [[158  65]]

 [[157  65]]

 [[156  64]]

 [[155  65]]

 [[154  65]]

 [[153  65]]

 [[152  64]]

 [[151  64]]

 [[150  64]]

 [[149  64]]

 [[148  64]]

 [[147  64]]

 [[146  64]]

 [[145  64]]

 [[144  64]]

 [[143  65]]

 [[142  66]]

 [[141  66]]

 [[140  66]]

 [[139  65]]

 [[138  65]]

 [[137  65]]

 [[136  65]]

 [[135  65]]

 [[134  66]]

 [[133  65]]

 [[132  64]]

 [[131  64]]

 [[130  64]]

 [[129  64]]

 [[128  63]]

 [[127  63]]

 [[126  64]]

 [[125  64]]

 [[124  64]]

 [[123  63]]

 [[122  62]]

 [[121  61]]

 [[120  61]]

 [[119  61]]

 [[118  61]]

 [[118  62]]

 [[117  63]]

 [[116  64]]

 [[115  63]]

 [[114  62]]

 [[114  61]]

 [[115  60]]

 [[114  59]]

 [[113  58]]]
[[[  0   0]]

 [[ 15  51]]

 [[ 15  52]]

 [[ 15  53]]

 [[ 15  54]]

 [[ 15  55]]

 [[ 15  56]]

 [[ 15  57]]

 [[ 15  58]]

 [[ 15  59]]

 [[ 16  59]]

 [[ 17  59]]

 [[ 18  59]]

 [[ 19  59]]

 [[ 20  58]]

 [[ 21  57]]

 [[ 22  57]]

 [[ 23  56]]

 [[ 24  56]]

 [[ 25  56]]

 [[ 26  56]]

 [[ 27  56]]

 [[ 28  56]]

 [[ 29  56]]

 [[ 30  56]]

 [[ 31  57]]

 [[ 32  57]]

 [[ 33  57]]

 [[ 34  58]]

 [[ 35  58]]

 [[ 36  58]]

 [[ 37  58]]

 [[ 38  57]]

 [[ 39  57]]

 [[ 40  58]]

 [[ 41  58]]

 [[ 42  58]]

 [[ 43  58]]

 [[ 44  59]]

 [[ 45  59]]

 [[ 46  59]]

 [[ 47  59]]

 [[ 48  59]]

 [[ 49  59]]

 [[ 50  59]]

 [[ 51  59]]

 [[ 52  59]]

 [[ 53  59]]

 [[ 54  59]]

 [[ 55  59]]

 [[ 56  59]]

 [[ 57  60]]

 [[ 58  60]]

 [[ 59  60]]

 [[ 60  60]]

 [[ 61  60]]

 [[ 62  60]]

 [[ 63  60]]

 [[ 64  60]]

 [[ 65  60]]

 [[ 66  60]]

 [[ 67  60]]

 [[ 68  60]]

 [[ 69  59]]

 [[ 70  59]]

 [[ 71  60]]

 [[ 72  60]]

 [[ 73  60]]

 [[ 74  60]]

 [[ 75  60]]

 [[ 76  61]]

 [[ 77  62]]

 [[ 78  63]]

 [[ 79  63]]

 [[ 80  63]]

 [[ 81  63]]

 [[ 82  63]]

 [[ 83  63]]

 [[ 84  63]]

 [[ 85  63]]

 [[ 86  63]]

 [[ 87  63]]

 [[ 88  63]]

 [[ 89  63]]

 [[ 90  63]]

 [[ 91  63]]

 [[ 92  63]]

 [[ 93  63]]

 [[ 94  63]]

 [[ 95  63]]

 [[ 96  63]]

 [[ 97  63]]

 [[ 98  64]]

 [[ 99  64]]

 [[100  64]]

 [[101  64]]

 [[102  64]]

 [[103  64]]

 [[104  63]]

 [[105  63]]

 [[105  62]]

 [[105  61]]

 [[105  60]]

 [[104  59]]

 [[103  59]]

 [[102  59]]

 [[101  60]]

 [[100  61]]

 [[ 99  62]]

 [[ 98  61]]

 [[ 97  61]]

 [[ 96  60]]

 [[ 95  60]]

 [[ 94  60]]

 [[ 93  60]]

 [[ 92  60]]

 [[ 91  59]]

 [[ 90  60]]

 [[ 89  59]]

 [[ 88  59]]

 [[ 87  58]]

 [[ 86  58]]

 [[ 85  57]]

 [[ 84  58]]

 [[ 83  58]]

 [[ 82  59]]

 [[ 81  59]]

 [[ 80  60]]

 [[ 79  60]]

 [[ 78  60]]

 [[ 77  59]]

 [[ 76  58]]

 [[ 75  57]]

 [[ 74  56]]

 [[ 73  56]]

 [[ 72  56]]

 [[ 71  56]]

 [[ 70  56]]

 [[ 69  56]]

 [[ 68  55]]

 [[ 67  55]]

 [[ 66  55]]

 [[ 65  55]]

 [[ 64  55]]

 [[ 63  55]]

 [[ 62  56]]

 [[ 61  56]]

 [[ 60  56]]

 [[ 59  56]]

 [[ 58  56]]

 [[ 57  56]]

 [[ 56  56]]

 [[ 55  55]]

 [[ 54  54]]

 [[ 53  54]]

 [[ 52  54]]

 [[ 51  54]]

 [[ 50  54]]

 [[ 49  53]]

 [[ 48  53]]

 [[ 47  54]]

 [[ 46  54]]

 [[ 45  54]]

 [[ 44  54]]

 [[ 43  54]]

 [[ 42  54]]

 [[ 41  54]]

 [[ 40  54]]

 [[ 39  54]]

 [[ 38  54]]

 [[ 37  54]]

 [[ 36  53]]

 [[ 35  53]]

 [[ 34  53]]

 [[ 33  53]]

 [[ 32  52]]

 [[ 31  52]]

 [[ 30  51]]

 [[ 29  51]]

 [[ 28  51]]

 [[ 27  51]]

 [[ 26  51]]

 [[ 25  51]]

 [[ 24  51]]

 [[ 23  51]]

 [[ 22  51]]

 [[ 21  51]]

 [[ 20  51]]

 [[ 19  51]]

 [[ 18  50]]

 [[ 17  50]]]
