[[[  0   0]]

 [[274  90]]

 [[273  91]]

 [[273  92]]

 [[273  93]]

 [[273  94]]

 [[273  95]]

 [[272  96]]

 [[272  97]]

 [[272  98]]

 [[272  99]]

 [[272 100]]

 [[272 101]]

 [[272 102]]

 [[272 103]]

 [[272 104]]

 [[271 105]]

 [[270 106]]

 [[269 107]]

 [[268 107]]

 [[267 107]]

 [[266 108]]

 [[265 108]]

 [[264 108]]

 [[263 108]]

 [[262 108]]

 [[261 109]]

 [[260 109]]

 [[259 109]]

 [[258 109]]

 [[257 110]]

 [[256 110]]

 [[255 110]]

 [[254 110]]

 [[253 110]]

 [[252 110]]

 [[251 110]]

 [[250 110]]

 [[249 110]]

 [[248 110]]

 [[247 110]]

 [[246 110]]

 [[245 110]]

 [[244 110]]

 [[243 110]]

 [[242 110]]

 [[241 110]]

 [[240 110]]

 [[239 110]]

 [[238 110]]

 [[237 110]]

 [[236 110]]

 [[235 110]]

 [[234 110]]

 [[233 109]]

 [[232 109]]

 [[231 109]]

 [[230 109]]

 [[229 109]]

 [[228 108]]

 [[227 108]]

 [[226 108]]

 [[225 108]]

 [[224 107]]

 [[223 107]]

 [[222 106]]

 [[221 106]]

 [[220 105]]

 [[219 104]]

 [[218 104]]

 [[217 104]]

 [[216 104]]

 [[216 105]]

 [[216 106]]

 [[216 107]]

 [[216 108]]

 [[216 109]]

 [[216 110]]

 [[216 111]]

 [[216 112]]

 [[217 113]]

 [[217 114]]

 [[217 115]]

 [[217 116]]

 [[217 117]]

 [[217 118]]

 [[217 119]]

 [[217 120]]

 [[217 121]]

 [[218 121]]

 [[219 122]]

 [[220 123]]

 [[221 123]]

 [[222 124]]

 [[223 124]]

 [[224 125]]

 [[225 125]]

 [[226 125]]

 [[227 125]]

 [[228 126]]

 [[229 126]]

 [[230 126]]

 [[231 126]]

 [[232 126]]

 [[233 127]]

 [[234 127]]

 [[235 127]]

 [[236 127]]

 [[237 127]]

 [[238 127]]

 [[239 128]]

 [[240 128]]

 [[241 128]]

 [[242 128]]

 [[243 128]]

 [[244 128]]

 [[245 128]]

 [[246 128]]

 [[247 128]]

 [[248 127]]

 [[249 127]]

 [[250 127]]

 [[251 127]]

 [[252 127]]

 [[253 127]]

 [[254 127]]

 [[255 127]]

 [[256 127]]

 [[257 127]]

 [[258 126]]

 [[259 126]]

 [[260 126]]

 [[261 126]]

 [[262 125]]

 [[263 125]]

 [[264 125]]

 [[265 124]]

 [[266 124]]

 [[267 123]]

 [[268 123]]

 [[269 122]]

 [[269 121]]

 [[269 120]]

 [[270 119]]

 [[270 118]]

 [[270 117]]

 [[270 116]]

 [[270 115]]

 [[270 114]]

 [[271 113]]

 [[271 112]]

 [[272 111]]

 [[273 110]]

 [[274 109]]

 [[275 110]]

 [[275 111]]

 [[276 112]]

 [[276 113]]

 [[276 114]]

 [[276 115]]

 [[276 116]]

 [[276 117]]

 [[276 118]]

 [[276 119]]

 [[276 120]]

 [[276 121]]

 [[276 122]]

 [[276 123]]

 [[277 124]]

 [[278 125]]

 [[279 125]]

 [[280 126]]

 [[281 126]]

 [[282 126]]

 [[283 126]]

 [[284 126]]

 [[285 127]]

 [[286 127]]

 [[287 127]]

 [[288 128]]

 [[289 128]]

 [[290 128]]

 [[291 128]]

 [[292 128]]

 [[293 128]]

 [[294 129]]

 [[295 129]]

 [[296 129]]

 [[297 129]]

 [[298 129]]

 [[299 129]]

 [[300 129]]

 [[301 129]]

 [[302 130]]

 [[303 130]]

 [[304 130]]

 [[305 130]]

 [[306 130]]

 [[307 130]]

 [[308 130]]

 [[309 130]]

 [[310 130]]

 [[311 130]]

 [[312 130]]

 [[313 130]]

 [[314 129]]

 [[315 129]]

 [[316 129]]

 [[317 129]]

 [[318 129]]

 [[319 129]]

 [[320 129]]

 [[321 129]]

 [[322 128]]

 [[323 128]]

 [[324 128]]

 [[325 127]]

 [[326 127]]

 [[327 127]]

 [[328 126]]

 [[329 125]]

 [[330 124]]

 [[330 123]]

 [[330 122]]

 [[330 121]]

 [[329 120]]

 [[329 119]]

 [[330 118]]

 [[330 117]]

 [[330 116]]

 [[331 115]]

 [[331 114]]

 [[331 113]]

 [[332 112]]

 [[333 111]]

 [[334 111]]

 [[335 111]]

 [[335 110]]

 [[335 109]]

 [[334 109]]

 [[333 109]]

 [[332 108]]

 [[331 108]]

 [[330 108]]

 [[329 109]]

 [[328 109]]

 [[327 110]]

 [[326 110]]

 [[325 111]]

 [[324 111]]

 [[323 111]]

 [[322 111]]

 [[321 111]]

 [[320 112]]

 [[319 112]]

 [[318 112]]

 [[317 112]]

 [[316 112]]

 [[315 112]]

 [[314 112]]

 [[313 112]]

 [[312 112]]

 [[311 112]]

 [[310 112]]

 [[309 112]]

 [[308 112]]

 [[307 112]]

 [[306 112]]

 [[305 112]]

 [[304 112]]

 [[303 112]]

 [[302 112]]

 [[301 112]]

 [[300 111]]

 [[299 111]]

 [[298 111]]

 [[297 111]]

 [[296 111]]

 [[295 111]]

 [[294 111]]

 [[293 111]]

 [[292 110]]

 [[291 110]]

 [[290 110]]

 [[289 110]]

 [[288 110]]

 [[287 109]]

 [[286 109]]

 [[285 109]]

 [[284 109]]

 [[283 109]]

 [[282 108]]

 [[281 108]]

 [[280 108]]

 [[279 108]]

 [[278 108]]

 [[277 107]]

 [[276 107]]

 [[275 107]]

 [[274 106]]

 [[274 105]]

 [[273 104]]

 [[274 103]]

 [[274 102]]

 [[275 101]]

 [[275 100]]

 [[275  99]]

 [[275  98]]

 [[276  97]]

 [[276  96]]

 [[276  95]]

 [[276  94]]

 [[276  93]]

 [[276  92]]

 [[275  91]]

 [[275  90]]]
[[[  0   0]]

 [[484  88]]

 [[483  89]]

 [[483  90]]

 [[482  91]]

 [[482  92]]

 [[482  93]]

 [[482  94]]

 [[482  95]]

 [[483  96]]

 [[484  96]]

 [[485  97]]

 [[486  98]]

 [[487  98]]

 [[488  99]]

 [[489 100]]

 [[490 100]]

 [[491 101]]

 [[492 101]]

 [[493 102]]

 [[494 102]]

 [[495 102]]

 [[496 102]]

 [[497 103]]

 [[498 103]]

 [[499 103]]

 [[500 104]]

 [[501 104]]

 [[502 104]]

 [[503 104]]

 [[504 104]]

 [[505 105]]

 [[506 105]]

 [[507 105]]

 [[508 105]]

 [[509 106]]

 [[510 106]]

 [[511 106]]

 [[512 106]]

 [[513 106]]

 [[514 106]]

 [[515 106]]

 [[516 106]]

 [[517 106]]

 [[518 106]]

 [[519 105]]

 [[519 104]]

 [[520 103]]

 [[520 102]]

 [[521 101]]

 [[522 100]]

 [[523  99]]

 [[524  98]]

 [[524  97]]

 [[524  96]]

 [[524  95]]

 [[524  94]]

 [[525  93]]

 [[525  92]]

 [[525  91]]

 [[526  90]]

 [[526  89]]

 [[525  88]]

 [[525  87]]

 [[525  88]]

 [[524  89]]

 [[524  90]]

 [[524  91]]

 [[523  92]]

 [[523  93]]

 [[523  94]]

 [[522  95]]

 [[522  96]]

 [[522  97]]

 [[521  98]]

 [[520  98]]

 [[519  98]]

 [[518  98]]

 [[517  98]]

 [[516  98]]

 [[515  98]]

 [[514  98]]

 [[513  98]]

 [[512  98]]

 [[511  98]]

 [[510  97]]

 [[509  97]]

 [[508  97]]

 [[507  97]]

 [[506  97]]

 [[505  97]]

 [[504  96]]

 [[503  96]]

 [[502  96]]

 [[501  95]]

 [[500  95]]

 [[499  95]]

 [[498  94]]

 [[497  94]]

 [[496  93]]

 [[495  93]]

 [[494  92]]

 [[493  92]]

 [[492  92]]

 [[491  91]]

 [[490  91]]

 [[489  90]]

 [[488  90]]

 [[487  89]]

 [[486  88]]

 [[485  87]]]
[[[  0   0]]

 [[ 81  79]]

 [[ 80  80]]

 [[ 79  81]]

 [[ 78  81]]

 [[ 77  82]]

 [[ 76  82]]

 [[ 75  83]]

 [[ 74  83]]

 [[ 73  83]]

 [[ 72  84]]

 [[ 71  84]]

 [[ 70  84]]

 [[ 69  84]]

 [[ 68  84]]

 [[ 67  85]]

 [[ 66  85]]

 [[ 65  85]]

 [[ 64  85]]

 [[ 63  86]]

 [[ 63  87]]

 [[ 62  88]]

 [[ 62  89]]

 [[ 62  90]]

 [[ 63  91]]

 [[ 63  92]]

 [[ 63  93]]

 [[ 63  94]]

 [[ 63  95]]

 [[ 64  96]]

 [[ 64  97]]

 [[ 64  98]]

 [[ 64  99]]

 [[ 63 100]]

 [[ 63 101]]

 [[ 62 102]]

 [[ 61 103]]

 [[ 60 103]]

 [[ 59 104]]

 [[ 58 105]]

 [[ 57 105]]

 [[ 56 105]]

 [[ 55 106]]

 [[ 54 106]]

 [[ 53 107]]

 [[ 52 107]]

 [[ 51 107]]

 [[ 50 107]]

 [[ 49 108]]

 [[ 48 108]]

 [[ 47 108]]

 [[ 46 109]]

 [[ 45 109]]

 [[ 44 109]]

 [[ 43 109]]

 [[ 42 110]]

 [[ 41 110]]

 [[ 40 110]]

 [[ 39 110]]

 [[ 38 110]]

 [[ 37 111]]

 [[ 36 111]]

 [[ 35 111]]

 [[ 34 111]]

 [[ 33 111]]

 [[ 32 111]]

 [[ 31 112]]

 [[ 30 112]]

 [[ 29 112]]

 [[ 28 112]]

 [[ 27 112]]

 [[ 26 112]]

 [[ 25 112]]

 [[ 24 112]]

 [[ 23 112]]

 [[ 22 112]]

 [[ 21 112]]

 [[ 20 112]]

 [[ 19 112]]

 [[ 18 112]]

 [[ 17 112]]

 [[ 16 112]]

 [[ 15 111]]

 [[ 14 111]]

 [[ 13 111]]

 [[ 12 111]]

 [[ 11 110]]

 [[ 10 109]]

 [[  9 108]]

 [[  8 107]]

 [[  7 108]]

 [[  7 109]]

 [[  8 110]]

 [[  8 111]]

 [[  9 112]]

 [[  9 113]]

 [[ 10 114]]

 [[ 10 115]]

 [[ 10 116]]

 [[ 11 117]]

 [[ 11 118]]

 [[ 11 119]]

 [[ 11 120]]

 [[ 11 121]]

 [[ 11 122]]

 [[ 12 123]]

 [[ 12 124]]

 [[ 13 125]]

 [[ 14 125]]

 [[ 15 126]]

 [[ 16 126]]

 [[ 17 127]]

 [[ 18 127]]

 [[ 19 128]]

 [[ 20 128]]

 [[ 21 128]]

 [[ 22 128]]

 [[ 23 128]]

 [[ 24 128]]

 [[ 25 128]]

 [[ 26 128]]

 [[ 27 128]]

 [[ 28 128]]

 [[ 29 128]]

 [[ 30 128]]

 [[ 31 128]]

 [[ 32 128]]

 [[ 33 128]]

 [[ 34 128]]

 [[ 35 128]]

 [[ 36 128]]

 [[ 37 127]]

 [[ 38 127]]

 [[ 39 127]]

 [[ 40 127]]

 [[ 41 127]]

 [[ 42 127]]

 [[ 43 126]]

 [[ 44 126]]

 [[ 45 126]]

 [[ 46 126]]

 [[ 47 126]]

 [[ 48 125]]

 [[ 49 125]]

 [[ 50 125]]

 [[ 51 124]]

 [[ 52 124]]

 [[ 53 124]]

 [[ 54 123]]

 [[ 55 123]]

 [[ 56 122]]

 [[ 57 122]]

 [[ 58 121]]

 [[ 59 121]]

 [[ 60 120]]

 [[ 61 120]]

 [[ 62 119]]

 [[ 63 119]]

 [[ 64 118]]

 [[ 65 117]]

 [[ 66 116]]

 [[ 66 115]]

 [[ 66 114]]

 [[ 66 113]]

 [[ 66 112]]

 [[ 66 111]]

 [[ 66 110]]

 [[ 65 109]]

 [[ 65 108]]

 [[ 65 107]]

 [[ 65 106]]

 [[ 65 105]]

 [[ 65 104]]

 [[ 65 103]]

 [[ 65 102]]

 [[ 65 101]]

 [[ 66 100]]

 [[ 67  99]]

 [[ 68  99]]

 [[ 69  99]]

 [[ 70  98]]

 [[ 71  98]]

 [[ 72  98]]

 [[ 73  98]]

 [[ 74  98]]

 [[ 75  97]]

 [[ 76  97]]

 [[ 77  97]]

 [[ 78  96]]

 [[ 79  96]]

 [[ 80  95]]

 [[ 81  94]]

 [[ 82  94]]

 [[ 83  93]]

 [[ 84  92]]

 [[ 84  91]]

 [[ 84  90]]

 [[ 84  89]]

 [[ 84  88]]

 [[ 83  87]]

 [[ 83  86]]

 [[ 83  85]]

 [[ 83  84]]

 [[ 83  83]]

 [[ 83  82]]

 [[ 83  81]]

 [[ 83  80]]

 [[ 83  79]]]
[[[  0   0]]

 [[556  66]]

 [[555  66]]

 [[556  66]]

 [[557  66]]

 [[558  67]]

 [[559  68]]

 [[560  68]]

 [[561  68]]

 [[562  69]]

 [[563  69]]

 [[564  69]]

 [[565  70]]

 [[566  70]]

 [[567  70]]

 [[568  70]]

 [[569  71]]

 [[570  71]]

 [[571  71]]

 [[572  71]]

 [[573  72]]

 [[574  72]]

 [[575  73]]

 [[575  74]]

 [[576  74]]

 [[577  75]]

 [[578  75]]

 [[579  76]]

 [[580  76]]

 [[581  76]]

 [[582  77]]

 [[583  77]]

 [[584  77]]

 [[585  77]]

 [[586  78]]

 [[587  79]]

 [[588  80]]

 [[589  80]]

 [[590  80]]

 [[591  81]]

 [[592  81]]

 [[593  81]]

 [[594  82]]

 [[595  82]]

 [[596  82]]

 [[597  82]]

 [[598  83]]

 [[599  83]]

 [[600  83]]

 [[601  84]]

 [[602  85]]

 [[603  85]]

 [[604  86]]

 [[605  86]]

 [[606  86]]

 [[607  87]]

 [[608  87]]

 [[609  87]]

 [[610  88]]

 [[611  89]]

 [[612  89]]

 [[613  89]]

 [[614  90]]

 [[615  90]]

 [[616  91]]

 [[617  92]]

 [[618  93]]

 [[619  93]]

 [[620  94]]

 [[621  94]]

 [[622  94]]

 [[623  95]]

 [[624  95]]

 [[625  95]]

 [[626  95]]

 [[627  96]]

 [[628  96]]

 [[629  96]]

 [[630  96]]

 [[631  97]]

 [[632  98]]

 [[633  99]]

 [[634  99]]

 [[635  99]]

 [[636  99]]

 [[637  99]]

 [[638  99]]

 [[638  98]]

 [[638  97]]

 [[638  96]]

 [[638  95]]

 [[637  95]]

 [[636  95]]

 [[635  95]]

 [[634  95]]

 [[633  95]]

 [[632  95]]

 [[631  94]]

 [[630  94]]

 [[629  94]]

 [[628  94]]

 [[627  93]]

 [[626  93]]

 [[625  92]]

 [[624  91]]

 [[623  91]]

 [[622  90]]

 [[621  90]]

 [[620  89]]

 [[619  89]]

 [[618  89]]

 [[617  88]]

 [[616  88]]

 [[615  87]]

 [[614  86]]

 [[613  86]]

 [[612  85]]

 [[611  85]]

 [[610  85]]

 [[609  84]]

 [[608  83]]

 [[607  83]]

 [[606  82]]

 [[605  82]]

 [[604  82]]

 [[603  81]]

 [[602  81]]

 [[601  81]]

 [[600  80]]

 [[599  80]]

 [[598  80]]

 [[597  79]]

 [[596  79]]

 [[595  79]]

 [[594  78]]

 [[593  77]]

 [[592  77]]

 [[591  76]]

 [[591  75]]

 [[590  74]]

 [[589  73]]

 [[589  72]]

 [[590  71]]

 [[591  71]]

 [[592  71]]

 [[593  71]]

 [[594  72]]

 [[595  71]]

 [[596  71]]

 [[597  71]]

 [[598  71]]

 [[599  71]]

 [[600  71]]

 [[601  71]]

 [[602  70]]

 [[603  71]]

 [[604  71]]

 [[605  70]]

 [[606  70]]

 [[607  70]]

 [[608  69]]

 [[609  69]]

 [[610  69]]

 [[611  69]]

 [[612  69]]

 [[613  69]]

 [[614  69]]

 [[615  69]]

 [[616  69]]

 [[617  69]]

 [[618  69]]

 [[619  69]]

 [[620  69]]

 [[621  69]]

 [[622  69]]

 [[623  69]]

 [[624  69]]

 [[625  70]]

 [[626  70]]

 [[627  70]]

 [[628  70]]

 [[629  70]]

 [[630  70]]

 [[631  70]]

 [[632  71]]

 [[633  71]]

 [[634  71]]

 [[635  71]]

 [[636  72]]

 [[637  72]]

 [[638  72]]

 [[638  71]]

 [[637  71]]

 [[636  70]]

 [[635  70]]

 [[634  69]]

 [[633  68]]

 [[632  67]]

 [[631  67]]

 [[630  67]]

 [[629  67]]

 [[628  67]]

 [[627  67]]

 [[626  66]]

 [[625  66]]

 [[624  66]]

 [[623  66]]

 [[622  66]]

 [[621  66]]

 [[620  66]]

 [[619  66]]

 [[618  66]]

 [[617  66]]

 [[616  66]]

 [[615  66]]

 [[614  65]]

 [[613  65]]

 [[612  65]]

 [[611  65]]

 [[610  65]]

 [[609  65]]

 [[608  65]]

 [[607  66]]

 [[606  66]]

 [[605  67]]

 [[604  67]]

 [[603  67]]

 [[602  67]]

 [[601  67]]

 [[600  67]]

 [[599  67]]

 [[598  67]]

 [[597  67]]

 [[596  67]]

 [[595  67]]

 [[594  67]]

 [[593  67]]

 [[592  67]]

 [[591  67]]

 [[590  67]]

 [[589  67]]

 [[588  67]]

 [[587  67]]

 [[586  68]]

 [[585  68]]

 [[584  68]]

 [[583  68]]

 [[582  68]]

 [[581  68]]

 [[580  68]]

 [[579  68]]

 [[578  68]]

 [[577  68]]

 [[576  68]]

 [[575  68]]

 [[574  67]]

 [[573  67]]

 [[572  67]]

 [[571  67]]

 [[570  67]]

 [[569  67]]

 [[568  67]]

 [[567  67]]

 [[566  66]]

 [[565  66]]

 [[564  66]]

 [[563  65]]

 [[562  65]]

 [[561  65]]

 [[560  65]]

 [[559  65]]

 [[558  65]]]
[[[ 0  0]]

 [[77 43]]

 [[77 44]]

 [[76 45]]

 [[75 46]]

 [[74 47]]

 [[73 48]]

 [[72 48]]

 [[71 49]]

 [[70 49]]

 [[69 49]]

 [[68 50]]

 [[67 50]]

 [[66 50]]

 [[65 50]]

 [[64 50]]

 [[63 51]]

 [[62 51]]

 [[61 51]]

 [[60 51]]

 [[59 51]]

 [[58 51]]

 [[57 52]]

 [[56 52]]

 [[55 53]]

 [[55 54]]

 [[56 55]]

 [[56 56]]

 [[56 57]]

 [[57 58]]

 [[57 59]]

 [[57 60]]

 [[57 61]]

 [[57 62]]

 [[57 63]]

 [[56 64]]

 [[55 65]]

 [[54 65]]

 [[53 66]]

 [[52 66]]

 [[51 67]]

 [[50 67]]

 [[49 67]]

 [[48 68]]

 [[47 68]]

 [[46 68]]

 [[45 69]]

 [[44 69]]

 [[43 69]]

 [[42 69]]

 [[41 70]]

 [[40 70]]

 [[39 70]]

 [[38 71]]

 [[37 71]]

 [[36 71]]

 [[35 71]]

 [[34 71]]

 [[33 71]]

 [[32 72]]

 [[31 72]]

 [[30 72]]

 [[29 72]]

 [[28 72]]

 [[27 72]]

 [[26 73]]

 [[25 73]]

 [[24 73]]

 [[23 73]]

 [[22 73]]

 [[21 73]]

 [[20 73]]

 [[19 73]]

 [[18 73]]

 [[17 73]]

 [[16 73]]

 [[15 73]]

 [[14 73]]

 [[13 73]]

 [[12 73]]

 [[11 73]]

 [[10 73]]

 [[ 9 73]]

 [[ 8 72]]

 [[ 7 72]]

 [[ 6 72]]

 [[ 5 71]]

 [[ 4 71]]

 [[ 3 70]]

 [[ 2 69]]

 [[ 2 68]]

 [[ 2 67]]

 [[ 2 66]]

 [[ 2 65]]

 [[ 2 64]]

 [[ 2 63]]

 [[ 2 62]]

 [[ 2 61]]

 [[ 2 60]]

 [[ 2 59]]

 [[ 2 58]]

 [[ 2 57]]

 [[ 1 56]]

 [[ 1 55]]

 [[ 1 56]]

 [[ 1 57]]

 [[ 1 58]]

 [[ 1 59]]

 [[ 1 60]]

 [[ 1 61]]

 [[ 1 62]]

 [[ 1 63]]

 [[ 1 64]]

 [[ 1 65]]

 [[ 1 66]]

 [[ 2 67]]

 [[ 2 68]]

 [[ 2 69]]

 [[ 3 70]]

 [[ 3 71]]

 [[ 3 72]]

 [[ 4 73]]

 [[ 4 74]]

 [[ 4 75]]

 [[ 4 76]]

 [[ 5 77]]

 [[ 5 78]]

 [[ 5 79]]

 [[ 5 80]]

 [[ 6 81]]

 [[ 6 82]]

 [[ 6 83]]

 [[ 6 84]]

 [[ 6 85]]

 [[ 6 86]]

 [[ 6 87]]

 [[ 6 88]]

 [[ 7 89]]

 [[ 8 89]]

 [[ 9 89]]

 [[10 89]]

 [[11 90]]

 [[12 90]]

 [[13 90]]

 [[14 90]]

 [[15 90]]

 [[16 90]]

 [[17 90]]

 [[18 90]]

 [[19 90]]

 [[20 90]]

 [[21 90]]

 [[22 90]]

 [[23 90]]

 [[24 90]]

 [[25 90]]

 [[26 90]]

 [[27 89]]

 [[28 89]]

 [[29 89]]

 [[30 89]]

 [[31 89]]

 [[32 89]]

 [[33 89]]

 [[34 89]]

 [[35 89]]

 [[36 89]]

 [[37 88]]

 [[38 88]]

 [[39 88]]

 [[40 87]]

 [[41 87]]

 [[42 87]]

 [[43 87]]

 [[44 86]]

 [[45 86]]

 [[46 86]]

 [[47 86]]

 [[48 85]]

 [[49 85]]

 [[50 85]]

 [[51 84]]

 [[52 84]]

 [[53 84]]

 [[54 83]]

 [[55 83]]

 [[56 82]]

 [[57 81]]

 [[58 81]]

 [[59 80]]

 [[59 79]]

 [[59 78]]

 [[59 77]]

 [[59 76]]

 [[59 75]]

 [[59 74]]

 [[58 73]]

 [[58 72]]

 [[58 71]]

 [[58 70]]

 [[58 69]]

 [[58 68]]

 [[59 67]]

 [[60 66]]

 [[61 66]]

 [[62 66]]

 [[63 66]]

 [[64 65]]

 [[65 65]]

 [[66 65]]

 [[67 64]]

 [[68 64]]

 [[69 64]]

 [[70 64]]

 [[71 63]]

 [[72 63]]

 [[73 63]]

 [[74 62]]

 [[75 62]]

 [[76 61]]

 [[77 61]]

 [[78 60]]

 [[79 59]]

 [[79 58]]

 [[79 57]]

 [[78 56]]

 [[78 55]]

 [[78 54]]

 [[78 53]]

 [[78 52]]

 [[78 51]]

 [[78 50]]

 [[78 49]]

 [[78 48]]

 [[78 47]]

 [[78 46]]

 [[78 45]]

 [[78 44]]

 [[77 43]]]
[[[  0   0]]

 [[296  37]]

 [[295  37]]

 [[294  37]]

 [[293  37]]

 [[292  37]]

 [[291  37]]

 [[290  37]]

 [[289  37]]

 [[288  37]]

 [[287  37]]

 [[286  37]]

 [[285  38]]

 [[285  39]]

 [[284  40]]

 [[284  41]]

 [[284  42]]

 [[284  43]]

 [[283  44]]

 [[283  45]]

 [[284  46]]

 [[285  46]]

 [[286  46]]

 [[287  46]]

 [[288  46]]

 [[289  47]]

 [[290  47]]

 [[291  47]]

 [[292  47]]

 [[293  47]]

 [[294  48]]

 [[295  48]]

 [[296  48]]

 [[297  47]]

 [[298  47]]

 [[299  48]]

 [[300  49]]

 [[301  49]]

 [[302  49]]

 [[303  49]]

 [[304  49]]

 [[305  49]]

 [[306  49]]

 [[307  49]]

 [[308  50]]

 [[309  49]]

 [[310  50]]

 [[311  50]]

 [[312  50]]

 [[313  50]]

 [[314  49]]

 [[315  49]]

 [[316  49]]

 [[317  49]]

 [[318  49]]

 [[319  49]]

 [[320  49]]

 [[321  49]]

 [[322  49]]

 [[323  49]]

 [[324  49]]

 [[325  49]]

 [[326  49]]

 [[327  49]]

 [[328  49]]

 [[329  49]]

 [[330  49]]

 [[331  49]]

 [[332  49]]

 [[333  48]]

 [[334  48]]

 [[334  47]]

 [[333  46]]

 [[333  45]]

 [[332  44]]

 [[331  43]]

 [[331  42]]

 [[330  41]]

 [[331  40]]

 [[332  40]]

 [[332  39]]

 [[332  38]]

 [[331  37]]

 [[331  38]]

 [[330  39]]

 [[330  40]]

 [[330  41]]

 [[330  42]]

 [[329  43]]

 [[328  43]]

 [[327  43]]

 [[326  42]]

 [[325  42]]

 [[324  41]]

 [[323  40]]

 [[322  39]]

 [[321  38]]

 [[320  37]]

 [[319  37]]

 [[318  37]]

 [[317  37]]

 [[316  37]]

 [[315  37]]

 [[314  38]]

 [[314  39]]

 [[315  40]]

 [[316  41]]

 [[316  42]]

 [[315  43]]

 [[314  44]]

 [[313  45]]

 [[312  45]]

 [[311  46]]

 [[310  46]]

 [[309  45]]

 [[308  44]]

 [[307  44]]

 [[306  43]]

 [[305  43]]

 [[304  43]]

 [[303  43]]

 [[302  43]]

 [[301  43]]

 [[300  43]]

 [[299  43]]

 [[298  42]]

 [[299  41]]

 [[300  41]]

 [[301  40]]

 [[302  40]]

 [[303  39]]

 [[304  39]]

 [[305  39]]

 [[306  39]]

 [[306  38]]

 [[305  38]]

 [[304  37]]

 [[303  36]]

 [[302  36]]

 [[301  36]]

 [[300  36]]

 [[299  37]]

 [[298  37]]]
[[[ 0  0]]

 [[30 37]]

 [[29 37]]

 [[28 37]]

 [[27 37]]

 [[26 37]]

 [[25 37]]

 [[24 38]]

 [[23 38]]

 [[22 38]]

 [[21 38]]

 [[21 39]]

 [[20 40]]

 [[20 41]]

 [[20 42]]

 [[20 43]]

 [[19 44]]

 [[18 45]]

 [[17 46]]

 [[16 46]]

 [[15 46]]

 [[14 46]]

 [[13 46]]

 [[12 47]]

 [[11 47]]

 [[10 46]]

 [[ 9 46]]

 [[ 8 46]]

 [[ 7 46]]

 [[ 6 46]]

 [[ 5 46]]

 [[ 4 46]]

 [[ 3 46]]

 [[ 2 46]]

 [[ 1 45]]

 [[ 1 46]]

 [[ 1 47]]

 [[ 1 48]]

 [[ 1 49]]

 [[ 2 49]]

 [[ 3 49]]

 [[ 4 49]]

 [[ 5 49]]

 [[ 6 50]]

 [[ 7 50]]

 [[ 8 50]]

 [[ 9 50]]

 [[10 51]]

 [[11 51]]

 [[12 51]]

 [[13 51]]

 [[14 51]]

 [[15 51]]

 [[16 51]]

 [[17 50]]

 [[18 50]]

 [[19 50]]

 [[20 50]]

 [[21 50]]

 [[22 50]]

 [[23 49]]

 [[24 49]]

 [[25 48]]

 [[26 48]]

 [[27 48]]

 [[28 48]]

 [[29 48]]

 [[30 48]]

 [[31 47]]

 [[32 47]]

 [[33 47]]

 [[34 47]]

 [[35 47]]

 [[36 46]]

 [[37 46]]

 [[38 46]]

 [[39 46]]

 [[40 46]]

 [[41 46]]

 [[42 45]]

 [[43 45]]

 [[44 44]]

 [[45 44]]

 [[46 44]]

 [[47 44]]

 [[48 44]]

 [[49 44]]

 [[50 44]]

 [[51 43]]

 [[52 43]]

 [[53 42]]

 [[53 41]]

 [[53 40]]

 [[52 39]]

 [[51 39]]

 [[50 39]]

 [[49 39]]

 [[48 40]]

 [[47 40]]

 [[46 40]]

 [[45 41]]

 [[44 41]]

 [[43 41]]

 [[42 41]]

 [[41 41]]

 [[40 41]]

 [[39 40]]

 [[38 40]]

 [[37 39]]

 [[36 39]]

 [[35 38]]

 [[35 37]]

 [[34 36]]

 [[33 36]]

 [[32 36]]]
[[[  0   0]]

 [[268  35]]

 [[268  36]]

 ..., 
 [[271  35]]

 [[270  34]]

 [[269  34]]]
[[[  0   0]]

 [[191  34]]

 [[190  34]]

 ..., 
 [[195  33]]

 [[194  33]]

 [[193  34]]]
[[[  0   0]]

 [[416  23]]

 [[415  23]]

 ..., 
 [[420  22]]

 [[419  22]]

 [[418  22]]]
