[[[  0   0]]

 [[537 101]]

 [[536 102]]

 [[535 102]]

 [[534 103]]

 [[533 103]]

 [[532 103]]

 [[531 103]]

 [[530 104]]

 [[529 104]]

 [[528 104]]

 [[527 104]]

 [[526 105]]

 [[526 106]]

 [[525 107]]

 [[525 108]]

 [[525 109]]

 [[524 110]]

 [[523 111]]

 [[523 112]]

 [[523 113]]

 [[523 114]]

 [[523 115]]

 [[522 116]]

 [[522 117]]

 [[521 118]]

 [[521 119]]

 [[521 120]]

 [[520 121]]

 [[519 122]]

 [[518 123]]

 [[518 124]]

 [[518 125]]

 [[518 126]]

 [[519 126]]

 [[520 127]]

 [[521 127]]

 [[522 128]]

 [[522 129]]

 [[523 130]]

 [[524 131]]

 [[524 132]]

 [[524 133]]

 [[525 134]]

 [[525 135]]

 [[525 136]]

 [[526 137]]

 [[526 138]]

 [[527 139]]

 [[527 140]]

 [[528 141]]

 [[528 142]]

 [[529 142]]

 [[530 142]]

 [[531 143]]

 [[532 144]]

 [[533 145]]

 [[534 145]]

 [[535 146]]

 [[536 147]]

 [[536 148]]

 [[536 149]]

 [[536 150]]

 [[536 151]]

 [[537 151]]

 [[538 152]]

 [[539 152]]

 [[540 153]]

 [[541 154]]

 [[542 155]]

 [[543 155]]

 [[544 156]]

 [[545 157]]

 [[546 157]]

 [[547 158]]

 [[548 158]]

 [[549 159]]

 [[550 160]]

 [[550 161]]

 [[551 161]]

 [[552 162]]

 [[553 163]]

 [[554 164]]

 [[554 165]]

 [[555 166]]

 [[555 167]]

 [[556 168]]

 [[557 168]]

 [[558 168]]

 [[559 168]]

 [[560 169]]

 [[561 170]]

 [[562 171]]

 [[563 171]]

 [[564 172]]

 [[565 173]]

 [[565 174]]

 [[566 175]]

 [[567 175]]

 [[568 176]]

 [[568 177]]

 [[569 178]]

 [[570 178]]

 [[571 178]]

 [[572 179]]

 [[573 180]]

 [[574 181]]

 [[575 181]]

 [[576 181]]

 [[577 182]]

 [[578 183]]

 [[578 184]]

 [[579 185]]

 [[579 186]]

 [[579 187]]

 [[580 188]]

 [[581 189]]

 [[582 190]]

 [[583 191]]

 [[584 192]]

 [[585 192]]

 [[586 193]]

 [[587 193]]

 [[588 194]]

 [[588 195]]

 [[589 196]]

 [[589 197]]

 [[589 198]]

 [[589 199]]

 [[590 200]]

 [[590 199]]

 [[590 198]]

 [[591 197]]

 [[592 196]]

 [[593 196]]

 [[594 197]]

 [[595 198]]

 [[596 199]]

 [[596 200]]

 [[596 201]]

 [[597 202]]

 [[597 203]]

 [[598 204]]

 [[599 205]]

 [[599 206]]

 [[600 206]]

 [[601 207]]

 [[602 208]]

 [[603 209]]

 [[604 209]]

 [[605 210]]

 [[606 211]]

 [[607 212]]

 [[608 213]]

 [[609 214]]

 [[610 215]]

 [[611 215]]

 [[612 215]]

 [[613 216]]

 [[613 217]]

 [[614 218]]

 [[615 219]]

 [[616 220]]

 [[616 221]]

 [[617 222]]

 [[618 223]]

 [[618 224]]

 [[619 225]]

 [[620 225]]

 [[621 226]]

 [[622 227]]

 [[623 228]]

 [[624 229]]

 [[624 230]]

 [[625 231]]

 [[626 232]]

 [[626 233]]

 [[625 234]]

 [[625 235]]

 [[626 235]]

 [[627 235]]

 [[628 236]]

 [[629 237]]

 [[630 238]]

 [[631 238]]

 [[632 239]]

 [[633 240]]

 [[634 241]]

 [[635 242]]

 [[635 243]]

 [[635 244]]

 [[635 245]]

 [[635 246]]

 [[635 247]]

 [[636 248]]

 [[637 249]]

 [[637 250]]

 [[638 251]]

 [[638 250]]

 [[638 249]]

 [[638 248]]

 [[638 247]]

 [[638 246]]

 [[638 245]]

 [[638 244]]

 [[638 243]]

 [[638 242]]

 [[638 241]]

 [[638 240]]

 [[638 239]]

 [[637 238]]

 [[637 237]]

 [[636 236]]

 [[635 235]]

 [[634 234]]

 [[634 233]]

 [[633 232]]

 [[632 231]]

 [[632 230]]

 [[631 229]]

 [[631 228]]

 [[631 227]]

 [[631 226]]

 [[631 225]]

 [[631 224]]

 [[630 223]]

 [[630 222]]

 [[629 221]]

 [[628 221]]

 [[627 220]]

 [[627 219]]

 [[626 219]]

 [[625 219]]

 [[624 218]]

 [[623 218]]

 [[622 217]]

 [[621 216]]

 [[620 215]]

 [[620 214]]

 [[620 213]]

 [[620 212]]

 [[619 212]]

 [[618 211]]

 [[617 211]]

 [[616 211]]

 [[615 210]]

 [[614 209]]

 [[613 208]]

 [[613 207]]

 [[613 206]]

 [[612 205]]

 [[611 204]]

 [[610 203]]

 [[609 202]]

 [[608 202]]

 [[607 201]]

 [[606 200]]

 [[605 199]]

 [[605 198]]

 [[605 197]]

 [[604 196]]

 [[604 195]]

 [[603 194]]

 [[602 194]]

 [[601 194]]

 [[600 193]]

 [[599 192]]

 [[598 192]]

 [[597 191]]

 [[596 190]]

 [[596 189]]

 [[595 188]]

 [[594 188]]

 [[593 188]]

 [[592 187]]

 [[591 186]]

 [[590 185]]

 [[589 184]]

 [[588 183]]

 [[588 182]]

 [[587 181]]

 [[586 180]]

 [[585 180]]

 [[584 179]]

 [[583 178]]

 [[582 178]]

 [[581 177]]

 [[580 177]]

 [[579 176]]

 [[578 175]]

 [[577 174]]

 [[576 173]]

 [[575 173]]

 [[574 172]]

 [[573 171]]

 [[572 170]]

 [[571 170]]

 [[570 169]]

 [[569 168]]

 [[568 168]]

 [[567 168]]

 [[566 168]]

 [[565 167]]

 [[564 166]]

 [[563 165]]

 [[562 164]]

 [[562 163]]

 [[562 162]]

 [[561 161]]

 [[560 160]]

 [[559 160]]

 [[558 159]]

 [[557 158]]

 [[556 157]]

 [[555 156]]

 [[554 155]]

 [[554 154]]

 [[553 153]]

 [[552 152]]

 [[551 152]]

 [[550 151]]

 [[549 151]]

 [[548 150]]

 [[547 150]]

 [[546 149]]

 [[545 148]]

 [[544 147]]

 [[543 146]]

 [[542 146]]

 [[541 145]]

 [[540 144]]

 [[540 143]]

 [[539 142]]

 [[538 141]]

 [[538 140]]

 [[537 139]]

 [[537 138]]

 [[536 138]]

 [[535 137]]

 [[534 136]]

 [[533 135]]

 [[532 134]]

 [[532 133]]

 [[531 132]]

 [[531 131]]

 [[531 130]]

 [[531 129]]

 [[530 128]]

 [[530 127]]

 [[530 126]]

 [[530 125]]

 [[530 124]]

 [[530 123]]

 [[529 122]]

 [[529 121]]

 [[529 120]]

 [[529 119]]

 [[528 118]]

 [[529 117]]

 [[529 116]]

 [[530 115]]

 [[530 114]]

 [[530 113]]

 [[530 112]]

 [[530 111]]

 [[530 110]]

 [[530 109]]

 [[531 108]]

 [[532 108]]

 [[533 108]]

 [[534 108]]

 [[535 108]]

 [[536 108]]

 [[537 108]]

 [[538 108]]

 [[539 107]]

 [[540 106]]

 [[541 105]]

 [[542 104]]

 [[543 105]]

 [[544 105]]

 [[545 105]]

 [[545 104]]

 [[544 104]]

 [[543 104]]

 [[542 104]]

 [[541 103]]

 [[540 102]]

 [[539 102]]

 [[538 101]]]
