[[[  0   0]]

 [[607 120]]

 [[607 121]]

 [[608 122]]

 [[608 123]]

 [[608 124]]

 [[608 125]]

 [[609 126]]

 [[610 125]]

 [[611 125]]

 [[612 125]]

 [[613 124]]

 [[614 124]]

 [[615 124]]

 [[616 124]]

 [[617 124]]

 [[618 124]]

 [[619 123]]

 [[620 124]]

 [[621 123]]

 [[622 124]]

 [[622 125]]

 [[622 126]]

 [[623 127]]

 [[624 128]]

 [[625 129]]

 [[624 130]]

 [[623 131]]

 [[622 132]]

 [[621 132]]

 [[620 133]]

 [[619 133]]

 [[618 134]]

 [[618 135]]

 [[617 136]]

 [[617 137]]

 [[617 138]]

 [[617 139]]

 [[616 140]]

 [[616 141]]

 [[616 142]]

 [[615 143]]

 [[615 144]]

 [[614 145]]

 [[614 146]]

 [[613 147]]

 [[614 148]]

 [[615 149]]

 [[615 150]]

 [[615 151]]

 [[615 152]]

 [[616 153]]

 [[615 154]]

 [[615 155]]

 [[615 156]]

 [[615 157]]

 [[615 158]]

 [[614 159]]

 [[613 160]]

 [[612 160]]

 [[611 161]]

 [[610 161]]

 [[609 162]]

 [[608 161]]

 [[609 162]]

 [[610 163]]

 [[611 164]]

 [[611 165]]

 [[611 166]]

 [[611 167]]

 [[612 168]]

 [[613 168]]

 [[614 168]]

 [[615 168]]

 [[616 168]]

 [[616 167]]

 [[616 166]]

 [[616 165]]

 [[615 164]]

 [[616 163]]

 [[617 163]]

 [[618 162]]

 [[619 161]]

 [[619 160]]

 [[619 159]]

 [[619 158]]

 [[619 157]]

 [[618 156]]

 [[618 155]]

 [[619 154]]

 [[619 153]]

 [[618 152]]

 [[618 151]]

 [[618 150]]

 [[617 149]]

 [[617 148]]

 [[616 147]]

 [[616 146]]

 [[616 145]]

 [[617 144]]

 [[618 143]]

 [[618 142]]

 [[619 141]]

 [[619 140]]

 [[620 139]]

 [[621 139]]

 [[622 140]]

 [[623 141]]

 [[624 141]]

 [[625 141]]

 [[626 141]]

 [[627 142]]

 [[628 142]]

 [[629 142]]

 [[630 143]]

 [[631 143]]

 [[632 144]]

 [[632 145]]

 [[632 146]]

 [[632 147]]

 [[632 148]]

 [[632 149]]

 [[631 150]]

 [[630 151]]

 [[629 151]]

 [[628 151]]

 [[627 152]]

 [[627 153]]

 [[628 154]]

 [[628 155]]

 [[628 156]]

 [[629 157]]

 [[629 158]]

 [[628 159]]

 [[628 160]]

 [[627 161]]

 [[626 162]]

 [[626 163]]

 [[626 164]]

 [[627 165]]

 [[628 164]]

 [[629 164]]

 [[630 163]]

 [[631 163]]

 [[632 163]]

 [[633 164]]

 [[634 164]]

 [[635 165]]

 [[636 166]]

 [[637 167]]

 [[638 167]]

 [[638 166]]

 [[637 165]]

 [[636 164]]

 [[636 163]]

 [[637 162]]

 [[638 161]]

 [[638 160]]

 [[638 159]]

 [[637 158]]

 [[637 157]]

 [[636 156]]

 [[636 155]]

 [[636 154]]

 [[636 153]]

 [[635 152]]

 [[634 151]]

 [[634 150]]

 [[634 149]]

 [[634 148]]

 [[634 147]]

 [[634 146]]

 [[634 145]]

 [[634 144]]

 [[635 143]]

 [[635 142]]

 [[636 141]]

 [[636 140]]

 [[636 139]]

 [[636 138]]

 [[636 137]]

 [[636 136]]

 [[636 135]]

 [[635 134]]

 [[635 133]]

 [[634 132]]

 [[634 131]]

 [[633 131]]

 [[632 130]]

 [[631 130]]

 [[630 129]]

 [[629 128]]

 [[629 127]]

 [[628 126]]

 [[628 125]]

 [[627 124]]

 [[626 123]]

 [[625 123]]

 [[624 124]]

 [[623 124]]

 [[622 123]]

 [[621 122]]

 [[620 121]]

 [[620 120]]

 [[619 120]]

 [[618 119]]

 [[617 119]]

 [[616 119]]

 [[615 119]]

 [[614 120]]

 [[613 120]]

 [[612 120]]

 [[611 120]]

 [[610 120]]

 [[609 120]]]
[[[  0   0]]

 [[ 60 120]]

 [[ 59 121]]

 [[ 59 122]]

 [[ 59 123]]

 [[ 58 124]]

 [[ 57 125]]

 [[ 56 126]]

 [[ 55 126]]

 [[ 54 127]]

 [[ 53 127]]

 [[ 52 128]]

 [[ 52 129]]

 [[ 52 130]]

 [[ 51 131]]

 [[ 51 132]]

 [[ 51 133]]

 [[ 50 134]]

 [[ 50 135]]

 [[ 50 136]]

 [[ 49 137]]

 [[ 48 138]]

 [[ 47 139]]

 [[ 46 140]]

 [[ 47 141]]

 [[ 47 142]]

 [[ 48 143]]

 [[ 48 144]]

 [[ 49 145]]

 [[ 49 146]]

 [[ 49 147]]

 [[ 50 148]]

 [[ 51 148]]

 [[ 52 149]]

 [[ 53 149]]

 [[ 54 149]]

 [[ 55 150]]

 [[ 56 151]]

 [[ 57 151]]

 [[ 58 151]]

 [[ 59 151]]

 [[ 60 151]]

 [[ 61 151]]

 [[ 62 151]]

 [[ 63 150]]

 [[ 63 149]]

 [[ 62 148]]

 [[ 62 147]]

 [[ 62 146]]

 [[ 63 145]]

 [[ 64 145]]

 [[ 65 145]]

 [[ 66 145]]

 [[ 67 144]]

 [[ 68 143]]

 [[ 67 143]]

 [[ 66 143]]

 [[ 65 143]]

 [[ 64 142]]

 [[ 64 141]]

 [[ 64 140]]

 [[ 64 139]]

 [[ 65 138]]

 [[ 66 138]]

 [[ 67 138]]

 [[ 68 137]]

 [[ 69 137]]

 [[ 70 136]]

 [[ 71 137]]

 [[ 71 138]]

 [[ 72 138]]

 [[ 73 138]]

 [[ 74 137]]

 [[ 74 136]]

 [[ 73 135]]

 [[ 72 135]]

 [[ 71 135]]

 [[ 70 134]]

 [[ 69 134]]

 [[ 68 134]]

 [[ 67 135]]

 [[ 66 135]]

 [[ 65 135]]

 [[ 64 135]]

 [[ 63 134]]

 [[ 62 133]]

 [[ 62 132]]

 [[ 62 131]]

 [[ 61 130]]

 [[ 60 129]]

 [[ 60 128]]

 [[ 61 127]]

 [[ 62 126]]

 [[ 63 125]]

 [[ 64 125]]

 [[ 63 125]]

 [[ 62 124]]

 [[ 61 123]]

 [[ 60 122]]

 [[ 60 121]]

 [[ 60 120]]]
[[[  0   0]]

 [[570  90]]

 [[569  90]]

 [[568  91]]

 [[567  92]]

 [[566  93]]

 [[565  94]]

 [[564  94]]

 [[563  94]]

 [[563  95]]

 [[562  96]]

 [[561  97]]

 [[560  97]]

 [[559  97]]

 [[558  97]]

 [[557  97]]

 [[556  97]]

 [[556  98]]

 [[556  99]]

 [[557 100]]

 [[558 101]]

 [[557 102]]

 [[556 102]]

 [[555 102]]

 [[554 102]]

 [[553 101]]

 [[552 101]]

 [[551 100]]

 [[550  99]]

 [[549  98]]

 [[549  97]]

 [[550  96]]

 [[551  95]]

 [[552  94]]

 [[553  94]]

 [[554  94]]

 [[555  94]]

 [[556  94]]

 [[557  94]]

 [[558  94]]

 [[559  94]]

 [[560  93]]

 [[559  93]]

 [[558  92]]

 [[557  92]]

 [[556  92]]

 [[555  92]]

 [[554  93]]

 [[553  94]]

 [[552  94]]

 [[551  93]]

 [[551  92]]

 [[550  91]]

 [[549  91]]

 [[548  90]]

 [[547  90]]

 [[546  90]]

 [[545  91]]

 [[545  92]]

 [[545  93]]

 [[546  94]]

 [[546  95]]

 [[546  96]]

 [[547  97]]

 [[547  98]]

 [[546  99]]

 [[545  98]]

 [[544  98]]

 [[543  98]]

 [[542  98]]

 [[542  99]]

 [[542 100]]

 [[543 100]]

 [[544 100]]

 [[545  99]]

 [[546  99]]

 [[547  99]]

 [[548 100]]

 [[549 100]]

 [[550 101]]

 [[551 102]]

 [[552 103]]

 [[553 103]]

 [[554 103]]

 [[555 103]]

 [[556 104]]

 [[557 105]]

 [[558 106]]

 [[558 107]]

 [[559 108]]

 [[559 109]]

 [[559 110]]

 [[559 111]]

 [[559 112]]

 [[560 113]]

 [[560 114]]

 [[561 115]]

 [[562 115]]

 [[563 116]]

 [[564 117]]

 [[564 118]]

 [[565 119]]

 [[566 119]]

 [[567 120]]

 [[568 121]]

 [[568 122]]

 [[568 123]]

 [[569 124]]

 [[569 125]]

 [[570 125]]

 [[571 125]]

 [[572 125]]

 [[573 126]]

 [[574 126]]

 [[575 127]]

 [[576 127]]

 [[577 126]]

 [[578 126]]

 [[579 126]]

 [[580 127]]

 [[581 126]]

 [[582 127]]

 [[583 127]]

 [[584 127]]

 [[585 127]]

 [[586 127]]

 [[587 126]]

 [[588 126]]

 [[589 126]]

 [[590 126]]

 [[591 126]]

 [[592 127]]

 [[591 128]]

 [[591 129]]

 [[592 129]]

 [[593 129]]

 [[594 129]]

 [[595 128]]

 [[596 128]]

 [[597 128]]

 [[598 128]]

 [[599 129]]

 [[599 128]]

 [[599 127]]

 [[598 126]]

 [[598 125]]

 [[597 126]]

 [[596 125]]

 [[595 124]]

 [[595 123]]

 [[594 123]]

 [[593 122]]

 [[592 122]]

 [[591 122]]

 [[590 123]]

 [[589 123]]

 [[588 123]]

 [[587 123]]

 [[586 123]]

 [[585 123]]

 [[584 123]]

 [[583 123]]

 [[582 123]]

 [[581 123]]

 [[580 123]]

 [[579 123]]

 [[578 123]]

 [[577 123]]

 [[576 123]]

 [[575 122]]

 [[574 121]]

 [[573 121]]

 [[572 120]]

 [[571 120]]

 [[570 119]]

 [[569 118]]

 [[568 118]]

 [[567 117]]

 [[566 116]]

 [[565 115]]

 [[564 114]]

 [[564 113]]

 [[563 112]]

 [[563 111]]

 [[563 110]]

 [[563 109]]

 [[562 108]]

 [[562 107]]

 [[562 106]]

 [[562 105]]

 [[562 104]]

 [[561 103]]

 [[560 102]]

 [[561 101]]

 [[561 100]]

 [[561  99]]

 [[562  98]]

 [[563  97]]

 [[564  96]]

 [[565  95]]

 [[566  95]]

 [[567  94]]

 [[568  94]]

 [[569  94]]

 [[570  94]]

 [[571  95]]

 [[572  96]]

 [[573  97]]

 [[574  97]]

 [[575  98]]

 [[576  99]]

 [[577 100]]

 [[578 101]]

 [[579 102]]

 [[580 102]]

 [[581 103]]

 [[582 103]]

 [[583 104]]

 [[584 104]]

 [[585 104]]

 [[586 104]]

 [[587 104]]

 [[588 104]]

 [[589 104]]

 [[590 105]]

 [[591 105]]

 [[592 105]]

 [[593 105]]

 [[594 106]]

 [[594 107]]

 [[594 108]]

 [[594 109]]

 [[594 110]]

 [[594 111]]

 [[594 112]]

 [[594 113]]

 [[594 114]]

 [[594 115]]

 [[594 116]]

 [[593 117]]

 [[593 118]]

 [[594 119]]

 [[595 120]]

 [[596 121]]

 [[597 121]]

 [[598 121]]

 [[599 122]]

 [[600 123]]

 [[600 124]]

 [[601 123]]

 [[602 123]]

 [[603 123]]

 [[603 122]]

 [[603 121]]

 [[603 120]]

 [[604 119]]

 [[605 119]]

 [[605 118]]

 [[604 118]]

 [[603 117]]

 [[602 117]]

 [[601 116]]

 [[600 115]]

 [[599 115]]

 [[598 115]]

 [[597 115]]

 [[596 114]]

 [[596 113]]

 [[597 112]]

 [[597 111]]

 [[598 110]]

 [[599 109]]

 [[600 108]]

 [[600 107]]

 [[600 106]]

 [[600 105]]

 [[599 105]]

 [[598 104]]

 [[597 103]]

 [[597 102]]

 [[596 101]]

 [[595 100]]

 [[594  99]]

 [[593  98]]

 [[592  98]]

 [[591  97]]

 [[590  96]]

 [[589  96]]

 [[588  95]]

 [[587  94]]

 [[586  94]]

 [[585  93]]

 [[584  92]]

 [[583  92]]

 [[582  91]]

 [[581  91]]

 [[580  91]]

 [[579  90]]

 [[578  90]]

 [[577  90]]

 [[576  90]]

 [[575  90]]

 [[574  89]]

 [[573  89]]

 [[572  89]]]
[[[  0   0]]

 [[103  83]]

 [[102  84]]

 [[101  85]]

 [[100  86]]

 [[ 99  87]]

 [[ 98  87]]

 [[ 97  88]]

 [[ 96  88]]

 [[ 95  88]]

 [[ 95  89]]

 [[ 94  90]]

 [[ 93  91]]

 [[ 93  92]]

 [[ 93  93]]

 [[ 93  94]]

 [[ 93  93]]

 [[ 94  92]]

 [[ 95  93]]

 [[ 95  94]]

 [[ 95  95]]

 [[ 95  96]]

 [[ 95  97]]

 [[ 95  98]]

 [[ 95  99]]

 [[ 95 100]]

 [[ 95 101]]

 [[ 96 102]]

 [[ 97 103]]

 [[ 98 103]]

 [[ 99 103]]

 [[100 103]]

 [[101 103]]

 [[102 103]]

 [[103 102]]

 [[104 102]]

 [[105 101]]

 [[106 101]]

 [[107 100]]

 [[108 100]]

 [[109  99]]

 [[109  98]]

 [[109  97]]

 [[109  96]]

 [[109  95]]

 [[109  94]]

 [[109  93]]

 [[109  92]]

 [[108  91]]

 [[108  90]]

 [[107  89]]

 [[107  88]]

 [[107  87]]

 [[107  86]]

 [[107  85]]

 [[107  84]]

 [[107  83]]

 [[106  82]]

 [[105  82]]]
[[[  0   0]]

 [[122  69]]

 [[121  70]]

 [[120  71]]

 [[119  72]]

 [[118  72]]

 [[117  72]]

 [[116  73]]

 [[116  74]]

 [[117  75]]

 [[117  76]]

 [[117  77]]

 [[116  78]]

 [[116  79]]

 [[116  80]]

 [[117  81]]

 [[117  82]]

 [[117  83]]

 [[117  84]]

 [[116  85]]

 [[116  86]]

 [[116  87]]

 [[116  88]]

 [[116  89]]

 [[115  90]]

 [[115  91]]

 [[115  92]]

 [[115  93]]

 [[116  94]]

 [[117  95]]

 [[118  95]]

 [[119  95]]

 [[120  95]]

 [[121  94]]

 [[121  93]]

 [[121  92]]

 [[122  91]]

 [[122  90]]

 [[122  89]]

 [[123  88]]

 [[123  87]]

 [[124  86]]

 [[125  86]]

 [[126  85]]

 [[127  84]]

 [[128  84]]

 [[129  83]]

 [[129  82]]

 [[130  81]]

 [[130  80]]

 [[130  79]]

 [[130  78]]

 [[130  77]]

 [[129  76]]

 [[129  75]]

 [[129  74]]

 [[128  73]]

 [[128  72]]

 [[129  71]]

 [[128  70]]

 [[127  69]]

 [[126  69]]

 [[125  69]]

 [[124  68]]]
[[[ 0  0]]

 [[ 6 34]]

 [[ 5 34]]

 [[ 4 35]]

 [[ 3 35]]

 [[ 2 35]]

 [[ 1 35]]

 [[ 1 36]]

 [[ 1 37]]

 [[ 1 38]]

 [[ 1 39]]

 [[ 1 40]]

 [[ 2 40]]

 [[ 3 39]]

 [[ 4 39]]

 [[ 5 39]]

 [[ 6 39]]

 [[ 7 39]]

 [[ 8 38]]

 [[ 9 38]]

 [[10 38]]

 [[11 38]]

 [[12 38]]

 [[13 38]]

 [[14 37]]

 [[15 37]]

 [[16 37]]

 [[17 37]]

 [[18 37]]

 [[19 38]]

 [[20 38]]

 [[21 39]]

 [[22 40]]

 [[23 41]]

 [[23 42]]

 [[23 43]]

 [[24 44]]

 [[24 45]]

 [[24 46]]

 [[24 47]]

 [[24 48]]

 [[24 49]]

 [[24 50]]

 [[24 51]]

 [[24 52]]

 [[24 53]]

 [[25 54]]

 [[25 55]]

 [[25 56]]

 [[25 57]]

 [[25 58]]

 [[25 59]]

 [[26 60]]

 [[26 61]]

 [[26 62]]

 [[26 63]]

 [[26 64]]

 [[26 65]]

 [[27 65]]

 [[26 64]]

 [[26 63]]

 [[26 62]]

 [[27 61]]

 [[26 60]]

 [[26 59]]

 [[26 58]]

 [[26 57]]

 [[26 56]]

 [[26 55]]

 [[27 54]]

 [[27 53]]

 [[26 52]]

 [[26 51]]

 [[26 50]]

 [[26 49]]

 [[26 48]]

 [[26 47]]

 [[26 46]]

 [[26 45]]

 [[27 44]]

 [[27 43]]

 [[28 42]]

 [[29 41]]

 [[30 40]]

 [[31 40]]

 [[32 39]]

 [[33 39]]

 [[34 39]]

 [[35 39]]

 [[36 38]]

 [[37 38]]

 [[38 38]]

 [[39 38]]

 [[40 38]]

 [[41 38]]

 [[42 38]]

 [[43 38]]

 [[44 37]]

 [[45 37]]

 [[46 37]]

 [[47 37]]

 [[48 37]]

 [[49 37]]

 [[50 36]]

 [[51 36]]

 [[52 36]]

 [[53 36]]

 [[54 36]]

 [[55 37]]

 [[56 37]]

 [[57 37]]

 [[58 38]]

 [[59 39]]

 [[59 40]]

 [[60 41]]

 [[60 42]]

 [[60 43]]

 [[61 44]]

 [[61 45]]

 [[61 46]]

 [[60 47]]

 [[60 48]]

 [[60 49]]

 [[60 50]]

 [[60 51]]

 [[60 52]]

 [[61 53]]

 [[61 54]]

 [[61 55]]

 [[62 56]]

 [[62 57]]

 [[62 58]]

 [[62 59]]

 [[62 60]]

 [[62 61]]

 [[62 62]]

 [[62 63]]

 [[62 64]]

 [[62 65]]

 [[62 66]]

 [[62 67]]

 [[63 68]]

 [[63 69]]

 [[63 70]]

 [[63 71]]

 [[63 72]]

 [[63 73]]

 [[63 74]]

 [[63 75]]

 [[63 76]]

 [[63 77]]

 [[64 78]]

 [[65 79]]

 [[65 80]]

 [[65 81]]

 [[65 82]]

 [[65 83]]

 [[66 84]]

 [[66 85]]

 [[65 86]]

 [[65 87]]

 [[64 88]]

 [[64 89]]

 [[63 90]]

 [[62 91]]

 [[61 92]]

 [[62 92]]

 [[63 92]]

 [[64 92]]

 [[65 92]]

 [[66 91]]

 [[67 91]]

 [[68 91]]

 [[69 90]]

 [[70 89]]

 [[70 88]]

 [[69 87]]

 [[69 86]]

 [[69 85]]

 [[69 84]]

 [[69 83]]

 [[69 82]]

 [[69 81]]

 [[69 80]]

 [[69 79]]

 [[68 78]]

 [[68 77]]

 [[67 76]]

 [[66 75]]

 [[66 74]]

 [[66 73]]

 [[66 72]]

 [[66 71]]

 [[65 70]]

 [[65 69]]

 [[65 68]]

 [[66 67]]

 [[66 66]]

 [[67 65]]

 [[67 64]]

 [[67 63]]

 [[67 62]]

 [[67 61]]

 [[67 60]]

 [[67 59]]

 [[68 58]]

 [[67 58]]

 [[66 57]]

 [[66 56]]

 [[66 55]]

 [[66 54]]

 [[67 53]]

 [[67 52]]

 [[67 51]]

 [[68 50]]

 [[69 49]]

 [[68 48]]

 [[67 47]]

 [[66 47]]

 [[65 46]]

 [[65 45]]

 [[65 44]]

 [[64 43]]

 [[65 42]]

 [[65 41]]

 [[65 40]]

 [[65 39]]

 [[65 38]]

 [[64 38]]

 [[63 37]]

 [[63 36]]

 [[62 35]]

 [[61 36]]

 [[60 36]]

 [[59 36]]

 [[58 36]]

 [[57 35]]

 [[56 35]]

 [[55 34]]

 [[54 34]]

 [[53 34]]

 [[52 34]]

 [[51 33]]

 [[50 33]]

 [[49 34]]

 [[48 34]]

 [[47 34]]

 [[46 34]]

 [[45 33]]

 [[44 33]]

 [[43 33]]

 [[42 33]]

 [[41 33]]

 [[40 33]]

 [[39 34]]

 [[38 34]]

 [[37 34]]

 [[36 34]]

 [[35 35]]

 [[34 35]]

 [[33 36]]

 [[32 35]]

 [[31 36]]

 [[30 35]]

 [[29 36]]

 [[28 35]]

 [[27 35]]

 [[26 35]]

 [[25 34]]

 [[24 34]]

 [[23 34]]

 [[22 34]]

 [[21 34]]

 [[20 34]]

 [[19 34]]

 [[18 34]]

 [[17 34]]

 [[16 34]]

 [[15 34]]

 [[14 34]]

 [[13 33]]

 [[12 33]]

 [[11 33]]

 [[10 33]]

 [[ 9 33]]

 [[ 8 33]]]
[[[  0   0]]

 [[ 97  26]]

 [[ 96  26]]

 [[ 95  26]]

 [[ 94  26]]

 [[ 93  26]]

 [[ 92  26]]

 [[ 91  26]]

 [[ 90  26]]

 [[ 89  26]]

 [[ 88  26]]

 [[ 87  27]]

 [[ 87  28]]

 [[ 87  29]]

 [[ 86  30]]

 [[ 86  31]]

 [[ 87  32]]

 [[ 88  32]]

 [[ 89  32]]

 [[ 90  31]]

 [[ 91  31]]

 [[ 92  31]]

 [[ 93  31]]

 [[ 94  31]]

 [[ 95  31]]

 [[ 96  31]]

 [[ 97  31]]

 [[ 98  31]]

 [[ 99  30]]

 [[100  30]]

 [[101  30]]

 [[102  31]]

 [[103  31]]

 [[104  31]]

 [[105  32]]

 [[106  32]]

 [[107  32]]

 [[108  32]]

 [[109  32]]

 [[110  31]]

 [[111  31]]

 [[112  31]]

 [[113  31]]

 [[114  31]]

 [[115  31]]

 [[116  31]]

 [[117  31]]

 [[118  31]]

 [[119  31]]

 [[120  32]]

 [[121  32]]

 [[122  32]]

 [[123  32]]

 [[124  32]]

 [[125  32]]

 [[126  32]]

 [[127  32]]

 [[128  32]]

 [[129  32]]

 [[130  32]]

 [[131  31]]

 [[132  31]]

 [[133  31]]

 [[134  31]]

 [[135  31]]

 [[136  32]]

 [[137  33]]

 [[138  34]]

 [[139  34]]

 [[140  34]]

 [[141  34]]

 [[142  34]]

 [[143  34]]

 [[144  34]]

 [[145  34]]

 [[146  34]]

 [[147  34]]

 [[148  34]]

 [[149  34]]

 [[150  34]]

 [[151  34]]

 [[152  34]]

 [[153  34]]

 [[154  34]]

 [[155  35]]

 [[156  36]]

 [[157  36]]

 [[158  36]]

 [[159  36]]

 [[160  36]]

 [[161  36]]

 [[162  36]]

 [[163  36]]

 [[164  36]]

 [[165  36]]

 [[166  36]]

 [[167  36]]

 [[168  36]]

 [[169  36]]

 [[170  36]]

 [[171  35]]

 [[172  35]]

 [[173  36]]

 [[174  37]]

 [[175  38]]

 [[175  39]]

 [[175  40]]

 [[175  41]]

 [[175  42]]

 [[174  43]]

 [[174  44]]

 [[174  45]]

 [[173  46]]

 [[172  46]]

 [[171  47]]

 [[170  47]]

 [[169  47]]

 [[168  48]]

 [[167  48]]

 [[166  48]]

 [[165  48]]

 [[164  49]]

 [[163  50]]

 [[162  51]]

 [[162  52]]

 [[162  53]]

 [[162  54]]

 [[162  55]]

 [[163  56]]

 [[163  57]]

 [[163  58]]

 [[163  59]]

 [[163  60]]

 [[162  61]]

 [[161  62]]

 [[161  63]]

 [[162  64]]

 [[162  65]]

 [[162  66]]

 [[162  67]]

 [[162  68]]

 [[162  69]]

 [[163  70]]

 [[163  71]]

 [[164  71]]

 [[165  71]]

 [[166  71]]

 [[167  71]]

 [[168  70]]

 [[169  69]]

 [[170  69]]

 [[170  68]]

 [[171  67]]

 [[171  66]]

 [[171  65]]

 [[171  64]]

 [[172  63]]

 [[173  63]]

 [[174  64]]

 [[173  65]]

 [[173  66]]

 [[173  67]]

 [[173  68]]

 [[173  69]]

 [[173  70]]

 [[174  71]]

 [[174  72]]

 [[174  73]]

 [[174  74]]

 [[173  75]]

 [[173  76]]

 [[173  77]]

 [[173  78]]

 [[173  79]]

 [[174  80]]

 [[174  81]]

 [[174  82]]

 [[174  83]]

 [[174  84]]

 [[174  85]]

 [[174  86]]

 [[174  87]]

 [[174  88]]

 [[174  89]]

 [[174  90]]

 [[175  91]]

 [[176  91]]

 [[177  92]]

 [[178  92]]

 [[179  93]]

 [[180  94]]

 [[181  94]]

 [[182  94]]

 [[183  94]]

 [[184  95]]

 [[185  95]]

 [[186  95]]

 [[187  95]]

 [[188  94]]

 [[189  94]]

 [[190  94]]

 [[191  95]]

 [[192  94]]

 [[193  94]]

 [[194  94]]

 [[195  94]]

 [[196  94]]

 [[197  95]]

 [[198  94]]

 [[199  93]]

 [[200  92]]

 [[201  92]]

 [[202  92]]

 [[203  92]]

 [[204  92]]

 [[205  92]]

 [[206  92]]

 [[207  92]]

 [[208  93]]

 [[209  93]]

 [[210  93]]

 [[211  92]]

 [[212  92]]

 [[213  91]]

 [[214  91]]

 [[215  90]]

 [[216  89]]

 [[216  88]]

 [[216  87]]

 [[216  86]]

 [[216  85]]

 [[217  84]]

 [[217  83]]

 [[217  82]]

 [[217  81]]

 [[217  80]]

 [[217  79]]

 [[217  78]]

 [[216  77]]

 [[216  76]]

 [[216  75]]

 [[216  74]]

 [[216  73]]

 [[216  72]]

 [[216  71]]

 [[217  70]]

 [[218  69]]

 [[218  68]]

 [[218  67]]

 [[218  66]]

 [[218  65]]

 [[217  65]]

 [[216  66]]

 [[215  65]]

 [[215  64]]

 [[215  63]]

 [[215  62]]

 [[215  61]]

 [[215  60]]

 [[215  59]]

 [[215  58]]

 [[215  57]]

 [[216  56]]

 [[217  55]]

 [[217  54]]

 [[216  53]]

 [[215  52]]

 [[214  52]]

 [[213  51]]

 [[212  50]]

 [[212  49]]

 [[211  48]]

 [[211  47]]

 [[211  46]]

 [[211  45]]

 [[211  44]]

 [[211  43]]

 [[211  42]]

 [[212  41]]

 [[213  41]]

 [[214  41]]

 [[215  40]]

 [[216  40]]

 [[217  40]]

 [[218  40]]

 [[219  41]]

 [[220  42]]

 [[221  43]]

 [[222  43]]

 [[223  44]]

 [[224  44]]

 [[225  44]]

 [[226  44]]

 [[227  45]]

 [[228  45]]

 [[229  45]]

 [[230  45]]

 [[231  45]]

 [[232  45]]

 [[233  45]]

 [[234  44]]

 [[235  44]]

 [[236  44]]

 [[237  44]]

 [[238  44]]

 [[239  44]]

 [[240  44]]

 [[241  44]]

 [[242  43]]

 [[243  43]]

 [[244  44]]

 [[245  43]]

 [[246  43]]

 [[247  43]]

 [[248  43]]

 [[249  43]]

 [[249  42]]

 [[249  41]]

 [[249  40]]

 [[249  39]]

 [[249  38]]

 [[249  37]]

 [[250  36]]

 [[250  35]]

 [[250  34]]

 [[250  33]]

 [[250  32]]

 [[250  31]]

 [[250  32]]

 [[250  33]]

 [[249  34]]

 [[249  35]]

 [[248  36]]

 [[247  37]]

 [[246  37]]

 [[245  37]]

 [[244  37]]

 [[243  38]]

 [[242  38]]

 [[241  38]]

 [[240  38]]

 [[239  39]]

 [[238  39]]

 [[237  39]]

 [[236  39]]

 [[235  39]]

 [[234  39]]

 [[233  39]]

 [[232  39]]

 [[231  39]]

 [[230  39]]

 [[229  39]]

 [[228  39]]

 [[227  39]]

 [[226  39]]

 [[225  38]]

 [[224  38]]

 [[223  38]]

 [[222  38]]

 [[221  37]]

 [[220  36]]

 [[219  36]]

 [[218  35]]

 [[217  35]]

 [[216  36]]

 [[215  36]]

 [[214  36]]

 [[213  36]]

 [[212  35]]

 [[211  35]]

 [[210  34]]

 [[209  33]]

 [[208  32]]

 [[207  32]]

 [[206  32]]

 [[205  31]]

 [[204  31]]

 [[203  31]]

 [[202  31]]

 [[201  31]]

 [[200  31]]

 [[199  31]]

 [[198  31]]

 [[197  31]]

 [[196  31]]

 [[195  31]]

 [[194  31]]

 [[193  31]]

 [[192  31]]

 [[191  31]]

 [[190  31]]

 [[189  31]]

 [[188  31]]

 [[187  32]]

 [[186  32]]

 [[185  32]]

 [[184  32]]

 [[183  32]]

 [[182  32]]

 [[181  32]]

 [[180  32]]

 [[179  32]]

 [[178  33]]

 [[177  33]]

 [[176  32]]

 [[175  32]]

 [[174  32]]

 [[173  32]]

 [[172  32]]

 [[171  32]]

 [[170  31]]

 [[169  31]]

 [[168  31]]

 [[167  31]]

 [[166  31]]

 [[165  31]]

 [[164  31]]

 [[163  31]]

 [[162  31]]

 [[161  31]]

 [[160  31]]

 [[159  31]]

 [[158  31]]

 [[157  31]]

 [[156  31]]

 [[155  30]]

 [[154  30]]

 [[153  30]]

 [[152  30]]

 [[151  30]]

 [[150  30]]

 [[149  30]]

 [[148  30]]

 [[147  30]]

 [[146  30]]

 [[145  30]]

 [[144  30]]

 [[143  30]]

 [[142  29]]

 [[141  29]]

 [[140  29]]

 [[139  29]]

 [[138  29]]

 [[137  28]]

 [[136  27]]

 [[135  26]]

 [[134  25]]

 [[133  25]]

 [[132  25]]

 [[131  25]]

 [[130  26]]

 [[129  26]]

 [[128  26]]

 [[127  26]]

 [[126  26]]

 [[125  26]]

 [[124  26]]

 [[123  26]]

 [[122  26]]

 [[121  26]]

 [[120  26]]

 [[119  26]]

 [[118  26]]

 [[117  27]]

 [[116  27]]

 [[115  27]]

 [[114  27]]

 [[113  27]]

 [[112  27]]

 [[111  27]]

 [[110  27]]

 [[109  27]]

 [[108  27]]

 [[107  27]]

 [[106  27]]

 [[105  27]]

 [[104  27]]

 [[103  27]]

 [[102  26]]

 [[101  26]]

 [[100  26]]

 [[ 99  26]]]
[[[  0   0]]

 [[201  32]]

 [[202  32]]

 [[203  32]]

 [[204  33]]

 [[205  33]]

 [[206  34]]

 [[206  35]]

 [[207  35]]

 [[208  36]]

 [[209  37]]

 [[209  38]]

 [[209  39]]

 [[209  40]]

 [[209  41]]

 [[209  42]]

 [[209  43]]

 [[209  44]]

 [[209  45]]

 [[209  46]]

 [[209  47]]

 [[210  48]]

 [[210  49]]

 [[210  50]]

 [[210  51]]

 [[211  52]]

 [[211  53]]

 [[211  54]]

 [[211  55]]

 [[211  56]]

 [[211  57]]

 [[211  58]]

 [[211  59]]

 [[212  60]]

 [[212  61]]

 [[212  62]]

 [[212  63]]

 [[212  64]]

 [[212  65]]

 [[212  66]]

 [[212  67]]

 [[212  68]]

 [[212  69]]

 [[212  70]]

 [[212  71]]

 [[213  72]]

 [[213  73]]

 [[213  74]]

 [[212  75]]

 [[213  76]]

 [[214  77]]

 [[214  78]]

 [[214  79]]

 [[214  80]]

 [[214  81]]

 [[214  82]]

 [[214  83]]

 [[214  84]]

 [[214  85]]

 [[214  86]]

 [[214  87]]

 [[213  88]]

 [[212  89]]

 [[211  89]]

 [[210  89]]

 [[209  89]]

 [[208  89]]

 [[207  89]]

 [[206  90]]

 [[205  90]]

 [[204  89]]

 [[203  89]]

 [[202  89]]

 [[201  90]]

 [[200  90]]

 [[199  90]]

 [[198  90]]

 [[197  90]]

 [[196  90]]

 [[195  90]]

 [[194  90]]

 [[193  91]]

 [[192  91]]

 [[191  91]]

 [[190  91]]

 [[189  91]]

 [[188  91]]

 [[187  90]]

 [[186  90]]

 [[185  90]]

 [[184  91]]

 [[183  91]]

 [[182  91]]

 [[181  91]]

 [[180  90]]

 [[179  89]]

 [[178  89]]

 [[177  88]]

 [[177  87]]

 [[177  86]]

 [[176  85]]

 [[176  84]]

 [[176  83]]

 [[176  82]]

 [[176  81]]

 [[176  80]]

 [[177  79]]

 [[177  78]]

 [[177  77]]

 [[177  76]]

 [[177  75]]

 [[177  74]]

 [[177  73]]

 [[177  72]]

 [[177  71]]

 [[177  70]]

 [[176  69]]

 [[176  68]]

 [[176  67]]

 [[176  66]]

 [[176  65]]

 [[176  64]]

 [[176  63]]

 [[176  62]]

 [[176  61]]

 [[176  60]]

 [[175  59]]

 [[175  58]]

 [[175  57]]

 [[175  56]]

 [[175  55]]

 [[175  54]]

 [[175  53]]

 [[175  52]]

 [[175  51]]

 [[175  50]]

 [[176  49]]

 [[176  48]]

 [[176  47]]

 [[176  46]]

 [[176  45]]

 [[176  44]]

 [[176  43]]

 [[176  42]]

 [[176  41]]

 [[176  40]]

 [[176  39]]

 [[177  38]]

 [[178  37]]

 [[179  36]]

 [[180  35]]

 [[181  35]]

 [[182  35]]

 [[183  34]]

 [[184  34]]

 [[185  34]]

 [[186  34]]

 [[187  34]]

 [[188  33]]

 [[189  33]]

 [[190  33]]

 [[191  33]]

 [[192  33]]

 [[193  33]]

 [[194  33]]

 [[195  33]]

 [[196  33]]

 [[197  33]]

 [[198  33]]

 [[199  33]]]
[[[  0   0]]

 [[132  11]]

 [[131  11]]

 [[130  11]]

 [[129  11]]

 [[128  11]]

 [[127  11]]

 [[126  11]]

 [[125  11]]

 [[124  11]]

 [[123  11]]

 [[122  11]]

 [[121  11]]

 [[120  11]]

 [[119  11]]

 [[118  12]]

 [[117  12]]

 [[116  13]]

 [[115  13]]

 [[114  13]]

 [[113  13]]

 [[112  13]]

 [[111  13]]

 [[110  13]]

 [[109  13]]

 [[108  13]]

 [[107  13]]

 [[106  13]]

 [[105  13]]

 [[104  13]]

 [[103  13]]

 [[102  12]]

 [[101  12]]

 [[100  12]]

 [[ 99  12]]

 [[ 98  12]]

 [[ 97  13]]

 [[ 96  13]]

 [[ 95  12]]

 [[ 94  12]]

 [[ 93  12]]

 [[ 92  12]]

 [[ 91  12]]

 [[ 90  12]]

 [[ 89  12]]

 [[ 88  12]]

 [[ 87  12]]

 [[ 86  12]]

 [[ 86  13]]

 [[ 86  14]]

 [[ 86  15]]

 [[ 86  16]]

 [[ 86  17]]

 [[ 87  18]]

 [[ 88  18]]

 [[ 89  18]]

 [[ 90  18]]

 [[ 91  18]]

 [[ 92  18]]

 [[ 93  18]]

 [[ 94  18]]

 [[ 95  17]]

 [[ 96  17]]

 [[ 97  17]]

 [[ 98  17]]

 [[ 99  17]]

 [[100  17]]

 [[101  17]]

 [[102  17]]

 [[103  18]]

 [[104  18]]

 [[105  18]]

 [[106  18]]

 [[107  18]]

 [[108  18]]

 [[109  18]]

 [[110  18]]

 [[111  18]]

 [[112  17]]

 [[113  17]]

 [[114  17]]

 [[115  17]]

 [[116  17]]

 [[117  17]]

 [[118  17]]

 [[119  17]]

 [[120  17]]

 [[121  17]]

 [[122  17]]

 [[123  17]]

 [[124  17]]

 [[125  17]]

 [[126  17]]

 [[127  17]]

 [[128  17]]

 [[129  17]]

 [[130  17]]

 [[131  17]]

 [[132  17]]

 [[133  17]]

 [[134  17]]

 [[135  17]]

 [[136  17]]

 [[137  18]]

 [[138  19]]

 [[139  19]]

 [[140  20]]

 [[141  20]]

 [[142  20]]

 [[143  20]]

 [[144  20]]

 [[145  20]]

 [[146  20]]

 [[147  20]]

 [[148  20]]

 [[149  20]]

 [[150  20]]

 [[151  20]]

 [[152  20]]

 [[153  20]]

 [[154  21]]

 [[155  21]]

 [[156  22]]

 [[157  22]]

 [[158  22]]

 [[159  22]]

 [[160  22]]

 [[161  22]]

 [[162  22]]

 [[163  22]]

 [[164  22]]

 [[165  22]]

 [[166  22]]

 [[167  22]]

 [[168  22]]

 [[169  22]]

 [[170  21]]

 [[171  21]]

 [[172  21]]

 [[173  21]]

 [[174  22]]

 [[175  23]]

 [[176  23]]

 [[177  23]]

 [[178  24]]

 [[179  24]]

 [[180  24]]

 [[181  24]]

 [[182  24]]

 [[183  24]]

 [[184  24]]

 [[185  24]]

 [[186  24]]

 [[187  24]]

 [[188  24]]

 [[189  24]]

 [[190  24]]

 [[191  24]]

 [[192  24]]

 [[193  24]]

 [[194  23]]

 [[195  23]]

 [[196  23]]

 [[197  23]]

 [[198  24]]

 [[199  24]]

 [[200  25]]

 [[201  25]]

 [[202  26]]

 [[203  26]]

 [[204  26]]

 [[205  26]]

 [[206  26]]

 [[207  25]]

 [[208  25]]

 [[209  25]]

 [[210  25]]

 [[211  25]]

 [[212  25]]

 [[213  25]]

 [[214  25]]

 [[215  25]]

 [[216  25]]

 [[217  25]]

 [[218  25]]

 [[219  26]]

 [[220  26]]

 [[221  27]]

 [[222  27]]

 [[223  27]]

 [[224  27]]

 [[225  28]]

 [[226  28]]

 [[227  28]]

 [[228  28]]

 [[229  28]]

 [[230  28]]

 [[231  28]]

 [[232  28]]

 [[233  28]]

 [[234  28]]

 [[235  27]]

 [[236  27]]

 [[237  27]]

 [[238  27]]

 [[239  27]]

 [[240  27]]

 [[241  27]]

 [[242  27]]

 [[243  27]]

 [[244  26]]

 [[245  26]]

 [[246  26]]

 [[247  26]]

 [[248  26]]

 [[248  25]]

 [[249  24]]

 [[249  23]]

 [[249  22]]

 [[249  21]]

 [[249  20]]

 [[249  19]]

 [[249  18]]

 [[249  17]]

 [[249  16]]

 [[249  15]]

 [[249  14]]

 [[250  13]]

 [[249  12]]

 [[248  11]]

 [[248  12]]

 [[248  13]]

 [[248  14]]

 [[248  15]]

 [[248  16]]

 [[248  17]]

 [[248  18]]

 [[248  19]]

 [[247  20]]

 [[246  20]]

 [[245  20]]

 [[244  21]]

 [[243  21]]

 [[242  21]]

 [[241  21]]

 [[240  21]]

 [[239  21]]

 [[238  21]]

 [[237  22]]

 [[236  22]]

 [[235  22]]

 [[234  22]]

 [[233  22]]

 [[232  22]]

 [[231  22]]

 [[230  22]]

 [[229  22]]

 [[228  22]]

 [[227  22]]

 [[226  22]]

 [[225  22]]

 [[224  21]]

 [[223  21]]

 [[222  21]]

 [[221  21]]

 [[220  20]]

 [[219  20]]

 [[218  20]]

 [[217  20]]

 [[216  20]]

 [[215  20]]

 [[214  20]]

 [[213  20]]

 [[212  20]]

 [[211  20]]

 [[210  20]]

 [[209  20]]

 [[208  20]]

 [[207  20]]

 [[206  21]]

 [[205  21]]

 [[204  21]]

 [[203  20]]

 [[202  20]]

 [[201  20]]

 [[200  19]]

 [[199  19]]

 [[198  18]]

 [[197  18]]

 [[196  18]]

 [[195  19]]

 [[194  19]]

 [[193  19]]

 [[192  19]]

 [[191  19]]

 [[190  19]]

 [[189  19]]

 [[188  19]]

 [[187  19]]

 [[186  19]]

 [[185  19]]

 [[184  19]]

 [[183  19]]

 [[182  19]]

 [[181  19]]

 [[180  19]]

 [[179  18]]

 [[178  18]]

 [[177  18]]

 [[176  18]]

 [[175  17]]

 [[174  17]]

 [[173  17]]

 [[172  17]]

 [[171  17]]

 [[170  17]]

 [[169  17]]

 [[168  17]]

 [[167  17]]

 [[166  17]]

 [[165  17]]

 [[164  17]]

 [[163  17]]

 [[162  17]]

 [[161  17]]

 [[160  16]]

 [[159  16]]

 [[158  16]]

 [[157  16]]

 [[156  16]]

 [[155  16]]

 [[154  16]]

 [[153  16]]

 [[152  16]]

 [[151  16]]

 [[150  16]]

 [[149  16]]

 [[148  16]]

 [[147  16]]

 [[146  16]]

 [[145  16]]

 [[144  15]]

 [[143  15]]

 [[142  15]]

 [[141  15]]

 [[140  15]]

 [[139  15]]

 [[138  15]]

 [[137  14]]

 [[137  13]]

 [[136  12]]

 [[136  11]]

 [[135  11]]

 [[134  10]]]
[[[  0   0]]

 [[617   2]]

 [[617   3]]

 [[616   4]]

 [[616   5]]

 [[615   6]]

 [[615   7]]

 [[616   8]]

 [[615   9]]

 [[614  10]]

 [[614  11]]

 [[615  12]]

 [[615  13]]

 [[616  14]]

 [[616  15]]

 [[617  16]]

 [[617  17]]

 [[617  18]]

 [[617  19]]

 [[617  20]]

 [[618  21]]

 [[619  21]]

 [[620  22]]

 [[620  23]]

 [[620  24]]

 [[621  25]]

 [[621  26]]

 [[621  27]]

 [[621  28]]

 [[620  29]]

 [[620  30]]

 [[620  31]]

 [[620  32]]

 [[620  33]]

 [[620  34]]

 [[620  35]]

 [[620  36]]

 [[620  37]]

 [[619  38]]

 [[618  38]]

 [[617  39]]

 [[617  40]]

 [[616  41]]

 [[616  42]]

 [[615  43]]

 [[614  44]]

 [[613  45]]

 [[613  46]]

 [[612  47]]

 [[611  47]]

 [[610  47]]

 [[609  47]]

 [[608  47]]

 [[607  47]]

 [[606  46]]

 [[605  45]]

 [[605  44]]

 [[604  43]]

 [[603  42]]

 [[602  41]]

 [[601  40]]

 [[601  39]]

 [[601  38]]

 [[600  37]]

 [[599  38]]

 [[598  38]]

 [[597  38]]

 [[596  38]]

 [[595  37]]

 [[594  36]]

 [[593  35]]

 [[593  34]]

 [[593  33]]

 [[593  32]]

 [[594  31]]

 [[594  30]]

 [[595  29]]

 [[595  28]]

 [[596  27]]

 [[597  26]]

 [[598  25]]

 [[599  25]]

 [[598  25]]

 [[597  24]]

 [[596  24]]

 [[595  24]]

 [[594  24]]

 [[593  24]]

 [[592  24]]

 [[591  23]]

 [[590  23]]

 [[589  22]]

 [[588  22]]

 [[587  22]]

 [[586  23]]

 [[587  24]]

 [[588  24]]

 [[589  24]]

 [[590  25]]

 [[591  26]]

 [[592  27]]

 [[592  28]]

 [[593  29]]

 [[593  30]]

 [[592  31]]

 [[592  32]]

 [[592  33]]

 [[592  34]]

 [[591  35]]

 [[590  36]]

 [[589  37]]

 [[589  38]]

 [[589  39]]

 [[589  40]]

 [[588  41]]

 [[588  42]]

 [[588  43]]

 [[587  44]]

 [[587  45]]

 [[587  46]]

 [[587  47]]

 [[587  48]]

 [[586  49]]

 [[586  50]]

 [[586  51]]

 [[585  52]]

 [[584  53]]

 [[584  54]]

 [[584  55]]

 [[584  56]]

 [[584  57]]

 [[585  57]]

 [[586  57]]

 [[587  56]]

 [[587  55]]

 [[587  54]]

 [[588  53]]

 [[589  52]]

 [[590  53]]

 [[591  52]]

 [[592  52]]

 [[593  52]]

 [[594  52]]

 [[595  51]]

 [[594  50]]

 [[593  49]]

 [[592  49]]

 [[591  48]]

 [[591  47]]

 [[592  46]]

 [[593  45]]

 [[594  45]]

 [[595  45]]

 [[596  45]]

 [[597  45]]

 [[598  45]]

 [[599  45]]

 [[600  45]]

 [[601  46]]

 [[602  47]]

 [[602  48]]

 [[602  49]]

 [[602  50]]

 [[603  50]]

 [[604  51]]

 [[605  51]]

 [[606  51]]

 [[607  51]]

 [[608  52]]

 [[609  53]]

 [[609  54]]

 [[609  55]]

 [[610  55]]

 [[611  56]]

 [[612  56]]

 [[613  57]]

 [[614  57]]

 [[615  57]]

 [[616  57]]

 [[617  57]]

 [[618  57]]

 [[619  57]]

 [[620  57]]

 [[621  57]]

 [[622  56]]

 [[623  56]]

 [[622  56]]

 [[621  55]]

 [[621  54]]

 [[620  53]]

 [[619  53]]

 [[618  53]]

 [[617  53]]

 [[616  53]]

 [[615  52]]

 [[616  51]]

 [[615  50]]

 [[615  49]]

 [[614  48]]

 [[614  47]]

 [[614  46]]

 [[615  45]]

 [[616  44]]

 [[617  43]]

 [[618  43]]

 [[619  42]]

 [[620  41]]

 [[621  40]]

 [[622  39]]

 [[623  38]]

 [[623  37]]

 [[624  36]]

 [[625  36]]

 [[626  35]]

 [[627  35]]

 [[627  34]]

 [[626  33]]

 [[625  33]]

 [[624  33]]

 [[623  32]]

 [[623  31]]

 [[623  30]]

 [[623  29]]

 [[624  28]]

 [[625  28]]

 [[626  28]]

 [[627  28]]

 [[628  28]]

 [[629  29]]

 [[630  29]]

 [[631  29]]

 [[632  29]]

 [[633  30]]

 [[634  30]]

 [[635  30]]

 [[636  31]]

 [[637  31]]

 [[638  32]]

 [[638  31]]

 [[638  30]]

 [[638  29]]

 [[638  28]]

 [[638  27]]

 [[637  26]]

 [[637  25]]

 [[637  24]]

 [[636  23]]

 [[635  23]]

 [[634  23]]

 [[633  24]]

 [[632  24]]

 [[631  25]]

 [[630  25]]

 [[629  25]]

 [[628  24]]

 [[627  25]]

 [[626  24]]

 [[625  24]]

 [[624  24]]

 [[623  23]]

 [[623  22]]

 [[622  21]]

 [[623  20]]

 [[623  19]]

 [[623  18]]

 [[623  17]]

 [[623  16]]

 [[623  15]]

 [[623  14]]

 [[623  13]]

 [[623  12]]

 [[622  11]]

 [[622  10]]

 [[623   9]]

 [[623   8]]

 [[623   7]]

 [[623   6]]

 [[623   5]]

 [[623   4]]

 [[623   3]]

 [[622   2]]

 [[622   1]]

 [[621   1]]

 [[620   1]]

 [[619   1]]

 [[618   1]]]
[[[  0   0]]

 [[556   2]]

 [[556   3]]

 [[555   4]]

 [[556   5]]

 [[556   6]]

 [[556   7]]

 [[556   8]]

 [[557   8]]

 [[558   9]]

 [[559   9]]

 [[560   9]]

 [[561  10]]

 [[562  11]]

 [[563  12]]

 [[563  13]]

 [[562  14]]

 [[561  14]]

 [[560  15]]

 [[560  16]]

 [[560  17]]

 [[560  18]]

 [[560  19]]

 [[559  20]]

 [[559  21]]

 [[558  22]]

 [[558  23]]

 [[557  24]]

 [[557  25]]

 [[556  26]]

 [[556  27]]

 [[555  28]]

 [[555  29]]

 [[555  30]]

 [[554  31]]

 [[553  32]]

 [[553  33]]

 [[553  34]]

 [[554  34]]

 [[555  34]]

 [[556  34]]

 [[557  35]]

 [[557  36]]

 [[557  37]]

 [[557  38]]

 [[557  39]]

 [[557  40]]

 [[558  40]]

 [[559  40]]

 [[560  40]]

 [[561  40]]

 [[561  39]]

 [[560  38]]

 [[560  37]]

 [[559  36]]

 [[559  35]]

 [[560  34]]

 [[561  34]]

 [[562  34]]

 [[563  35]]

 [[563  36]]

 [[564  36]]

 [[565  36]]

 [[566  36]]

 [[567  35]]

 [[568  34]]

 [[569  34]]

 [[570  35]]

 [[570  36]]

 [[570  37]]

 [[571  37]]

 [[571  36]]

 [[571  35]]

 [[571  34]]

 [[571  33]]

 [[571  32]]

 [[572  31]]

 [[573  30]]

 [[574  31]]

 [[575  31]]

 [[576  31]]

 [[577  30]]

 [[577  29]]

 [[577  28]]

 [[576  27]]

 [[575  26]]

 [[574  25]]

 [[574  24]]

 [[575  23]]

 [[575  22]]

 [[576  21]]

 [[577  20]]

 [[578  20]]

 [[579  20]]

 [[580  20]]

 [[581  20]]

 [[582  20]]

 [[583  21]]

 [[584  21]]

 [[584  20]]

 [[583  19]]

 [[583  18]]

 [[584  17]]

 [[584  16]]

 [[584  15]]

 [[584  14]]

 [[584  13]]

 [[583  13]]

 [[582  13]]

 [[581  13]]

 [[580  13]]

 [[579  12]]

 [[578  11]]

 [[578  10]]

 [[578   9]]

 [[578   8]]

 [[579   7]]

 [[579   6]]

 [[580   5]]

 [[580   4]]

 [[580   3]]

 [[580   2]]

 [[580   1]]

 [[579   1]]

 [[578   1]]

 [[577   1]]

 [[577   2]]

 [[577   3]]

 [[577   4]]

 [[578   5]]

 [[578   6]]

 [[577   7]]

 [[576   7]]

 [[575   7]]

 [[575   8]]

 [[576   8]]

 [[577   8]]

 [[578   9]]

 [[578  10]]

 [[578  11]]

 [[578  12]]

 [[578  13]]

 [[578  14]]

 [[578  15]]

 [[577  16]]

 [[576  15]]

 [[576  14]]

 [[575  13]]

 [[574  12]]

 [[573  12]]

 [[572  12]]

 [[571  13]]

 [[570  13]]

 [[569  13]]

 [[568  12]]

 [[567  11]]

 [[567  10]]

 [[567   9]]

 [[566   8]]

 [[565   7]]

 [[565   6]]

 [[565   5]]

 [[565   4]]

 [[565   3]]

 [[565   2]]

 [[565   1]]

 [[564   1]]

 [[563   1]]

 [[563   2]]

 [[563   3]]

 [[563   4]]

 [[563   5]]

 [[563   6]]

 [[563   7]]

 [[562   8]]

 [[561   8]]

 [[560   7]]

 [[560   6]]

 [[560   5]]

 [[560   4]]

 [[559   3]]

 [[559   2]]

 [[559   1]]

 [[558   1]]

 [[557   1]]]
[[[  0   0]]

 [[565  16]]

 [[566  16]]

 [[567  16]]

 [[568  17]]

 [[569  17]]

 [[570  18]]

 [[571  19]]

 [[571  20]]

 [[571  21]]

 [[572  22]]

 [[572  23]]

 [[572  24]]

 [[572  25]]

 [[572  26]]

 [[572  27]]

 [[572  28]]

 [[572  29]]

 [[571  30]]

 [[570  31]]

 [[569  31]]

 [[568  32]]

 [[567  32]]

 [[566  32]]

 [[565  31]]

 [[564  31]]

 [[563  32]]

 [[562  32]]

 [[561  32]]

 [[560  32]]

 [[559  32]]

 [[558  33]]

 [[557  32]]

 [[556  31]]

 [[556  30]]

 [[555  29]]

 [[556  28]]

 [[556  27]]

 [[557  26]]

 [[557  25]]

 [[558  24]]

 [[559  23]]

 [[559  22]]

 [[559  21]]

 [[560  20]]

 [[560  19]]

 [[561  18]]

 [[562  17]]

 [[563  17]]]
[[[  0   0]]

 [[147   2]]

 [[146   3]]

 [[147   3]]

 [[148   4]]

 [[149   4]]

 [[150   4]]

 [[151   3]]

 [[152   2]]

 [[153   3]]

 [[154   3]]

 [[155   4]]

 [[154   5]]

 [[155   5]]

 [[156   5]]

 [[157   5]]

 [[158   5]]

 [[159   4]]

 [[160   4]]

 [[161   5]]

 [[162   5]]

 [[163   5]]

 [[164   5]]

 [[165   5]]

 [[166   5]]

 [[167   5]]

 [[168   5]]

 [[169   5]]

 [[170   6]]

 [[171   6]]

 [[172   6]]

 [[173   6]]

 [[174   6]]

 [[175   6]]

 [[176   6]]

 [[177   7]]

 [[178   7]]

 [[179   7]]

 [[180   7]]

 [[181   7]]

 [[182   7]]

 [[183   6]]

 [[184   7]]

 [[185   6]]

 [[186   6]]

 [[187   7]]

 [[188   7]]

 [[189   7]]

 [[190   7]]

 [[191   7]]

 [[192   7]]

 [[193   7]]

 [[194   8]]

 [[195   8]]

 [[196   8]]

 [[197   8]]

 [[198   8]]

 [[199   8]]

 [[200   8]]

 [[201   9]]

 [[202   9]]

 [[203   9]]

 [[204   9]]

 [[205   9]]

 [[206   8]]

 [[207   8]]

 [[208   8]]

 [[209   8]]

 [[208   8]]

 [[207   8]]

 [[206   8]]

 [[205   7]]

 [[204   6]]

 [[203   5]]

 [[203   4]]

 [[203   3]]

 [[204   2]]

 [[205   1]]

 [[206   1]]

 [[207   1]]

 [[208   1]]

 [[207   1]]

 [[206   1]]

 [[205   1]]

 [[204   2]]

 [[203   2]]

 [[202   2]]

 [[201   3]]

 [[201   4]]

 [[200   5]]

 [[199   5]]

 [[198   4]]

 [[197   4]]

 [[196   4]]

 [[195   3]]

 [[194   3]]

 [[193   4]]

 [[192   4]]

 [[191   4]]

 [[190   5]]

 [[189   5]]

 [[188   5]]

 [[187   4]]

 [[186   4]]

 [[185   4]]

 [[184   4]]

 [[183   3]]

 [[182   2]]

 [[181   1]]

 [[180   1]]

 [[179   1]]

 [[178   1]]

 [[177   1]]

 [[176   1]]

 [[175   1]]

 [[174   1]]

 [[173   1]]

 [[172   2]]

 [[171   2]]

 [[170   2]]

 [[169   2]]

 [[168   1]]

 [[167   1]]

 [[166   1]]

 [[165   1]]

 [[164   1]]

 [[163   1]]

 [[162   1]]

 [[161   1]]

 [[160   1]]

 [[159   1]]

 [[158   1]]

 [[157   1]]

 [[156   1]]

 [[155   1]]

 [[154   1]]

 [[153   1]]

 [[152   1]]

 [[151   1]]

 [[150   1]]

 [[149   1]]

 [[148   1]]]
