[[[  0   0]]

 [[ 21 180]]

 [[ 20 180]]

 [[ 19 181]]

 [[ 18 181]]

 [[ 17 182]]

 [[ 16 183]]

 [[ 17 184]]

 [[ 17 185]]

 [[ 16 186]]

 [[ 16 187]]

 [[ 16 188]]

 [[ 15 189]]

 [[ 15 190]]

 [[ 15 191]]

 [[ 15 192]]

 [[ 15 193]]

 [[ 15 194]]

 [[ 15 195]]

 [[ 15 196]]

 [[ 15 197]]

 [[ 15 198]]

 [[ 15 199]]

 [[ 15 200]]

 [[ 16 201]]

 [[ 16 202]]

 [[ 16 203]]

 [[ 16 204]]

 [[ 16 205]]

 [[ 17 206]]

 [[ 18 207]]

 [[ 19 207]]

 [[ 20 207]]

 [[ 21 206]]

 [[ 22 206]]

 [[ 23 207]]

 [[ 24 207]]

 [[ 25 207]]

 [[ 26 207]]

 [[ 27 207]]

 [[ 28 206]]

 [[ 29 206]]

 [[ 29 205]]

 [[ 30 204]]

 [[ 31 204]]

 [[ 32 205]]

 [[ 32 206]]

 [[ 33 206]]

 [[ 34 206]]

 [[ 35 207]]

 [[ 36 207]]

 [[ 37 207]]

 [[ 38 207]]

 [[ 39 206]]

 [[ 39 205]]

 [[ 38 204]]

 [[ 37 204]]

 [[ 36 204]]

 [[ 35 204]]

 [[ 34 203]]

 [[ 34 202]]

 [[ 34 201]]

 [[ 34 200]]

 [[ 33 199]]

 [[ 33 198]]

 [[ 32 197]]

 [[ 32 196]]

 [[ 33 195]]

 [[ 34 194]]

 [[ 35 194]]

 [[ 36 193]]

 [[ 36 192]]

 [[ 36 191]]

 [[ 36 190]]

 [[ 35 190]]

 [[ 34 189]]

 [[ 33 188]]

 [[ 32 188]]

 [[ 31 188]]

 [[ 30 187]]

 [[ 29 186]]

 [[ 28 185]]

 [[ 27 184]]

 [[ 26 183]]

 [[ 25 183]]

 [[ 24 182]]

 [[ 24 181]]

 [[ 24 180]]

 [[ 24 179]]

 [[ 23 179]]]
[[[  0   0]]

 [[ 22 182]]

 [[ 23 182]]

 [[ 24 183]]

 [[ 25 184]]

 [[ 26 185]]

 [[ 27 186]]

 [[ 28 187]]

 [[ 28 188]]

 [[ 28 189]]

 [[ 29 190]]

 [[ 30 191]]

 [[ 31 192]]

 [[ 32 193]]

 [[ 32 194]]

 [[ 31 195]]

 [[ 31 196]]

 [[ 31 197]]

 [[ 30 198]]

 [[ 30 199]]

 [[ 30 200]]

 [[ 29 201]]

 [[ 28 202]]

 [[ 27 203]]

 [[ 26 203]]

 [[ 25 204]]

 [[ 25 205]]

 [[ 24 206]]

 [[ 23 206]]

 [[ 22 206]]

 [[ 21 205]]

 [[ 20 205]]

 [[ 19 204]]

 [[ 18 203]]

 [[ 18 202]]

 [[ 18 201]]

 [[ 17 200]]

 [[ 16 199]]

 [[ 16 198]]

 [[ 16 197]]

 [[ 17 196]]

 [[ 17 195]]

 [[ 17 194]]

 [[ 18 193]]

 [[ 18 192]]

 [[ 19 191]]

 [[ 19 190]]

 [[ 19 189]]

 [[ 20 188]]

 [[ 20 187]]

 [[ 20 186]]

 [[ 20 185]]

 [[ 21 184]]]
[[[  0   0]]

 [[ 73 158]]

 [[ 72 158]]

 [[ 71 159]]

 [[ 70 160]]

 [[ 70 161]]

 [[ 70 162]]

 [[ 70 163]]

 [[ 69 164]]

 [[ 69 165]]

 [[ 68 166]]

 [[ 68 167]]

 [[ 68 168]]

 [[ 67 169]]

 [[ 67 170]]

 [[ 66 171]]

 [[ 65 172]]

 [[ 65 173]]

 [[ 65 174]]

 [[ 64 175]]

 [[ 64 176]]

 [[ 64 177]]

 [[ 64 178]]

 [[ 65 179]]

 [[ 66 180]]

 [[ 66 181]]

 [[ 66 182]]

 [[ 65 183]]

 [[ 64 183]]

 [[ 63 184]]

 [[ 63 185]]

 [[ 63 186]]

 [[ 62 187]]

 [[ 62 188]]

 [[ 61 189]]

 [[ 61 190]]

 [[ 60 191]]

 [[ 59 191]]

 [[ 58 191]]

 [[ 58 192]]

 [[ 57 193]]

 [[ 57 194]]

 [[ 57 195]]

 [[ 57 196]]

 [[ 57 197]]

 [[ 57 198]]

 [[ 57 199]]

 [[ 57 200]]

 [[ 58 201]]

 [[ 59 202]]

 [[ 60 202]]

 [[ 61 203]]

 [[ 62 203]]

 [[ 63 203]]

 [[ 64 204]]

 [[ 65 204]]

 [[ 66 204]]

 [[ 67 204]]

 [[ 68 204]]

 [[ 69 204]]

 [[ 70 204]]

 [[ 71 203]]

 [[ 72 202]]

 [[ 72 201]]

 [[ 73 200]]

 [[ 74 200]]

 [[ 75 200]]

 [[ 76 199]]

 [[ 77 199]]

 [[ 78 199]]

 [[ 79 198]]

 [[ 80 197]]

 [[ 81 196]]

 [[ 81 195]]

 [[ 82 194]]

 [[ 83 193]]

 [[ 83 192]]

 [[ 83 191]]

 [[ 83 190]]

 [[ 83 189]]

 [[ 83 188]]

 [[ 84 187]]

 [[ 85 187]]

 [[ 86 187]]

 [[ 87 186]]

 [[ 87 185]]

 [[ 86 184]]

 [[ 85 184]]

 [[ 84 184]]

 [[ 83 183]]

 [[ 84 182]]

 [[ 84 181]]

 [[ 84 180]]

 [[ 84 179]]

 [[ 84 178]]

 [[ 84 177]]

 [[ 84 176]]

 [[ 84 175]]

 [[ 85 174]]

 [[ 85 173]]

 [[ 86 172]]

 [[ 87 172]]

 [[ 87 171]]

 [[ 87 170]]

 [[ 87 169]]

 [[ 86 168]]

 [[ 85 168]]

 [[ 84 168]]

 [[ 83 167]]

 [[ 82 166]]

 [[ 81 165]]

 [[ 81 164]]

 [[ 81 163]]

 [[ 80 162]]

 [[ 79 163]]

 [[ 78 163]]

 [[ 77 163]]

 [[ 76 162]]

 [[ 76 161]]

 [[ 76 160]]

 [[ 76 159]]

 [[ 76 158]]

 [[ 76 157]]

 [[ 75 157]]]
[[[  0   0]]

 [[ 74 159]]

 [[ 75 160]]

 [[ 76 161]]

 [[ 76 162]]

 [[ 76 163]]

 [[ 77 164]]

 [[ 77 165]]

 [[ 77 166]]

 [[ 78 167]]

 [[ 78 168]]

 [[ 79 168]]

 [[ 80 169]]

 [[ 81 170]]

 [[ 81 171]]

 [[ 81 172]]

 [[ 81 173]]

 [[ 81 174]]

 [[ 82 175]]

 [[ 82 176]]

 [[ 82 177]]

 [[ 82 178]]

 [[ 82 179]]

 [[ 82 180]]

 [[ 81 181]]

 [[ 80 182]]

 [[ 79 183]]

 [[ 78 184]]

 [[ 79 185]]

 [[ 79 186]]

 [[ 80 187]]

 [[ 80 188]]

 [[ 81 189]]

 [[ 81 190]]

 [[ 81 191]]

 [[ 81 192]]

 [[ 81 193]]

 [[ 80 194]]

 [[ 79 195]]

 [[ 78 195]]

 [[ 77 195]]

 [[ 76 196]]

 [[ 75 196]]

 [[ 74 196]]

 [[ 73 196]]

 [[ 72 197]]

 [[ 71 197]]

 [[ 70 198]]

 [[ 69 199]]

 [[ 68 200]]

 [[ 67 201]]

 [[ 66 202]]

 [[ 65 202]]

 [[ 64 201]]

 [[ 63 201]]

 [[ 62 201]]

 [[ 61 200]]

 [[ 60 199]]

 [[ 59 198]]

 [[ 59 197]]

 [[ 59 196]]

 [[ 59 195]]

 [[ 59 194]]

 [[ 60 193]]

 [[ 61 192]]

 [[ 62 191]]

 [[ 63 190]]

 [[ 64 189]]

 [[ 64 188]]

 [[ 64 187]]

 [[ 65 186]]

 [[ 65 185]]

 [[ 66 184]]

 [[ 67 183]]

 [[ 67 182]]

 [[ 68 181]]

 [[ 68 180]]

 [[ 68 179]]

 [[ 68 178]]

 [[ 68 177]]

 [[ 68 176]]

 [[ 68 175]]

 [[ 67 174]]

 [[ 68 173]]

 [[ 68 172]]

 [[ 69 171]]

 [[ 70 170]]

 [[ 70 169]]

 [[ 70 168]]

 [[ 71 167]]

 [[ 71 166]]

 [[ 71 165]]

 [[ 72 164]]

 [[ 72 163]]

 [[ 72 162]]

 [[ 73 161]]]
[[[  0   0]]

 [[ 96 132]]

 [[ 95 133]]

 [[ 95 134]]

 [[ 95 135]]

 [[ 95 136]]

 [[ 96 137]]

 [[ 96 138]]

 [[ 96 139]]

 [[ 97 140]]

 [[ 98 141]]

 [[ 98 142]]

 [[ 98 143]]

 [[ 99 144]]

 [[ 99 145]]

 [[ 99 146]]

 [[ 99 147]]

 [[ 98 148]]

 [[ 97 149]]

 [[ 98 150]]

 [[ 99 150]]

 [[100 151]]

 [[101 151]]

 [[102 151]]

 [[103 152]]

 [[104 153]]

 [[104 154]]

 [[104 155]]

 [[103 156]]

 [[103 157]]

 [[103 158]]

 [[103 159]]

 [[103 160]]

 [[102 161]]

 [[101 162]]

 [[102 163]]

 [[102 164]]

 [[102 165]]

 [[103 166]]

 [[103 167]]

 [[104 168]]

 [[105 168]]

 [[106 169]]

 [[106 170]]

 [[106 171]]

 [[106 172]]

 [[106 173]]

 [[106 174]]

 [[107 175]]

 [[107 176]]

 [[108 176]]

 [[109 176]]

 [[110 176]]

 [[111 176]]

 [[112 176]]

 [[113 176]]

 [[114 176]]

 [[114 175]]

 [[114 174]]

 [[115 173]]

 [[115 172]]

 [[115 171]]

 [[116 170]]

 [[117 169]]

 [[118 168]]

 [[119 167]]

 [[120 166]]

 [[120 165]]

 [[120 164]]

 [[120 163]]

 [[120 162]]

 [[120 161]]

 [[120 160]]

 [[120 159]]

 [[120 158]]

 [[119 157]]

 [[119 156]]

 [[119 155]]

 [[118 154]]

 [[118 153]]

 [[118 152]]

 [[118 151]]

 [[118 150]]

 [[118 149]]

 [[118 148]]

 [[117 147]]

 [[118 146]]

 [[118 145]]

 [[117 144]]

 [[116 144]]

 [[115 144]]

 [[114 144]]

 [[113 145]]

 [[113 146]]

 [[113 147]]

 [[112 148]]

 [[111 149]]

 [[110 150]]

 [[109 151]]

 [[108 151]]

 [[107 151]]

 [[106 150]]

 [[106 149]]

 [[106 148]]

 [[106 147]]

 [[106 146]]

 [[105 145]]

 [[105 144]]

 [[104 143]]

 [[103 142]]

 [[103 141]]

 [[103 140]]

 [[103 139]]

 [[102 138]]

 [[102 137]]

 [[101 136]]

 [[101 135]]

 [[100 134]]

 [[100 133]]

 [[ 99 132]]

 [[ 99 131]]

 [[ 98 131]]]
[[[  0   0]]

 [[113 149]]

 [[114 149]]

 [[115 150]]

 [[116 151]]

 [[116 152]]

 [[116 153]]

 [[116 154]]

 [[117 155]]

 [[117 156]]

 [[117 157]]

 [[117 158]]

 [[118 159]]

 [[118 160]]

 [[118 161]]

 [[118 162]]

 [[119 163]]

 [[119 164]]

 [[119 165]]

 [[118 166]]

 [[117 167]]

 [[116 168]]

 [[115 169]]

 [[114 170]]

 [[113 171]]

 [[113 172]]

 [[112 173]]

 [[111 174]]

 [[110 174]]

 [[109 173]]

 [[108 172]]

 [[108 171]]

 [[107 170]]

 [[107 169]]

 [[107 168]]

 [[106 167]]

 [[106 166]]

 [[106 165]]

 [[106 164]]

 [[106 163]]

 [[106 162]]

 [[106 161]]

 [[106 160]]

 [[106 159]]

 [[106 158]]

 [[106 157]]

 [[107 156]]

 [[107 155]]

 [[108 154]]

 [[109 154]]

 [[110 153]]

 [[110 152]]

 [[111 151]]]
[[[  0   0]]

 [[149 128]]

 [[148 128]]

 [[148 129]]

 [[148 130]]

 [[147 131]]

 [[147 132]]

 [[146 133]]

 [[145 134]]

 [[145 135]]

 [[145 136]]

 [[145 137]]

 [[145 138]]

 [[144 139]]

 [[143 140]]

 [[143 141]]

 [[143 142]]

 [[143 143]]

 [[143 144]]

 [[144 145]]

 [[144 146]]

 [[145 147]]

 [[145 148]]

 [[146 149]]

 [[146 150]]

 [[146 151]]

 [[147 151]]

 [[148 151]]

 [[149 151]]

 [[150 151]]

 [[151 151]]

 [[152 151]]

 [[153 151]]

 [[154 151]]

 [[155 150]]

 [[156 150]]

 [[157 150]]

 [[158 150]]

 [[158 149]]

 [[158 148]]

 [[158 147]]

 [[158 146]]

 [[158 145]]

 [[158 144]]

 [[158 143]]

 [[159 142]]

 [[159 141]]

 [[159 140]]

 [[159 139]]

 [[159 138]]

 [[159 137]]

 [[159 136]]

 [[159 135]]

 [[158 134]]

 [[157 133]]

 [[156 132]]

 [[156 131]]

 [[156 130]]

 [[155 129]]

 [[154 129]]

 [[153 128]]

 [[152 127]]

 [[151 127]]]
[[[  0   0]]

 [[118 119]]

 [[117 119]]

 [[116 120]]

 [[115 120]]

 [[114 119]]

 [[113 119]]

 [[112 120]]

 [[112 121]]

 [[112 122]]

 [[111 123]]

 [[110 123]]

 [[109 123]]

 [[108 124]]

 [[108 125]]

 [[108 126]]

 [[107 127]]

 [[106 128]]

 [[107 129]]

 [[107 130]]

 [[108 131]]

 [[109 132]]

 [[110 133]]

 [[110 134]]

 [[111 134]]

 [[112 135]]

 [[113 136]]

 [[114 137]]

 [[115 138]]

 [[116 139]]

 [[117 139]]

 [[118 139]]

 [[119 138]]

 [[120 137]]

 [[121 137]]

 [[122 136]]

 [[123 136]]

 [[124 135]]

 [[125 134]]

 [[126 134]]

 [[127 134]]

 [[128 133]]

 [[129 132]]

 [[130 131]]

 [[131 130]]

 [[132 130]]

 [[133 130]]

 [[132 130]]

 [[131 130]]

 [[130 129]]

 [[129 128]]

 [[129 127]]

 [[129 126]]

 [[128 125]]

 [[127 125]]

 [[126 124]]

 [[126 123]]

 [[125 122]]

 [[124 121]]

 [[124 120]]

 [[124 119]]

 [[124 118]]

 [[123 118]]

 [[122 118]]

 [[121 118]]

 [[120 118]]]
[[[  0   0]]

 [[187  80]]

 [[186  80]]

 [[186  81]]

 [[185  82]]

 [[184  83]]

 [[183  84]]

 [[183  85]]

 [[183  86]]

 [[183  87]]

 [[182  88]]

 [[182  89]]

 [[181  90]]

 [[182  91]]

 [[182  92]]

 [[183  93]]

 [[183  94]]

 [[182  95]]

 [[182  96]]

 [[181  97]]

 [[181  98]]

 [[181  99]]

 [[180 100]]

 [[179 101]]

 [[178 101]]

 [[179 101]]

 [[180 102]]

 [[180 103]]

 [[180 104]]

 [[180 105]]

 [[180 106]]

 [[180 107]]

 [[180 108]]

 [[181 109]]

 [[181 110]]

 [[182 111]]

 [[183 110]]

 [[183 109]]

 [[184 108]]

 [[185 108]]

 [[186 107]]

 [[187 106]]

 [[187 105]]

 [[187 104]]

 [[186 103]]

 [[186 102]]

 [[185 101]]

 [[185 100]]

 [[185  99]]

 [[185  98]]

 [[184  97]]

 [[185  96]]

 [[186  95]]

 [[187  95]]

 [[188  95]]

 [[189  95]]

 [[190  95]]

 [[191  94]]

 [[192  93]]

 [[192  92]]

 [[193  91]]

 [[194  91]]

 [[195  91]]

 [[196  91]]

 [[196  90]]

 [[197  89]]

 [[196  88]]

 [[196  87]]

 [[196  86]]

 [[196  85]]

 [[196  84]]

 [[195  83]]

 [[195  82]]

 [[195  81]]

 [[194  80]]

 [[193  80]]

 [[192  80]]

 [[191  80]]

 [[190  80]]

 [[189  79]]]
[[[  0   0]]

 [[102  28]]

 [[102  29]]

 [[101  30]]

 [[100  31]]

 [[ 99  31]]

 [[ 98  31]]

 [[ 98  32]]

 [[ 97  33]]

 [[ 96  34]]

 [[ 95  33]]

 [[ 94  32]]

 [[ 94  31]]

 [[ 95  30]]

 [[ 96  30]]

 [[ 96  29]]

 [[ 96  28]]

 [[ 95  28]]

 [[ 94  28]]

 [[ 94  29]]

 [[ 94  30]]

 [[ 94  31]]

 [[ 93  32]]

 [[ 92  32]]

 [[ 91  32]]

 [[ 91  33]]

 [[ 91  34]]

 [[ 91  35]]

 [[ 90  36]]

 [[ 89  36]]

 [[ 88  36]]

 [[ 87  35]]

 [[ 87  34]]

 [[ 87  33]]

 [[ 86  33]]

 [[ 85  33]]

 [[ 84  33]]

 [[ 84  34]]

 [[ 84  35]]

 [[ 84  36]]

 [[ 83  37]]

 [[ 83  38]]

 [[ 82  39]]

 [[ 82  40]]

 [[ 81  41]]

 [[ 80  42]]

 [[ 80  43]]

 [[ 81  44]]

 [[ 82  44]]

 [[ 83  45]]

 [[ 83  46]]

 [[ 83  47]]

 [[ 82  48]]

 [[ 81  49]]

 [[ 81  50]]

 [[ 80  51]]

 [[ 79  52]]

 [[ 79  53]]

 [[ 79  54]]

 [[ 78  55]]

 [[ 77  54]]

 [[ 76  53]]

 [[ 76  52]]

 [[ 77  51]]

 [[ 77  50]]

 [[ 77  49]]

 [[ 78  48]]

 [[ 79  47]]

 [[ 80  47]]

 [[ 80  46]]

 [[ 79  45]]

 [[ 78  46]]

 [[ 78  47]]

 [[ 78  48]]

 [[ 77  49]]

 [[ 76  50]]

 [[ 76  51]]

 [[ 75  52]]

 [[ 74  52]]

 [[ 74  53]]

 [[ 74  54]]

 [[ 75  55]]

 [[ 76  55]]

 [[ 77  56]]

 [[ 77  57]]

 [[ 77  58]]

 [[ 76  59]]

 [[ 75  58]]

 [[ 74  57]]

 [[ 73  56]]

 [[ 72  57]]

 [[ 72  58]]

 [[ 72  59]]

 [[ 71  60]]

 [[ 71  61]]

 [[ 70  62]]

 [[ 70  63]]

 [[ 69  64]]

 [[ 70  65]]

 [[ 70  64]]

 [[ 71  63]]

 [[ 72  62]]

 [[ 73  61]]

 [[ 73  60]]

 [[ 74  59]]

 [[ 75  59]]

 [[ 76  60]]

 [[ 76  61]]

 [[ 75  62]]

 [[ 75  63]]

 [[ 75  64]]

 [[ 76  64]]

 [[ 76  63]]

 [[ 77  62]]

 [[ 78  61]]

 [[ 78  60]]

 [[ 79  59]]

 [[ 80  58]]

 [[ 81  59]]

 [[ 81  60]]

 [[ 81  61]]

 [[ 81  62]]

 [[ 80  63]]

 [[ 80  64]]

 [[ 81  64]]

 [[ 82  64]]

 [[ 82  63]]

 [[ 83  62]]

 [[ 84  61]]

 [[ 85  62]]

 [[ 85  63]]

 [[ 86  64]]

 [[ 86  65]]

 [[ 85  66]]

 [[ 85  67]]

 [[ 84  68]]

 [[ 84  69]]

 [[ 85  70]]

 [[ 86  71]]

 [[ 86  72]]

 [[ 86  73]]

 [[ 86  74]]

 [[ 86  75]]

 [[ 86  76]]

 [[ 86  77]]

 [[ 86  78]]

 [[ 86  79]]

 [[ 86  80]]

 [[ 86  81]]

 [[ 86  82]]

 [[ 86  83]]

 [[ 86  84]]

 [[ 86  85]]

 [[ 86  86]]

 [[ 87  87]]

 [[ 87  88]]

 [[ 88  88]]

 [[ 89  87]]

 [[ 89  86]]

 [[ 89  85]]

 [[ 90  84]]

 [[ 90  83]]

 [[ 90  82]]

 [[ 90  81]]

 [[ 90  80]]

 [[ 89  79]]

 [[ 89  78]]

 [[ 89  77]]

 [[ 89  76]]

 [[ 89  75]]

 [[ 89  74]]

 [[ 89  73]]

 [[ 89  72]]

 [[ 89  71]]

 [[ 89  70]]

 [[ 88  69]]

 [[ 88  68]]

 [[ 87  67]]

 [[ 87  66]]

 [[ 88  65]]

 [[ 88  64]]

 [[ 88  63]]

 [[ 88  62]]

 [[ 87  61]]

 [[ 86  62]]

 [[ 85  62]]

 [[ 84  61]]

 [[ 84  60]]

 [[ 84  59]]

 [[ 85  58]]

 [[ 86  57]]

 [[ 86  56]]

 [[ 86  55]]

 [[ 87  54]]

 [[ 87  53]]

 [[ 87  52]]

 [[ 86  51]]

 [[ 85  51]]

 [[ 84  50]]

 [[ 85  49]]

 [[ 85  48]]

 [[ 86  47]]

 [[ 86  46]]

 [[ 86  45]]

 [[ 86  44]]

 [[ 87  43]]

 [[ 88  42]]

 [[ 89  41]]

 [[ 89  40]]

 [[ 90  39]]

 [[ 91  38]]

 [[ 91  37]]

 [[ 92  36]]

 [[ 93  35]]

 [[ 94  36]]

 [[ 95  37]]

 [[ 96  38]]

 [[ 97  38]]

 [[ 98  37]]

 [[ 99  37]]

 [[ 99  36]]

 [[100  35]]

 [[100  34]]

 [[101  33]]

 [[101  32]]

 [[101  31]]

 [[102  30]]

 [[103  29]]

 [[104  28]]]
[[[  0   0]]

 [[109  27]]

 [[109  28]]

 [[108  29]]

 [[107  29]]

 [[106  30]]

 [[105  31]]

 [[105  32]]

 [[105  33]]

 [[104  34]]

 [[103  35]]

 [[102  35]]

 [[102  36]]

 [[102  37]]

 [[103  37]]

 [[104  37]]

 [[105  36]]

 [[106  36]]

 [[106  35]]

 [[106  34]]

 [[107  33]]

 [[108  33]]

 [[109  34]]

 [[109  35]]

 [[110  35]]

 [[111  36]]

 [[112  36]]

 [[113  35]]

 [[113  34]]

 [[114  33]]

 [[115  33]]

 [[116  33]]

 [[117  34]]

 [[116  35]]

 [[116  36]]

 [[116  37]]

 [[117  38]]

 [[117  39]]

 [[118  39]]

 [[119  40]]

 [[120  41]]

 [[120  42]]

 [[120  43]]

 [[120  44]]

 [[120  45]]

 [[121  46]]

 [[121  47]]

 [[120  48]]

 [[120  49]]

 [[120  50]]

 [[121  51]]

 [[121  52]]

 [[122  53]]

 [[122  54]]

 [[121  55]]

 [[121  56]]

 [[121  57]]

 [[121  58]]

 [[121  59]]

 [[121  60]]

 [[122  60]]

 [[122  59]]

 [[123  58]]

 [[124  58]]

 [[125  58]]

 [[126  59]]

 [[126  60]]

 [[127  61]]

 [[127  62]]

 [[127  63]]

 [[127  64]]

 [[126  65]]

 [[125  66]]

 [[124  66]]

 [[123  66]]

 [[122  66]]

 [[122  67]]

 [[122  68]]

 [[122  69]]

 [[123  70]]

 [[123  71]]

 [[123  72]]

 [[123  73]]

 [[123  74]]

 [[123  75]]

 [[123  76]]

 [[124  77]]

 [[125  77]]

 [[126  76]]

 [[126  75]]

 [[127  74]]

 [[127  73]]

 [[128  72]]

 [[129  71]]

 [[130  71]]

 [[131  71]]

 [[132  71]]

 [[133  71]]

 [[134  70]]

 [[135  69]]

 [[135  68]]

 [[135  67]]

 [[135  66]]

 [[135  65]]

 [[134  65]]

 [[133  64]]

 [[132  64]]

 [[131  64]]

 [[130  64]]

 [[129  63]]

 [[128  62]]

 [[128  61]]

 [[128  60]]

 [[128  59]]

 [[128  58]]

 [[128  57]]

 [[127  56]]

 [[127  55]]

 [[127  54]]

 [[126  53]]

 [[125  53]]

 [[124  53]]

 [[123  52]]

 [[123  51]]

 [[123  50]]

 [[122  49]]

 [[122  48]]

 [[122  47]]

 [[122  46]]

 [[122  45]]

 [[122  44]]

 [[122  43]]

 [[123  42]]

 [[124  41]]

 [[124  40]]

 [[125  39]]

 [[124  38]]

 [[123  38]]

 [[122  39]]

 [[121  40]]

 [[120  39]]

 [[119  38]]

 [[119  37]]

 [[119  36]]

 [[120  35]]

 [[119  34]]

 [[119  33]]

 [[119  32]]

 [[118  32]]

 [[117  33]]

 [[116  33]]

 [[115  32]]

 [[116  31]]

 [[115  30]]

 [[115  29]]

 [[114  29]]

 [[113  29]]

 [[112  30]]

 [[112  31]]

 [[112  32]]

 [[111  33]]

 [[110  32]]

 [[109  31]]

 [[109  30]]

 [[109  29]]

 [[110  28]]

 [[111  28]]

 [[111  27]]

 [[110  26]]]
[[[  0   0]]

 [[179  14]]

 [[178  14]]

 [[177  15]]

 [[176  15]]

 [[175  15]]

 [[174  15]]

 [[173  15]]

 [[172  15]]

 [[171  15]]

 [[170  16]]

 [[170  17]]

 [[170  18]]

 [[169  19]]

 [[168  20]]

 [[168  21]]

 [[168  22]]

 [[168  23]]

 [[168  24]]

 [[168  25]]

 [[168  26]]

 [[168  27]]

 [[168  28]]

 [[168  29]]

 [[168  30]]

 [[168  31]]

 [[167  32]]

 [[166  33]]

 [[165  33]]

 [[164  34]]

 [[163  34]]

 [[162  33]]

 [[162  34]]

 [[161  35]]

 [[162  35]]

 [[163  35]]

 [[164  34]]

 [[165  35]]

 [[166  36]]

 [[167  37]]

 [[167  38]]

 [[168  39]]

 [[169  40]]

 [[169  41]]

 [[169  42]]

 [[169  43]]

 [[168  44]]

 [[168  45]]

 [[168  46]]

 [[168  47]]

 [[168  48]]

 [[168  49]]

 [[168  50]]

 [[168  51]]

 [[168  52]]

 [[169  52]]

 [[170  53]]

 [[171  54]]

 [[172  55]]

 [[172  56]]

 [[172  57]]

 [[173  58]]

 [[174  58]]

 [[175  58]]

 [[176  57]]

 [[177  57]]

 [[178  57]]

 [[179  57]]

 [[180  57]]

 [[181  57]]

 [[182  57]]

 [[183  57]]

 [[184  57]]

 [[185  56]]

 [[186  56]]

 [[187  57]]

 [[188  57]]

 [[189  57]]

 [[190  57]]

 [[191  56]]

 [[192  56]]

 [[193  56]]

 [[194  57]]

 [[195  57]]

 [[196  56]]

 [[197  55]]

 [[198  54]]

 [[199  53]]

 [[199  52]]

 [[199  51]]

 [[198  50]]

 [[198  49]]

 [[198  48]]

 [[198  47]]

 [[198  46]]

 [[198  45]]

 [[198  44]]

 [[198  43]]

 [[198  42]]

 [[199  41]]

 [[199  40]]

 [[199  39]]

 [[199  38]]

 [[199  37]]

 [[199  36]]

 [[198  35]]

 [[198  34]]

 [[197  33]]

 [[197  32]]

 [[197  31]]

 [[197  30]]

 [[197  29]]

 [[197  28]]

 [[197  27]]

 [[196  26]]

 [[197  25]]

 [[197  24]]

 [[197  23]]

 [[197  22]]

 [[197  21]]

 [[196  20]]

 [[196  19]]

 [[196  18]]

 [[196  17]]

 [[196  16]]

 [[195  15]]

 [[194  15]]

 [[193  15]]

 [[192  15]]

 [[191  15]]

 [[190  15]]

 [[189  15]]

 [[188  15]]

 [[187  15]]

 [[186  15]]

 [[185  15]]

 [[184  15]]

 [[183  15]]

 [[182  15]]

 [[181  14]]]
[[[  0   0]]

 [[176  17]]

 [[177  17]]

 [[178  17]]

 [[179  17]]

 [[180  17]]

 [[181  17]]

 [[182  17]]

 [[183  17]]

 [[184  17]]

 [[185  17]]

 [[186  18]]

 [[187  18]]

 [[188  18]]

 [[189  17]]

 [[190  17]]

 [[191  17]]

 [[192  17]]

 [[193  17]]

 [[194  18]]

 [[194  19]]

 [[194  20]]

 [[193  21]]

 [[193  22]]

 [[193  23]]

 [[193  24]]

 [[194  25]]

 [[194  26]]

 [[194  27]]

 [[194  28]]

 [[194  29]]

 [[194  30]]

 [[194  31]]

 [[194  32]]

 [[194  33]]

 [[194  34]]

 [[194  35]]

 [[195  36]]

 [[195  37]]

 [[195  38]]

 [[195  39]]

 [[195  40]]

 [[195  41]]

 [[196  42]]

 [[196  43]]

 [[196  44]]

 [[196  45]]

 [[196  46]]

 [[196  47]]

 [[196  48]]

 [[196  49]]

 [[196  50]]

 [[196  51]]

 [[195  52]]

 [[194  52]]

 [[193  53]]

 [[192  53]]

 [[191  53]]

 [[190  54]]

 [[189  54]]

 [[188  54]]

 [[187  54]]

 [[186  54]]

 [[185  54]]

 [[184  54]]

 [[183  54]]

 [[182  54]]

 [[181  54]]

 [[180  54]]

 [[179  54]]

 [[178  54]]

 [[177  54]]

 [[176  55]]

 [[175  55]]

 [[174  54]]

 [[173  53]]

 [[172  52]]

 [[172  51]]

 [[172  50]]

 [[171  49]]

 [[171  48]]

 [[172  47]]

 [[172  46]]

 [[172  45]]

 [[172  44]]

 [[172  43]]

 [[172  42]]

 [[172  41]]

 [[172  40]]

 [[172  39]]

 [[171  38]]

 [[171  37]]

 [[171  36]]

 [[171  35]]

 [[171  34]]

 [[171  33]]

 [[171  32]]

 [[171  31]]

 [[171  30]]

 [[171  29]]

 [[171  28]]

 [[170  27]]

 [[170  26]]

 [[170  25]]

 [[170  24]]

 [[170  23]]

 [[170  22]]

 [[170  21]]

 [[171  20]]

 [[172  19]]

 [[173  18]]

 [[174  18]]]
[[[  0   0]]

 [[417   2]]

 [[416   2]]

 ..., 
 [[421   1]]

 [[420   1]]

 [[419   1]]]
[[[  0   0]]

 [[412   4]]

 [[413   4]]

 [[414   4]]

 [[415   4]]

 [[416   4]]

 [[417   4]]

 [[418   4]]

 [[419   4]]

 [[420   4]]

 [[421   4]]

 [[422   5]]

 [[423   5]]

 [[424   5]]

 [[425   6]]

 [[426   7]]

 [[427   8]]

 [[427   9]]

 [[428  10]]

 [[428  11]]

 [[429  12]]

 [[429  13]]

 [[430  14]]

 [[429  15]]

 [[428  15]]

 [[428  16]]

 [[428  17]]

 [[428  18]]

 [[428  19]]

 [[427  20]]

 [[427  21]]

 [[427  22]]

 [[427  23]]

 [[427  24]]

 [[427  25]]

 [[427  26]]

 [[426  27]]

 [[425  27]]

 [[424  27]]

 [[423  27]]

 [[422  27]]

 [[421  28]]

 [[420  28]]

 [[419  28]]

 [[418  28]]

 [[417  28]]

 [[416  27]]

 [[415  27]]

 [[414  27]]

 [[413  27]]

 [[412  26]]

 [[412  25]]

 [[411  24]]

 [[411  23]]

 [[411  22]]

 [[411  21]]

 [[411  20]]

 [[411  19]]

 [[411  18]]

 [[411  17]]

 [[411  16]]

 [[411  15]]

 [[411  14]]

 [[412  13]]

 [[412  12]]

 [[411  11]]

 [[411  10]]

 [[411   9]]

 [[411   8]]

 [[411   7]]

 [[411   6]]]
[[[  0   0]]

 [[332   2]]

 [[331   3]]

 [[331   4]]

 [[331   5]]

 [[331   6]]

 [[332   7]]

 [[332   8]]

 [[332   9]]

 [[332  10]]

 [[332  11]]

 [[331  12]]

 [[331  13]]

 [[331  14]]

 [[331  15]]

 [[331  16]]

 [[331  17]]

 [[330  18]]

 [[329  18]]

 [[328  19]]

 [[327  19]]

 [[326  19]]

 [[325  19]]

 [[326  19]]

 [[327  19]]

 [[328  19]]

 [[329  19]]

 [[330  19]]

 [[331  20]]

 [[332  20]]

 [[333  21]]

 [[333  22]]

 [[334  23]]

 [[334  24]]

 [[334  25]]

 [[334  26]]

 [[334  27]]

 [[334  28]]

 [[334  29]]

 [[334  30]]

 [[334  31]]

 [[334  32]]

 [[334  33]]

 [[334  34]]

 [[334  35]]

 [[334  36]]

 [[334  37]]

 [[334  38]]

 [[334  39]]

 [[334  40]]

 [[334  41]]

 [[334  42]]

 [[334  43]]

 [[334  44]]

 [[334  45]]

 [[334  46]]

 [[334  47]]

 [[334  48]]

 [[334  49]]

 [[335  49]]

 [[336  50]]

 [[337  50]]

 [[338  51]]

 [[338  50]]

 [[339  49]]

 [[339  48]]

 [[340  47]]

 [[340  46]]

 [[340  45]]

 [[340  44]]

 [[340  43]]

 [[340  42]]

 [[339  41]]

 [[338  40]]

 [[337  39]]

 [[337  38]]

 [[336  37]]

 [[336  36]]

 [[336  35]]

 [[336  34]]

 [[337  33]]

 [[338  32]]

 [[339  32]]

 [[340  31]]

 [[341  31]]

 [[342  31]]

 [[343  31]]

 [[344  31]]

 [[345  31]]

 [[346  31]]

 [[347  31]]

 [[348  31]]

 [[349  30]]

 [[350  30]]

 [[350  29]]

 [[351  28]]

 [[352  28]]

 [[353  27]]

 [[354  26]]

 [[353  26]]

 [[352  26]]

 [[351  27]]

 [[350  27]]

 [[349  27]]

 [[348  26]]

 [[347  26]]

 [[346  26]]

 [[345  26]]

 [[344  26]]

 [[343  26]]

 [[342  25]]

 [[341  25]]

 [[340  25]]

 [[339  24]]

 [[338  24]]

 [[337  24]]

 [[336  23]]

 [[335  22]]

 [[335  21]]

 [[336  20]]

 [[336  19]]

 [[336  18]]

 [[336  17]]

 [[336  16]]

 [[336  15]]

 [[336  14]]

 [[336  13]]

 [[336  12]]

 [[335  11]]

 [[335  10]]

 [[335   9]]

 [[335   8]]

 [[335   7]]

 [[336   6]]

 [[336   5]]

 [[336   4]]

 [[336   3]]

 [[336   2]]

 [[336   1]]

 [[335   1]]

 [[334   1]]

 [[333   1]]]
[[[  0   0]]

 [[241   2]]

 [[241   3]]

 ..., 
 [[245   1]]

 [[244   1]]

 [[243   1]]]
[[[  0   0]]

 [[280  37]]

 [[281  37]]

 [[282  37]]

 [[283  37]]

 [[284  37]]

 [[285  37]]

 [[286  38]]

 [[287  39]]

 [[288  40]]

 [[289  40]]

 [[290  40]]

 [[291  40]]

 [[292  40]]

 [[293  40]]

 [[294  40]]

 [[295  40]]

 [[296  41]]

 [[297  41]]

 [[298  41]]

 [[299  41]]

 [[300  41]]

 [[301  41]]

 [[302  41]]

 [[303  41]]

 [[304  41]]

 [[305  40]]

 [[306  40]]

 [[307  41]]

 [[308  42]]

 [[308  43]]

 [[308  44]]

 [[308  45]]

 [[308  46]]

 [[308  47]]

 [[308  48]]

 [[308  49]]

 [[308  50]]

 [[308  51]]

 [[308  52]]

 [[308  53]]

 [[308  54]]

 [[308  55]]

 [[308  56]]

 [[308  57]]

 [[308  58]]

 [[309  59]]

 [[309  60]]

 [[309  61]]

 [[309  62]]

 [[309  63]]

 [[309  64]]

 [[309  65]]

 [[310  66]]

 [[310  67]]

 [[310  68]]

 [[310  69]]

 [[310  70]]

 [[310  71]]

 [[310  72]]

 [[310  73]]

 [[310  74]]

 [[310  75]]

 [[310  76]]

 [[311  77]]

 [[310  78]]

 [[310  79]]

 [[310  80]]

 [[310  81]]

 [[310  82]]

 [[310  83]]

 [[310  84]]

 [[310  85]]

 [[310  86]]

 [[310  87]]

 [[310  88]]

 [[310  89]]

 [[309  90]]

 [[308  91]]

 [[307  92]]

 [[306  92]]

 [[305  93]]

 [[304  93]]

 [[303  93]]

 [[302  94]]

 [[301  94]]

 [[300  94]]

 [[299  94]]

 [[298  94]]

 [[297  94]]

 [[296  94]]

 [[295  95]]

 [[294  95]]

 [[293  95]]

 [[292  95]]

 [[291  95]]

 [[290  95]]

 [[289  95]]

 [[288  95]]

 [[287  95]]

 [[286  95]]

 [[285  95]]

 [[284  94]]

 [[283  94]]

 [[282  94]]

 [[281  94]]

 [[280  94]]

 [[279  93]]

 [[278  93]]

 [[277  93]]

 [[276  93]]

 [[275  93]]

 [[274  93]]

 [[273  93]]

 [[272  92]]

 [[271  91]]

 [[271  90]]

 [[271  89]]

 [[271  88]]

 [[271  87]]

 [[271  86]]

 [[271  85]]

 [[271  84]]

 [[271  83]]

 [[271  82]]

 [[271  81]]

 [[272  80]]

 [[272  79]]

 [[272  78]]

 [[272  77]]

 [[272  76]]

 [[272  75]]

 [[272  74]]

 [[272  73]]

 [[273  72]]

 [[273  71]]

 [[274  70]]

 [[274  69]]

 [[274  68]]

 [[273  67]]

 [[272  66]]

 [[272  65]]

 [[272  64]]

 [[272  63]]

 [[272  62]]

 [[272  61]]

 [[272  60]]

 [[273  59]]

 [[273  58]]

 [[273  57]]

 [[273  56]]

 [[273  55]]

 [[273  54]]

 [[272  54]]

 [[271  55]]

 [[270  56]]

 [[269  56]]

 [[268  57]]

 [[267  57]]

 [[266  57]]

 [[265  56]]

 [[264  55]]

 [[264  54]]

 [[264  53]]

 [[264  52]]

 [[265  51]]

 [[266  50]]

 [[267  49]]

 [[268  48]]

 [[269  47]]

 [[270  47]]

 [[271  48]]

 [[272  49]]

 [[272  50]]

 [[273  50]]

 [[273  49]]

 [[274  48]]

 [[274  47]]

 [[274  46]]

 [[274  45]]

 [[274  44]]

 [[274  43]]

 [[274  42]]

 [[274  41]]

 [[274  40]]

 [[275  39]]

 [[276  38]]

 [[277  38]]

 [[278  38]]]
