[[[  0   0]]

 [[508 122]]

 [[507 123]]

 [[506 124]]

 [[505 124]]

 [[504 124]]

 [[503 125]]

 [[504 126]]

 [[503 127]]

 [[502 128]]

 [[501 129]]

 [[500 128]]

 [[500 127]]

 [[499 127]]

 [[498 127]]

 [[497 127]]

 [[496 128]]

 [[495 129]]

 [[496 130]]

 [[497 129]]

 [[498 129]]

 [[499 129]]

 [[500 129]]

 [[501 129]]

 [[502 130]]

 [[503 130]]

 [[504 130]]

 [[505 131]]

 [[506 132]]

 [[507 132]]

 [[508 133]]

 [[508 134]]

 [[509 135]]

 [[509 136]]

 [[509 137]]

 [[510 138]]

 [[510 139]]

 [[510 140]]

 [[510 141]]

 [[511 142]]

 [[511 143]]

 [[511 144]]

 [[511 145]]

 [[512 146]]

 [[513 146]]

 [[514 147]]

 [[515 147]]

 [[516 147]]

 [[517 147]]

 [[518 147]]

 [[519 148]]

 [[520 148]]

 [[521 149]]

 [[521 150]]

 [[521 151]]

 [[522 152]]

 [[522 153]]

 [[523 154]]

 [[523 155]]

 [[523 156]]

 [[524 157]]

 [[524 158]]

 [[524 159]]

 [[525 159]]

 [[526 160]]

 [[526 161]]

 [[527 162]]

 [[527 163]]

 [[528 163]]

 [[529 164]]

 [[530 165]]

 [[530 166]]

 [[530 167]]

 [[530 168]]

 [[531 169]]

 [[531 170]]

 [[532 171]]

 [[533 172]]

 [[533 173]]

 [[534 174]]

 [[535 175]]

 [[536 175]]

 [[537 175]]

 [[538 176]]

 [[539 176]]

 [[540 176]]

 [[541 177]]

 [[541 178]]

 [[542 179]]

 [[542 180]]

 [[542 181]]

 [[542 182]]

 [[542 183]]

 [[542 184]]

 [[542 185]]

 [[542 186]]

 [[542 187]]

 [[542 188]]

 [[542 189]]

 [[542 190]]

 [[543 191]]

 [[543 192]]

 [[543 193]]

 [[544 194]]

 [[544 195]]

 [[545 195]]

 [[546 196]]

 [[547 196]]

 [[548 197]]

 [[549 198]]

 [[549 199]]

 [[550 200]]

 [[550 201]]

 [[551 202]]

 [[551 203]]

 [[552 204]]

 [[552 205]]

 [[553 206]]

 [[553 207]]

 [[554 208]]

 [[554 209]]

 [[555 210]]

 [[556 211]]

 [[557 211]]

 [[558 212]]

 [[559 213]]

 [[559 214]]

 [[559 215]]

 [[559 216]]

 [[559 217]]

 [[560 218]]

 [[560 219]]

 [[561 219]]

 [[562 220]]

 [[563 221]]

 [[563 222]]

 [[563 223]]

 [[563 224]]

 [[564 225]]

 [[565 226]]

 [[566 227]]

 [[566 228]]

 [[567 229]]

 [[567 230]]

 [[567 231]]

 [[568 232]]

 [[569 232]]

 [[570 233]]

 [[570 234]]

 [[571 235]]

 [[571 236]]

 [[571 237]]

 [[571 238]]

 [[571 239]]

 [[572 240]]

 [[573 240]]

 [[574 241]]

 [[574 242]]

 [[575 243]]

 [[575 244]]

 [[575 245]]

 [[575 246]]

 [[575 247]]

 [[576 247]]

 [[577 248]]

 [[578 247]]

 [[579 248]]

 [[580 248]]

 [[581 249]]

 [[581 250]]

 [[581 251]]

 [[581 252]]

 [[581 253]]

 [[582 253]]

 [[583 254]]

 [[584 254]]

 [[585 254]]

 [[586 254]]

 [[587 255]]

 [[588 256]]

 [[588 257]]

 [[589 257]]

 [[590 258]]

 [[591 258]]

 [[592 258]]

 [[593 258]]

 [[594 258]]

 [[595 258]]

 [[596 258]]

 [[597 258]]

 [[598 258]]

 [[599 258]]

 [[599 257]]

 [[599 256]]

 [[598 255]]

 [[597 255]]

 [[596 255]]

 [[595 254]]

 [[594 253]]

 [[593 253]]

 [[592 252]]

 [[591 252]]

 [[590 251]]

 [[589 250]]

 [[588 249]]

 [[587 248]]

 [[586 247]]

 [[585 246]]

 [[584 245]]

 [[584 244]]

 [[584 243]]

 [[584 242]]

 [[584 241]]

 [[584 240]]

 [[583 239]]

 [[583 238]]

 [[582 237]]

 [[582 236]]

 [[582 235]]

 [[582 234]]

 [[582 233]]

 [[581 232]]

 [[580 232]]

 [[579 232]]

 [[578 232]]

 [[577 232]]

 [[576 231]]

 [[575 230]]

 [[575 229]]

 [[574 228]]

 [[574 227]]

 [[573 226]]

 [[573 225]]

 [[572 225]]

 [[571 224]]

 [[571 223]]

 [[570 222]]

 [[569 221]]

 [[569 220]]

 [[568 219]]

 [[568 218]]

 [[569 217]]

 [[568 216]]

 [[568 215]]

 [[568 214]]

 [[568 213]]

 [[568 212]]

 [[568 211]]

 [[567 211]]

 [[566 211]]

 [[565 211]]

 [[564 211]]

 [[563 210]]

 [[562 209]]

 [[562 208]]

 [[562 207]]

 [[562 206]]

 [[561 206]]

 [[560 205]]

 [[559 205]]

 [[558 204]]

 [[557 203]]

 [[556 202]]

 [[555 201]]

 [[554 200]]

 [[554 199]]

 [[553 198]]

 [[553 197]]

 [[552 196]]

 [[552 195]]

 [[552 194]]

 [[552 193]]

 [[552 192]]

 [[552 191]]

 [[552 190]]

 [[552 189]]

 [[551 188]]

 [[551 187]]

 [[551 186]]

 [[551 185]]

 [[551 184]]

 [[551 183]]

 [[550 182]]

 [[549 182]]

 [[548 181]]

 [[547 180]]

 [[546 179]]

 [[547 178]]

 [[547 177]]

 [[547 176]]

 [[547 175]]

 [[546 175]]

 [[545 174]]

 [[544 174]]

 [[543 174]]

 [[542 173]]

 [[542 172]]

 [[542 171]]

 [[541 171]]

 [[540 170]]

 [[539 170]]

 [[538 169]]

 [[538 168]]

 [[538 167]]

 [[538 166]]

 [[537 165]]

 [[537 164]]

 [[536 163]]

 [[536 162]]

 [[536 161]]

 [[535 161]]

 [[534 160]]

 [[533 160]]

 [[532 159]]

 [[531 159]]

 [[530 158]]

 [[530 157]]

 [[529 156]]

 [[529 155]]

 [[529 154]]

 [[529 153]]

 [[529 152]]

 [[528 151]]

 [[527 151]]

 [[526 150]]

 [[525 149]]

 [[524 148]]

 [[524 147]]

 [[524 146]]

 [[524 145]]

 [[524 144]]

 [[523 143]]

 [[522 143]]

 [[521 143]]

 [[520 142]]

 [[519 141]]

 [[519 140]]

 [[518 139]]

 [[517 138]]

 [[516 137]]

 [[516 136]]

 [[516 135]]

 [[515 134]]

 [[514 133]]

 [[513 132]]

 [[512 132]]

 [[511 131]]

 [[511 130]]

 [[511 129]]

 [[511 128]]

 [[511 127]]

 [[511 126]]

 [[511 125]]

 [[511 124]]

 [[511 123]]

 [[510 122]]

 [[510 121]]

 [[509 121]]]
