[[[  0   0]]

 [[170 138]]

 [[170 139]]

 [[170 140]]

 [[170 141]]

 [[170 142]]

 [[169 143]]

 [[168 144]]

 [[167 144]]

 [[166 145]]

 [[165 146]]

 [[164 147]]

 [[164 148]]

 [[163 149]]

 [[162 150]]

 [[161 151]]

 [[160 152]]

 [[159 152]]

 [[158 152]]

 [[157 153]]

 [[156 153]]

 [[155 154]]

 [[154 155]]

 [[153 156]]

 [[152 156]]

 [[151 157]]

 [[150 157]]

 [[149 157]]

 [[148 157]]

 [[147 158]]

 [[146 158]]

 [[145 159]]

 [[144 159]]

 [[143 160]]

 [[142 160]]

 [[141 161]]

 [[140 161]]

 [[139 161]]

 [[138 161]]

 [[137 162]]

 [[136 162]]

 [[135 163]]

 [[134 163]]

 [[133 163]]

 [[132 163]]

 [[131 164]]

 [[130 164]]

 [[129 164]]

 [[128 165]]

 [[127 165]]

 [[126 166]]

 [[125 166]]

 [[124 166]]

 [[123 167]]

 [[122 167]]

 [[121 167]]

 [[120 167]]

 [[119 168]]

 [[118 168]]

 [[117 168]]

 [[116 168]]

 [[115 168]]

 [[114 168]]

 [[113 167]]

 [[112 167]]

 [[111 166]]

 [[110 165]]

 [[109 165]]

 [[108 164]]

 [[107 163]]

 [[106 162]]

 [[105 161]]

 [[104 161]]

 [[103 160]]

 [[102 159]]

 [[101 159]]

 [[100 158]]

 [[100 157]]

 [[ 99 156]]

 [[ 98 155]]

 [[ 97 154]]

 [[ 96 154]]

 [[ 95 154]]

 [[ 94 155]]

 [[ 94 156]]

 [[ 95 157]]

 [[ 96 158]]

 [[ 96 159]]

 [[ 97 160]]

 [[ 97 161]]

 [[ 97 162]]

 [[ 98 163]]

 [[ 98 164]]

 [[ 98 165]]

 [[ 99 166]]

 [[100 167]]

 [[101 168]]

 [[102 169]]

 [[103 169]]

 [[104 170]]

 [[105 170]]

 [[106 171]]

 [[107 172]]

 [[108 172]]

 [[109 173]]

 [[110 174]]

 [[111 175]]

 [[112 175]]

 [[113 176]]

 [[114 177]]

 [[115 178]]

 [[116 178]]

 [[117 179]]

 [[118 179]]

 [[119 180]]

 [[120 180]]

 [[121 180]]

 [[122 180]]

 [[123 180]]

 [[124 180]]

 [[125 180]]

 [[126 179]]

 [[127 179]]

 [[128 179]]

 [[129 179]]

 [[130 178]]

 [[131 178]]

 [[132 178]]

 [[133 177]]

 [[134 177]]

 [[135 177]]

 [[136 176]]

 [[137 176]]

 [[138 176]]

 [[139 176]]

 [[140 175]]

 [[141 175]]

 [[142 174]]

 [[143 174]]

 [[144 174]]

 [[145 173]]

 [[146 173]]

 [[147 172]]

 [[148 172]]

 [[149 172]]

 [[150 171]]

 [[151 171]]

 [[152 171]]

 [[153 170]]

 [[154 169]]

 [[155 169]]

 [[156 169]]

 [[157 168]]

 [[158 168]]

 [[159 167]]

 [[160 166]]

 [[161 166]]

 [[162 165]]

 [[163 164]]

 [[164 164]]

 [[165 163]]

 [[166 163]]

 [[167 162]]

 [[168 162]]

 [[168 161]]

 [[169 160]]

 [[170 159]]

 [[170 158]]

 [[171 157]]

 [[172 156]]

 [[173 155]]

 [[174 154]]

 [[174 153]]

 [[174 152]]

 [[174 151]]

 [[174 150]]

 [[174 149]]

 [[174 148]]

 [[174 147]]

 [[174 146]]

 [[174 145]]

 [[173 144]]

 [[173 143]]

 [[172 142]]

 [[171 141]]

 [[171 140]]

 [[171 139]]

 [[171 138]]]
[[[  0   0]]

 [[ 86 138]]

 [[ 85 138]]

 [[ 84 138]]

 [[ 83 139]]

 [[ 82 139]]

 [[ 81 139]]

 [[ 80 139]]

 [[ 79 140]]

 [[ 78 140]]

 [[ 77 140]]

 [[ 76 140]]

 [[ 75 140]]

 [[ 74 141]]

 [[ 73 141]]

 [[ 72 141]]

 [[ 71 141]]

 [[ 70 141]]

 [[ 69 141]]

 [[ 68 141]]

 [[ 67 141]]

 [[ 66 141]]

 [[ 65 141]]

 [[ 64 141]]

 [[ 63 141]]

 [[ 62 141]]

 [[ 61 141]]

 [[ 60 141]]

 [[ 59 141]]

 [[ 58 140]]

 [[ 57 140]]

 [[ 56 140]]

 [[ 55 139]]

 [[ 54 139]]

 [[ 53 139]]

 [[ 52 138]]

 [[ 51 138]]

 [[ 51 139]]

 [[ 51 140]]

 [[ 51 141]]

 [[ 51 142]]

 [[ 52 143]]

 [[ 52 144]]

 [[ 52 145]]

 [[ 53 146]]

 [[ 53 147]]

 [[ 54 148]]

 [[ 54 149]]

 [[ 55 150]]

 [[ 56 151]]

 [[ 57 151]]

 [[ 58 151]]

 [[ 59 151]]

 [[ 60 152]]

 [[ 61 152]]

 [[ 62 152]]

 [[ 63 152]]

 [[ 64 152]]

 [[ 65 152]]

 [[ 66 152]]

 [[ 67 152]]

 [[ 68 152]]

 [[ 69 152]]

 [[ 70 152]]

 [[ 71 152]]

 [[ 72 152]]

 [[ 73 152]]

 [[ 74 152]]

 [[ 75 152]]

 [[ 76 152]]

 [[ 77 151]]

 [[ 78 151]]

 [[ 79 151]]

 [[ 80 151]]

 [[ 81 151]]

 [[ 82 151]]

 [[ 83 150]]

 [[ 84 150]]

 [[ 85 150]]

 [[ 86 150]]

 [[ 87 149]]

 [[ 88 149]]

 [[ 89 149]]

 [[ 90 149]]

 [[ 91 149]]

 [[ 92 149]]

 [[ 93 148]]

 [[ 93 147]]

 [[ 93 146]]

 [[ 93 145]]

 [[ 93 144]]

 [[ 93 143]]

 [[ 93 142]]

 [[ 92 141]]

 [[ 92 140]]

 [[ 91 139]]

 [[ 90 138]]

 [[ 89 137]]

 [[ 88 137]]]
[[[  0   0]]

 [[  1 121]]

 [[  1 122]]

 [[  1 123]]

 [[  1 124]]

 [[  1 125]]

 [[  1 126]]

 [[  1 127]]

 [[  1 128]]

 [[  2 128]]

 [[  3 128]]

 [[  4 129]]

 [[  4 130]]

 [[  5 131]]

 [[  5 132]]

 [[  5 133]]

 [[  5 134]]

 [[  6 135]]

 [[  7 136]]

 [[  8 137]]

 [[  9 138]]

 [[ 10 139]]

 [[ 11 139]]

 [[ 12 140]]

 [[ 13 140]]

 [[ 14 140]]

 [[ 15 140]]

 [[ 16 140]]

 [[ 17 141]]

 [[ 18 141]]

 [[ 19 141]]

 [[ 20 141]]

 [[ 21 141]]

 [[ 22 141]]

 [[ 23 141]]

 [[ 24 141]]

 [[ 25 141]]

 [[ 26 140]]

 [[ 27 140]]

 [[ 28 140]]

 [[ 29 140]]

 [[ 30 140]]

 [[ 31 139]]

 [[ 32 139]]

 [[ 33 139]]

 [[ 34 139]]

 [[ 35 139]]

 [[ 36 138]]

 [[ 37 138]]

 [[ 38 138]]

 [[ 39 137]]

 [[ 40 137]]

 [[ 41 137]]

 [[ 42 137]]

 [[ 43 136]]

 [[ 44 136]]

 [[ 45 136]]

 [[ 46 136]]

 [[ 47 136]]

 [[ 48 135]]

 [[ 49 134]]

 [[ 49 133]]

 [[ 48 132]]

 [[ 48 131]]

 [[ 48 130]]

 [[ 48 129]]

 [[ 48 128]]

 [[ 48 127]]

 [[ 47 126]]

 [[ 46 126]]

 [[ 45 126]]

 [[ 44 126]]

 [[ 43 126]]

 [[ 42 126]]

 [[ 41 127]]

 [[ 40 127]]

 [[ 39 127]]

 [[ 38 128]]

 [[ 37 128]]

 [[ 36 128]]

 [[ 35 128]]

 [[ 34 128]]

 [[ 33 128]]

 [[ 32 129]]

 [[ 31 129]]

 [[ 30 130]]

 [[ 29 130]]

 [[ 28 130]]

 [[ 27 131]]

 [[ 26 131]]

 [[ 25 131]]

 [[ 24 131]]

 [[ 23 131]]

 [[ 22 131]]

 [[ 21 131]]

 [[ 20 131]]

 [[ 19 131]]

 [[ 18 131]]

 [[ 17 131]]

 [[ 16 131]]

 [[ 15 131]]

 [[ 14 131]]

 [[ 13 131]]

 [[ 12 130]]

 [[ 11 130]]

 [[ 10 130]]

 [[  9 129]]

 [[  8 129]]

 [[  7 129]]

 [[  6 128]]

 [[  5 127]]

 [[  4 127]]

 [[  3 126]]

 [[  2 125]]

 [[  2 124]]

 [[  1 123]]

 [[  1 122]]

 [[  1 121]]]
[[[  0   0]]

 [[ 36  90]]

 [[ 35  91]]

 [[ 34  91]]

 [[ 33  91]]

 [[ 32  91]]

 [[ 31  92]]

 [[ 30  92]]

 [[ 29  93]]

 [[ 28  93]]

 [[ 27  93]]

 [[ 26  94]]

 [[ 25  94]]

 [[ 24  94]]

 [[ 23  95]]

 [[ 22  95]]

 [[ 21  95]]

 [[ 20  95]]

 [[ 19  95]]

 [[ 18  96]]

 [[ 17  96]]

 [[ 16  96]]

 [[ 15  96]]

 [[ 14  96]]

 [[ 13  96]]

 [[ 12  96]]

 [[ 11  96]]

 [[ 10  96]]

 [[  9  96]]

 [[  8  96]]

 [[  7  96]]

 [[  6  96]]

 [[  5  96]]

 [[  4  96]]

 [[  3  96]]

 [[  2  96]]

 [[  1  96]]

 [[  1  97]]

 [[  1  98]]

 [[  1  99]]

 [[  1 100]]

 [[  1 101]]

 [[  1 102]]

 [[  1 103]]

 [[  1 104]]

 [[  1 105]]

 [[  1 106]]

 [[  2 106]]

 [[  3 106]]

 [[  4 107]]

 [[  5 107]]

 [[  6 107]]

 [[  7 107]]

 [[  8 107]]

 [[  9 107]]

 [[ 10 107]]

 [[ 11 107]]

 [[ 12 107]]

 [[ 13 107]]

 [[ 14 107]]

 [[ 15 107]]

 [[ 16 107]]

 [[ 17 107]]

 [[ 18 106]]

 [[ 19 106]]

 [[ 20 106]]

 [[ 21 106]]

 [[ 22 106]]

 [[ 23 105]]

 [[ 24 105]]

 [[ 25 105]]

 [[ 26 105]]

 [[ 27 104]]

 [[ 28 104]]

 [[ 29 104]]

 [[ 30 103]]

 [[ 31 103]]

 [[ 32 103]]

 [[ 33 103]]

 [[ 34 102]]

 [[ 35 102]]

 [[ 36 101]]

 [[ 37 101]]

 [[ 38 101]]

 [[ 39 101]]

 [[ 40 101]]

 [[ 41 102]]

 [[ 42 103]]

 [[ 42 104]]

 [[ 43 105]]

 [[ 43 106]]

 [[ 43 107]]

 [[ 44 108]]

 [[ 44 109]]

 [[ 44 110]]

 [[ 44 111]]

 [[ 45 112]]

 [[ 45 113]]

 [[ 46 114]]

 [[ 46 115]]

 [[ 47 115]]

 [[ 48 115]]

 [[ 49 115]]

 [[ 50 115]]

 [[ 51 115]]

 [[ 52 115]]

 [[ 53 115]]

 [[ 54 115]]

 [[ 55 115]]

 [[ 56 115]]

 [[ 57 115]]

 [[ 58 115]]

 [[ 59 115]]

 [[ 60 114]]

 [[ 61 114]]

 [[ 62 114]]

 [[ 63 114]]

 [[ 64 114]]

 [[ 65 114]]

 [[ 66 114]]

 [[ 67 114]]

 [[ 68 114]]

 [[ 69 113]]

 [[ 70 113]]

 [[ 71 113]]

 [[ 72 113]]

 [[ 73 113]]

 [[ 74 112]]

 [[ 75 112]]

 [[ 76 112]]

 [[ 77 112]]

 [[ 78 111]]

 [[ 79 111]]

 [[ 80 111]]

 [[ 81 111]]

 [[ 82 111]]

 [[ 83 111]]

 [[ 84 112]]

 [[ 84 113]]

 [[ 84 114]]

 [[ 84 115]]

 [[ 85 116]]

 [[ 85 117]]

 [[ 86 118]]

 [[ 86 119]]

 [[ 86 120]]

 [[ 86 121]]

 [[ 87 122]]

 [[ 87 123]]

 [[ 88 124]]

 [[ 88 125]]

 [[ 89 126]]

 [[ 90 127]]

 [[ 91 128]]

 [[ 92 128]]

 [[ 93 129]]

 [[ 94 129]]

 [[ 95 130]]

 [[ 96 131]]

 [[ 97 131]]

 [[ 98 132]]

 [[ 99 133]]

 [[100 133]]

 [[101 134]]

 [[102 134]]

 [[103 135]]

 [[104 135]]

 [[105 135]]

 [[106 136]]

 [[107 136]]

 [[108 136]]

 [[109 136]]

 [[110 136]]

 [[111 135]]

 [[112 135]]

 [[113 135]]

 [[114 135]]

 [[115 134]]

 [[116 134]]

 [[117 134]]

 [[118 134]]

 [[119 133]]

 [[120 133]]

 [[121 133]]

 [[122 133]]

 [[123 132]]

 [[124 132]]

 [[125 132]]

 [[126 131]]

 [[127 131]]

 [[128 131]]

 [[129 130]]

 [[130 130]]

 [[131 130]]

 [[132 129]]

 [[133 129]]

 [[134 129]]

 [[135 129]]

 [[136 128]]

 [[137 128]]

 [[138 127]]

 [[139 127]]

 [[140 126]]

 [[141 126]]

 [[142 126]]

 [[143 125]]

 [[144 125]]

 [[145 125]]

 [[146 124]]

 [[147 124]]

 [[148 123]]

 [[149 123]]

 [[150 122]]

 [[151 121]]

 [[152 121]]

 [[153 120]]

 [[154 120]]

 [[155 119]]

 [[156 119]]

 [[157 118]]

 [[158 117]]

 [[159 116]]

 [[160 115]]

 [[161 114]]

 [[162 113]]

 [[163 112]]

 [[163 111]]

 [[163 110]]

 [[163 109]]

 [[162 108]]

 [[162 107]]

 [[162 106]]

 [[162 105]]

 [[162 104]]

 [[162 103]]

 [[162 102]]

 [[161 101]]

 [[161 100]]

 [[161  99]]

 [[161  98]]

 [[161  97]]

 [[160  96]]

 [[160  95]]

 [[159  94]]

 [[159  95]]

 [[158  96]]

 [[158  97]]

 [[158  98]]

 [[158  99]]

 [[157 100]]

 [[156 101]]

 [[155 102]]

 [[154 103]]

 [[153 104]]

 [[152 105]]

 [[151 106]]

 [[150 107]]

 [[149 107]]

 [[148 108]]

 [[147 108]]

 [[146 109]]

 [[145 109]]

 [[144 110]]

 [[143 110]]

 [[142 111]]

 [[141 111]]

 [[140 112]]

 [[139 112]]

 [[138 112]]

 [[137 112]]

 [[136 113]]

 [[135 113]]

 [[134 113]]

 [[133 113]]

 [[132 114]]

 [[131 115]]

 [[130 115]]

 [[129 115]]

 [[128 116]]

 [[127 116]]

 [[126 116]]

 [[125 116]]

 [[124 117]]

 [[123 117]]

 [[122 117]]

 [[121 118]]

 [[120 118]]

 [[119 119]]

 [[118 119]]

 [[117 119]]

 [[116 119]]

 [[115 120]]

 [[114 120]]

 [[113 120]]

 [[112 120]]

 [[111 120]]

 [[110 121]]

 [[109 121]]

 [[108 121]]

 [[107 121]]

 [[106 122]]

 [[105 122]]

 [[104 122]]

 [[103 122]]

 [[102 122]]

 [[101 122]]

 [[100 121]]

 [[ 99 121]]

 [[ 98 120]]

 [[ 97 120]]

 [[ 96 119]]

 [[ 95 118]]

 [[ 94 118]]

 [[ 93 117]]

 [[ 92 116]]

 [[ 91 116]]

 [[ 90 115]]

 [[ 89 114]]

 [[ 88 113]]

 [[ 87 113]]

 [[ 86 112]]

 [[ 85 112]]

 [[ 84 111]]

 [[ 83 110]]

 [[ 83 109]]

 [[ 83 108]]

 [[ 83 107]]

 [[ 82 106]]

 [[ 82 105]]

 [[ 82 104]]

 [[ 81 103]]

 [[ 80 102]]

 [[ 80 101]]

 [[ 80 100]]

 [[ 80  99]]

 [[ 79  99]]

 [[ 78  98]]

 [[ 77  99]]

 [[ 76  99]]

 [[ 75 100]]

 [[ 74 100]]

 [[ 73 100]]

 [[ 72 101]]

 [[ 71 101]]

 [[ 70 101]]

 [[ 69 101]]

 [[ 68 101]]

 [[ 67 102]]

 [[ 66 102]]

 [[ 65 102]]

 [[ 64 102]]

 [[ 63 102]]

 [[ 62 102]]

 [[ 61 103]]

 [[ 60 103]]

 [[ 59 103]]

 [[ 58 103]]

 [[ 57 103]]

 [[ 56 103]]

 [[ 55 103]]

 [[ 54 103]]

 [[ 53 103]]

 [[ 52 103]]

 [[ 51 103]]

 [[ 50 103]]

 [[ 49 103]]

 [[ 48 103]]

 [[ 47 103]]

 [[ 46 103]]

 [[ 45 103]]

 [[ 44 102]]

 [[ 43 102]]

 [[ 42 101]]

 [[ 41 100]]

 [[ 40  99]]

 [[ 40  98]]

 [[ 40  97]]

 [[ 40  96]]

 [[ 40  95]]

 [[ 40  94]]

 [[ 39  93]]

 [[ 39  92]]

 [[ 39  91]]

 [[ 39  90]]

 [[ 38  89]]]
[[[  0   0]]

 [[146  64]]

 [[145  64]]

 [[144  64]]

 [[143  65]]

 [[142  65]]

 [[141  66]]

 [[140  66]]

 [[139  66]]

 [[138  66]]

 [[137  67]]

 [[136  67]]

 [[135  67]]

 [[134  67]]

 [[133  67]]

 [[132  68]]

 [[131  68]]

 [[130  69]]

 [[129  69]]

 [[128  70]]

 [[128  71]]

 [[128  72]]

 [[128  73]]

 [[127  74]]

 [[126  75]]

 [[125  75]]

 [[124  75]]

 [[123  75]]

 [[122  75]]

 [[121  75]]

 [[120  75]]

 [[119  75]]

 [[118  74]]

 [[117  74]]

 [[116  74]]

 [[115  74]]

 [[114  75]]

 [[113  75]]

 [[112  75]]

 [[111  76]]

 [[110  76]]

 [[109  76]]

 [[108  77]]

 [[107  77]]

 [[106  77]]

 [[105  78]]

 [[104  78]]

 [[103  78]]

 [[102  79]]

 [[101  79]]

 [[100  80]]

 [[ 99  80]]

 [[ 98  80]]

 [[ 97  81]]

 [[ 96  81]]

 [[ 95  81]]

 [[ 94  81]]

 [[ 93  82]]

 [[ 92  82]]

 [[ 91  82]]

 [[ 90  83]]

 [[ 89  83]]

 [[ 88  84]]

 [[ 87  84]]

 [[ 86  84]]

 [[ 85  84]]

 [[ 84  84]]

 [[ 83  85]]

 [[ 84  86]]

 [[ 84  87]]

 [[ 85  88]]

 [[ 86  88]]

 [[ 87  89]]

 [[ 88  88]]

 [[ 89  87]]

 [[ 90  87]]

 [[ 91  86]]

 [[ 92  86]]

 [[ 93  87]]

 [[ 94  87]]

 [[ 95  87]]

 [[ 96  87]]

 [[ 97  87]]

 [[ 98  86]]

 [[ 99  86]]

 [[100  85]]

 [[101  85]]

 [[102  85]]

 [[103  85]]

 [[104  85]]

 [[105  85]]

 [[106  85]]

 [[107  84]]

 [[108  84]]

 [[109  83]]

 [[110  83]]

 [[111  83]]

 [[112  83]]

 [[113  82]]

 [[114  82]]

 [[115  82]]

 [[116  82]]

 [[117  82]]

 [[118  81]]

 [[119  81]]

 [[120  81]]

 [[121  81]]

 [[122  80]]

 [[123  80]]

 [[124  80]]

 [[125  79]]

 [[126  79]]

 [[127  78]]

 [[128  78]]

 [[129  78]]

 [[130  77]]

 [[131  77]]

 [[132  76]]

 [[133  75]]

 [[134  75]]

 [[135  75]]

 [[136  75]]

 [[137  75]]

 [[138  75]]

 [[139  74]]

 [[140  74]]

 [[141  73]]

 [[142  73]]

 [[143  73]]

 [[144  72]]

 [[145  72]]

 [[146  71]]

 [[147  71]]

 [[148  70]]

 [[149  69]]

 [[150  68]]

 [[151  67]]

 [[152  66]]

 [[151  65]]

 [[151  64]]

 [[150  64]]

 [[149  63]]

 [[148  63]]]
[[[ 0  0]]

 [[13 60]]

 [[12 60]]

 [[11 60]]

 [[10 60]]

 [[ 9 61]]

 [[ 8 61]]

 [[ 7 62]]

 [[ 6 62]]

 [[ 5 62]]

 [[ 4 62]]

 [[ 3 62]]

 [[ 2 62]]

 [[ 1 62]]

 [[ 1 63]]

 [[ 1 64]]

 [[ 1 65]]

 [[ 1 66]]

 [[ 2 66]]

 [[ 3 66]]

 [[ 4 66]]

 [[ 5 66]]

 [[ 6 66]]

 [[ 7 66]]

 [[ 8 66]]

 [[ 9 66]]

 [[10 65]]

 [[11 65]]

 [[12 65]]

 [[13 65]]

 [[14 65]]

 [[15 64]]

 [[16 64]]

 [[17 64]]

 [[18 64]]

 [[19 64]]

 [[20 63]]

 [[21 63]]

 [[22 63]]

 [[23 63]]

 [[24 63]]

 [[25 63]]

 [[26 63]]

 [[27 63]]

 [[28 64]]

 [[29 65]]

 [[30 66]]

 [[31 66]]

 [[32 65]]

 [[33 65]]

 [[34 65]]

 [[35 65]]

 [[36 66]]

 [[36 67]]

 [[36 68]]

 [[37 68]]

 [[38 68]]

 [[39 68]]

 [[40 68]]

 [[41 68]]

 [[42 67]]

 [[43 66]]

 [[44 66]]

 [[45 65]]

 [[46 65]]

 [[47 65]]

 [[48 64]]

 [[49 63]]

 [[49 62]]

 [[48 61]]

 [[47 61]]

 [[46 61]]

 [[45 60]]

 [[44 60]]

 [[43 61]]

 [[42 61]]

 [[41 61]]

 [[40 61]]

 [[39 61]]

 [[38 62]]

 [[37 62]]

 [[36 62]]

 [[35 62]]

 [[34 62]]

 [[33 62]]

 [[32 61]]

 [[31 61]]

 [[30 61]]

 [[29 60]]

 [[28 60]]

 [[27 60]]

 [[26 60]]

 [[25 59]]

 [[24 59]]

 [[23 59]]

 [[22 59]]

 [[21 59]]

 [[20 59]]

 [[19 59]]

 [[18 59]]

 [[17 59]]

 [[16 59]]

 [[15 59]]]
[[[  0   0]]

 [[ 88  54]]

 [[ 87  55]]

 [[ 86  55]]

 [[ 85  55]]

 [[ 84  56]]

 [[ 83  56]]

 [[ 82  56]]

 [[ 81  56]]

 [[ 80  57]]

 [[ 79  58]]

 [[ 79  59]]

 [[ 79  60]]

 [[ 78  61]]

 [[ 77  61]]

 [[ 76  62]]

 [[ 75  62]]

 [[ 74  62]]

 [[ 73  62]]

 [[ 72  62]]

 [[ 71  62]]

 [[ 70  62]]

 [[ 69  62]]

 [[ 68  62]]

 [[ 67  62]]

 [[ 66  62]]

 [[ 65  63]]

 [[ 64  63]]

 [[ 63  63]]

 [[ 62  63]]

 [[ 61  64]]

 [[ 60  64]]

 [[ 59  65]]

 [[ 58  65]]

 [[ 57  65]]

 [[ 56  66]]

 [[ 55  66]]

 [[ 54  66]]

 [[ 53  67]]

 [[ 52  67]]

 [[ 51  68]]

 [[ 50  68]]

 [[ 49  69]]

 [[ 48  69]]

 [[ 47  69]]

 [[ 46  70]]

 [[ 45  71]]

 [[ 44  71]]

 [[ 43  71]]

 [[ 42  72]]

 [[ 41  72]]

 [[ 40  72]]

 [[ 39  73]]

 [[ 38  74]]

 [[ 39  75]]

 [[ 40  76]]

 [[ 41  76]]

 [[ 42  76]]

 [[ 43  76]]

 [[ 44  76]]

 [[ 45  76]]

 [[ 46  76]]

 [[ 47  76]]

 [[ 47  75]]

 [[ 47  74]]

 [[ 48  73]]

 [[ 48  72]]

 [[ 48  71]]

 [[ 49  70]]

 [[ 50  70]]

 [[ 51  70]]

 [[ 52  70]]

 [[ 53  70]]

 [[ 54  70]]

 [[ 55  70]]

 [[ 56  70]]

 [[ 57  70]]

 [[ 58  70]]

 [[ 59  69]]

 [[ 60  69]]

 [[ 61  69]]

 [[ 62  69]]

 [[ 63  69]]

 [[ 64  68]]

 [[ 65  68]]

 [[ 66  68]]

 [[ 67  68]]

 [[ 68  67]]

 [[ 69  67]]

 [[ 70  67]]

 [[ 71  66]]

 [[ 72  66]]

 [[ 73  66]]

 [[ 74  66]]

 [[ 75  65]]

 [[ 76  65]]

 [[ 77  65]]

 [[ 78  64]]

 [[ 79  64]]

 [[ 80  64]]

 [[ 81  63]]

 [[ 82  63]]

 [[ 83  62]]

 [[ 84  62]]

 [[ 85  62]]

 [[ 86  61]]

 [[ 87  61]]

 [[ 88  61]]

 [[ 89  61]]

 [[ 90  60]]

 [[ 91  59]]

 [[ 92  59]]

 [[ 93  58]]

 [[ 94  58]]

 [[ 95  58]]

 [[ 96  58]]

 [[ 97  57]]

 [[ 98  57]]

 [[ 99  56]]

 [[100  56]]

 [[101  55]]

 [[100  54]]

 [[ 99  53]]

 [[ 98  53]]

 [[ 97  53]]

 [[ 96  53]]

 [[ 95  53]]

 [[ 94  53]]

 [[ 93  53]]

 [[ 92  53]]

 [[ 91  53]]

 [[ 90  53]]]
