[[[  0   0]]

 [[208 145]]

 [[207 146]]

 [[207 147]]

 [[207 148]]

 [[207 149]]

 [[208 150]]

 [[208 151]]

 [[208 152]]

 [[208 153]]

 [[209 154]]

 [[210 155]]

 [[211 155]]

 [[212 155]]

 [[213 155]]

 [[214 155]]

 [[215 156]]

 [[216 156]]

 [[217 156]]

 [[218 157]]

 [[219 157]]

 [[220 158]]

 [[221 157]]

 [[222 157]]

 [[223 157]]

 [[224 157]]

 [[225 157]]

 [[226 157]]

 [[227 156]]

 [[228 156]]

 [[229 155]]

 [[230 156]]

 [[231 156]]

 [[232 156]]

 [[233 157]]

 [[234 156]]

 [[235 157]]

 [[236 157]]

 [[237 158]]

 [[238 158]]

 [[239 158]]

 [[240 158]]

 [[241 159]]

 [[242 158]]

 [[243 158]]

 [[244 157]]

 [[245 157]]

 [[246 157]]

 [[247 156]]

 [[248 157]]

 [[249 157]]

 [[250 157]]

 [[251 157]]

 [[252 157]]

 [[253 156]]

 [[254 156]]

 [[255 156]]

 [[256 156]]

 [[257 155]]

 [[258 156]]

 [[259 155]]

 [[260 155]]

 [[260 154]]

 [[261 153]]

 [[261 152]]

 [[262 151]]

 [[262 150]]

 [[261 149]]

 [[261 148]]

 [[260 147]]

 [[259 147]]

 [[258 147]]

 [[257 146]]

 [[256 146]]

 [[255 146]]

 [[254 147]]

 [[253 148]]

 [[253 149]]

 [[252 150]]

 [[252 151]]

 [[251 152]]

 [[250 153]]

 [[249 153]]

 [[248 154]]

 [[247 154]]

 [[246 154]]

 [[245 154]]

 [[244 153]]

 [[243 153]]

 [[242 153]]

 [[241 153]]

 [[240 153]]

 [[239 152]]

 [[238 152]]

 [[237 152]]

 [[236 152]]

 [[235 152]]

 [[234 152]]

 [[233 152]]

 [[232 152]]

 [[231 153]]

 [[230 153]]

 [[229 152]]

 [[228 152]]

 [[227 151]]

 [[226 151]]

 [[225 151]]

 [[224 151]]

 [[223 151]]

 [[222 151]]

 [[221 150]]

 [[220 150]]

 [[219 150]]

 [[218 150]]

 [[217 149]]

 [[216 149]]

 [[215 149]]

 [[214 148]]

 [[213 147]]

 [[212 147]]

 [[211 146]]

 [[210 145]]

 [[209 144]]]
[[[  0   0]]

 [[266 105]]

 [[266 106]]

 [[266 107]]

 [[266 108]]

 [[265 109]]

 [[265 110]]

 [[265 111]]

 [[264 112]]

 [[264 113]]

 [[263 114]]

 [[263 115]]

 [[262 116]]

 [[261 117]]

 [[260 118]]

 [[259 119]]

 [[258 119]]

 [[257 120]]

 [[256 120]]

 [[255 120]]

 [[254 121]]

 [[253 121]]

 [[252 122]]

 [[251 122]]

 [[250 122]]

 [[249 122]]

 [[248 122]]

 [[247 122]]

 [[246 122]]

 [[245 122]]

 [[244 122]]

 [[243 122]]

 [[242 122]]

 [[241 122]]

 [[240 122]]

 [[239 122]]

 [[238 122]]

 [[237 122]]

 [[236 122]]

 [[235 122]]

 [[234 122]]

 [[233 121]]

 [[232 121]]

 [[231 121]]

 [[230 121]]

 [[229 121]]

 [[228 121]]

 [[227 121]]

 [[226 121]]

 [[225 121]]

 [[224 121]]

 [[223 121]]

 [[222 121]]

 [[221 121]]

 [[220 121]]

 [[219 121]]

 [[218 121]]

 [[217 121]]

 [[216 121]]

 [[215 121]]

 [[214 121]]

 [[213 120]]

 [[212 120]]

 [[211 120]]

 [[210 119]]

 [[209 119]]

 [[208 118]]

 [[207 118]]

 [[206 119]]

 [[206 120]]

 [[206 121]]

 [[207 122]]

 [[207 123]]

 [[208 124]]

 [[208 125]]

 [[208 126]]

 [[208 127]]

 [[208 128]]

 [[208 129]]

 [[208 130]]

 [[208 131]]

 [[208 132]]

 [[208 133]]

 [[208 134]]

 [[208 135]]

 [[208 136]]

 [[209 137]]

 [[210 137]]

 [[211 137]]

 [[212 137]]

 [[213 137]]

 [[214 137]]

 [[215 137]]

 [[216 137]]

 [[217 137]]

 [[218 137]]

 [[219 138]]

 [[220 138]]

 [[221 138]]

 [[222 138]]

 [[223 138]]

 [[224 138]]

 [[225 138]]

 [[226 138]]

 [[227 138]]

 [[228 139]]

 [[229 139]]

 [[230 139]]

 [[231 139]]

 [[232 139]]

 [[233 139]]

 [[234 139]]

 [[235 139]]

 [[236 139]]

 [[237 139]]

 [[238 140]]

 [[239 139]]

 [[240 139]]

 [[241 139]]

 [[242 139]]

 [[243 139]]

 [[244 139]]

 [[245 139]]

 [[246 140]]

 [[247 140]]

 [[248 140]]

 [[249 139]]

 [[250 139]]

 [[251 139]]

 [[252 138]]

 [[253 138]]

 [[254 137]]

 [[255 137]]

 [[256 137]]

 [[257 136]]

 [[258 136]]

 [[259 135]]

 [[260 135]]

 [[261 134]]

 [[262 133]]

 [[263 132]]

 [[264 131]]

 [[264 130]]

 [[264 129]]

 [[264 128]]

 [[264 127]]

 [[265 126]]

 [[265 125]]

 [[265 124]]

 [[265 123]]

 [[265 122]]

 [[265 121]]

 [[265 120]]

 [[265 119]]

 [[265 118]]

 [[265 117]]

 [[265 116]]

 [[266 115]]

 [[266 114]]

 [[266 113]]

 [[266 112]]

 [[266 111]]

 [[266 110]]

 [[267 109]]

 [[268 108]]

 [[269 107]]

 [[269 106]]

 [[269 105]]

 [[268 104]]]
[[[  0   0]]

 [[260  80]]

 [[259  80]]

 [[258  81]]

 [[257  81]]

 [[256  82]]

 [[255  82]]

 [[254  83]]

 [[253  83]]

 [[252  84]]

 [[251  84]]

 [[250  85]]

 [[249  85]]

 [[248  85]]

 [[247  85]]

 [[246  85]]

 [[245  85]]

 [[244  85]]

 [[243  85]]

 [[242  85]]

 [[241  85]]

 [[240  85]]

 [[239  85]]

 [[238  85]]

 [[237  85]]

 [[236  84]]

 [[235  84]]

 [[234  84]]

 [[233  84]]

 [[232  84]]

 [[231  84]]

 [[230  84]]

 [[229  84]]

 [[228  84]]

 [[227  84]]

 [[226  84]]

 [[225  84]]

 [[224  84]]

 [[223  84]]

 [[222  84]]

 [[221  84]]

 [[220  84]]

 [[219  84]]

 [[218  84]]

 [[217  84]]

 [[216  84]]

 [[215  84]]

 [[214  84]]

 [[213  84]]

 [[212  84]]

 [[211  83]]

 [[210  83]]

 [[209  83]]

 [[208  82]]

 [[207  83]]

 [[207  84]]

 [[207  85]]

 [[207  86]]

 [[208  87]]

 [[208  88]]

 [[208  89]]

 [[208  90]]

 [[208  91]]

 [[208  92]]

 [[208  93]]

 [[208  94]]

 [[208  95]]

 [[208  96]]

 [[208  97]]

 [[207  98]]

 [[207  99]]

 [[207 100]]

 [[208 101]]

 [[209 101]]

 [[210 101]]

 [[211 101]]

 [[212 101]]

 [[213 102]]

 [[214 102]]

 [[215 102]]

 [[216 102]]

 [[217 102]]

 [[218 102]]

 [[219 102]]

 [[220 102]]

 [[221 101]]

 [[222 101]]

 [[223 102]]

 [[224 102]]

 [[225 102]]

 [[226 102]]

 [[227 102]]

 [[228 102]]

 [[229 102]]

 [[230 102]]

 [[231 102]]

 [[232 102]]

 [[233 102]]

 [[234 102]]

 [[235 102]]

 [[236 102]]

 [[237 102]]

 [[238 102]]

 [[239 102]]

 [[240 102]]

 [[241 102]]

 [[242 102]]

 [[243 102]]

 [[244 103]]

 [[245 103]]

 [[246 102]]

 [[247 102]]

 [[248 102]]

 [[249 102]]

 [[250 102]]

 [[251 102]]

 [[252 101]]

 [[253 101]]

 [[254 100]]

 [[255 100]]

 [[256  99]]

 [[257  99]]

 [[258  98]]

 [[259  97]]

 [[260  97]]

 [[261  96]]

 [[262  95]]

 [[262  94]]

 [[263  93]]

 [[263  92]]

 [[263  91]]

 [[263  90]]

 [[263  89]]

 [[262  88]]

 [[262  87]]

 [[262  86]]

 [[263  85]]

 [[263  84]]

 [[263  83]]

 [[263  82]]

 [[264  81]]

 [[264  80]]

 [[264  79]]

 [[263  79]]

 [[262  79]]]
[[[  0   0]]

 [[316  47]]

 [[315  48]]

 [[315  49]]

 [[314  50]]

 [[313  50]]

 [[312  51]]

 [[312  52]]

 [[312  53]]

 [[313  54]]

 [[314  55]]

 [[313  56]]

 [[312  56]]

 [[311  56]]

 [[310  55]]

 [[310  54]]

 [[309  54]]

 [[308  54]]

 [[307  54]]

 [[306  55]]

 [[305  56]]

 [[304  56]]

 [[303  55]]

 [[302  54]]

 [[301  54]]

 [[300  54]]

 [[299  54]]

 [[298  54]]

 [[298  55]]

 [[297  56]]

 [[296  56]]

 [[295  56]]

 [[294  56]]

 [[293  55]]

 [[292  55]]

 [[291  55]]

 [[290  55]]

 [[289  55]]

 [[288  56]]

 [[287  56]]

 [[286  55]]

 [[285  54]]

 [[284  54]]

 [[283  54]]

 [[282  55]]

 [[281  55]]

 [[280  56]]

 [[279  56]]

 [[278  55]]

 [[277  54]]

 [[276  54]]

 [[275  54]]

 [[274  54]]

 [[273  55]]

 [[272  55]]

 [[271  55]]

 [[270  54]]

 [[270  53]]

 [[269  53]]

 [[268  53]]

 [[267  53]]

 [[266  52]]

 [[265  51]]

 [[265  50]]

 [[264  50]]

 [[263  50]]

 [[262  49]]

 [[262  48]]

 [[261  47]]

 [[260  47]]

 [[259  47]]

 [[258  47]]

 [[257  47]]

 [[256  48]]

 [[255  48]]

 [[255  49]]

 [[254  50]]

 [[254  51]]

 [[254  52]]

 [[254  53]]

 [[254  54]]

 [[253  55]]

 [[252  55]]

 [[251  55]]

 [[250  55]]

 [[249  55]]

 [[248  55]]

 [[247  55]]

 [[246  54]]

 [[245  54]]

 [[244  54]]

 [[243  54]]

 [[242  54]]

 [[241  55]]

 [[240  55]]

 [[239  55]]

 [[238  55]]

 [[237  56]]

 [[236  56]]

 [[235  56]]

 [[234  56]]

 [[233  57]]

 [[232  57]]

 [[231  58]]

 [[230  59]]

 [[229  59]]

 [[228  60]]

 [[227  60]]

 [[226  60]]

 [[225  61]]

 [[224  61]]

 [[223  61]]

 [[222  62]]

 [[221  62]]

 [[220  63]]

 [[220  64]]

 [[221  64]]

 [[222  65]]

 [[223  65]]

 [[224  65]]

 [[225  65]]

 [[226  65]]

 [[227  65]]

 [[228  65]]

 [[229  65]]

 [[230  65]]

 [[231  65]]

 [[232  65]]

 [[233  64]]

 [[234  63]]

 [[235  62]]

 [[236  61]]

 [[237  61]]

 [[238  61]]

 [[239  61]]

 [[240  61]]

 [[241  62]]

 [[242  61]]

 [[243  61]]

 [[244  61]]

 [[245  61]]

 [[246  61]]

 [[247  60]]

 [[248  59]]

 [[249  59]]

 [[250  58]]

 [[251  58]]

 [[252  58]]

 [[253  57]]

 [[254  57]]

 [[255  56]]

 [[256  56]]

 [[257  56]]

 [[258  55]]

 [[259  54]]

 [[260  54]]

 [[261  54]]

 [[262  55]]

 [[262  56]]

 [[263  57]]

 [[263  58]]

 [[263  59]]

 [[264  60]]

 [[265  60]]

 [[266  60]]

 [[267  60]]

 [[268  60]]

 [[269  59]]

 [[270  59]]

 [[271  59]]

 [[272  59]]

 [[273  59]]

 [[274  59]]

 [[274  58]]

 [[275  57]]

 [[276  57]]

 [[277  58]]

 [[278  58]]

 [[279  59]]

 [[280  58]]

 [[281  58]]

 [[282  58]]

 [[283  59]]

 [[284  60]]

 [[285  60]]

 [[286  60]]

 [[287  60]]

 [[288  60]]

 [[289  60]]

 [[290  60]]

 [[291  59]]

 [[292  58]]

 [[293  59]]

 [[294  59]]

 [[295  59]]

 [[296  60]]

 [[297  60]]

 [[298  59]]

 [[299  58]]

 [[300  58]]

 [[301  59]]

 [[302  59]]

 [[303  60]]

 [[304  60]]

 [[305  60]]

 [[306  60]]

 [[307  59]]

 [[308  58]]

 [[309  59]]

 [[309  60]]

 [[310  60]]

 [[311  61]]

 [[312  61]]

 [[313  61]]

 [[314  61]]

 [[315  61]]

 [[316  61]]

 [[317  61]]

 [[318  62]]

 [[319  62]]

 [[320  61]]

 [[320  60]]

 [[320  59]]

 [[320  58]]

 [[320  57]]

 [[319  56]]

 [[319  55]]

 [[319  54]]

 [[319  53]]

 [[320  52]]

 [[320  51]]

 [[319  50]]

 [[319  49]]

 [[318  48]]

 [[318  47]]

 [[317  46]]]
[[[  0   0]]

 [[109  47]]

 [[108  48]]

 [[107  49]]

 [[108  50]]

 [[107  51]]

 [[106  51]]

 [[105  51]]

 [[104  50]]

 [[103  51]]

 [[102  50]]

 [[101  50]]

 [[100  49]]

 [[100  48]]

 [[100  47]]

 [[ 99  47]]

 [[ 98  48]]

 [[ 97  49]]

 [[ 96  48]]

 [[ 95  48]]

 [[ 94  49]]

 [[ 93  49]]

 [[ 92  49]]

 [[ 91  49]]

 [[ 90  49]]

 [[ 89  48]]

 [[ 88  49]]

 [[ 87  49]]

 [[ 86  49]]

 [[ 85  49]]

 [[ 84  49]]

 [[ 83  49]]

 [[ 82  48]]

 [[ 81  49]]

 [[ 80  49]]

 [[ 79  49]]

 [[ 78  48]]

 [[ 77  48]]

 [[ 76  48]]

 [[ 75  49]]

 [[ 74  50]]

 [[ 73  50]]

 [[ 73  51]]

 [[ 72  52]]

 [[ 71  51]]

 [[ 71  50]]

 [[ 71  49]]

 [[ 70  50]]

 [[ 69  50]]

 [[ 68  50]]

 [[ 67  49]]

 [[ 66  49]]

 [[ 65  49]]

 [[ 64  50]]

 [[ 63  50]]

 [[ 62  50]]

 [[ 61  49]]

 [[ 60  50]]

 [[ 59  51]]

 [[ 58  51]]

 [[ 57  52]]

 [[ 56  52]]

 [[ 55  52]]

 [[ 54  51]]

 [[ 53  52]]

 [[ 52  52]]

 [[ 51  51]]

 [[ 50  51]]

 [[ 49  51]]

 [[ 48  51]]

 [[ 47  51]]

 [[ 46  51]]

 [[ 45  51]]

 [[ 44  52]]

 [[ 43  52]]

 [[ 42  51]]

 [[ 41  50]]

 [[ 40  50]]

 [[ 39  50]]

 [[ 38  51]]

 [[ 37  50]]

 [[ 36  50]]

 [[ 35  50]]

 [[ 34  50]]

 [[ 33  50]]

 [[ 32  50]]

 [[ 31  50]]

 [[ 30  50]]

 [[ 29  51]]

 [[ 28  52]]

 [[ 27  52]]

 [[ 26  52]]

 [[ 25  53]]

 [[ 24  53]]

 [[ 23  53]]

 [[ 22  53]]

 [[ 21  53]]

 [[ 20  52]]

 [[ 20  51]]

 [[ 19  50]]

 [[ 18  49]]

 [[ 17  49]]

 [[ 16  49]]

 [[ 15  50]]

 [[ 14  50]]

 [[ 13  49]]

 [[ 12  49]]

 [[ 12  50]]

 [[ 13  51]]

 [[ 14  52]]

 [[ 14  53]]

 [[ 13  54]]

 [[ 12  54]]

 [[ 11  54]]

 [[ 11  55]]

 [[ 11  56]]

 [[ 11  57]]

 [[ 12  57]]

 [[ 13  58]]

 [[ 14  58]]

 [[ 15  59]]

 [[ 16  58]]

 [[ 17  58]]

 [[ 18  58]]

 [[ 19  58]]

 [[ 20  58]]

 [[ 21  58]]

 [[ 22  57]]

 [[ 23  57]]

 [[ 24  57]]

 [[ 25  58]]

 [[ 26  57]]

 [[ 27  57]]

 [[ 28  56]]

 [[ 29  56]]

 [[ 30  57]]

 [[ 31  56]]

 [[ 32  55]]

 [[ 33  56]]

 [[ 34  56]]

 [[ 35  56]]

 [[ 36  56]]

 [[ 37  56]]

 [[ 38  56]]

 [[ 39  56]]

 [[ 40  56]]

 [[ 41  56]]

 [[ 42  55]]

 [[ 43  55]]

 [[ 44  55]]

 [[ 45  56]]

 [[ 46  56]]

 [[ 47  56]]

 [[ 48  55]]

 [[ 49  55]]

 [[ 50  56]]

 [[ 51  56]]

 [[ 52  55]]

 [[ 53  55]]

 [[ 54  54]]

 [[ 55  55]]

 [[ 56  55]]

 [[ 57  55]]

 [[ 58  54]]

 [[ 59  55]]

 [[ 60  55]]

 [[ 61  55]]

 [[ 62  55]]

 [[ 63  54]]

 [[ 64  54]]

 [[ 65  54]]

 [[ 66  54]]

 [[ 67  54]]

 [[ 68  53]]

 [[ 69  53]]

 [[ 70  53]]

 [[ 71  54]]

 [[ 72  54]]

 [[ 73  53]]

 [[ 74  53]]

 [[ 75  53]]

 [[ 76  54]]

 [[ 77  54]]

 [[ 78  54]]

 [[ 79  54]]

 [[ 80  54]]

 [[ 81  55]]

 [[ 82  55]]

 [[ 83  55]]

 [[ 84  54]]

 [[ 85  53]]

 [[ 86  54]]

 [[ 87  54]]

 [[ 88  54]]

 [[ 89  53]]

 [[ 90  53]]

 [[ 91  53]]

 [[ 92  53]]

 [[ 93  52]]

 [[ 94  52]]

 [[ 95  52]]

 [[ 96  53]]

 [[ 97  53]]

 [[ 98  53]]

 [[ 99  53]]

 [[100  52]]

 [[101  53]]

 [[102  53]]

 [[103  52]]

 [[104  52]]

 [[105  52]]

 [[106  51]]

 [[107  51]]

 [[108  51]]

 [[109  52]]

 [[110  51]]

 [[111  51]]

 [[112  51]]

 [[113  52]]

 [[114  52]]

 [[115  52]]

 [[116  51]]

 [[117  51]]

 [[118  51]]

 [[119  51]]

 [[120  51]]

 [[121  51]]

 [[122  51]]

 [[123  51]]

 [[123  50]]

 [[123  49]]

 [[122  49]]

 [[121  48]]

 [[120  48]]

 [[119  47]]

 [[118  47]]

 [[117  47]]

 [[116  48]]

 [[115  48]]

 [[114  48]]

 [[113  47]]

 [[112  47]]

 [[111  46]]]
[[[  0   0]]

 [[319   2]]

 [[319   3]]

 [[318   4]]

 [[317   5]]

 [[316   4]]

 [[316   5]]

 [[316   6]]

 [[316   7]]

 [[315   8]]

 [[315   9]]

 [[315  10]]

 [[315  11]]

 [[315  12]]

 [[315  13]]

 [[315  14]]

 [[316  15]]

 [[316  16]]

 [[316  17]]

 [[315  18]]

 [[315  19]]

 [[315  20]]

 [[316  21]]

 [[316  22]]

 [[317  23]]

 [[316  24]]

 [[316  25]]

 [[316  26]]

 [[316  27]]

 [[316  28]]

 [[316  29]]

 [[316  30]]

 [[316  31]]

 [[316  32]]

 [[316  33]]

 [[316  34]]

 [[315  35]]

 [[314  35]]

 [[314  36]]

 [[314  37]]

 [[314  38]]

 [[315  39]]

 [[315  40]]

 [[315  41]]

 [[315  42]]

 [[316  42]]

 [[317  43]]

 [[318  44]]

 [[319  44]]

 [[320  44]]

 [[320  43]]

 [[320  42]]

 [[320  41]]

 [[319  40]]

 [[319  39]]

 [[320  38]]

 [[319  37]]

 [[319  36]]

 [[320  35]]

 [[320  34]]

 [[320  33]]

 [[320  32]]

 [[319  31]]

 [[320  30]]

 [[321  29]]

 [[321  28]]

 [[320  27]]

 [[320  26]]

 [[320  25]]

 [[320  24]]

 [[320  23]]

 [[321  22]]

 [[321  21]]

 [[321  20]]

 [[321  19]]

 [[321  18]]

 [[321  17]]

 [[321  16]]

 [[321  15]]

 [[322  14]]

 [[323  13]]

 [[324  13]]

 [[323  13]]

 [[322  12]]

 [[322  11]]

 [[322  10]]

 [[321   9]]

 [[321   8]]

 [[321   7]]

 [[321   6]]

 [[322   5]]

 [[321   4]]

 [[321   3]]

 [[321   2]]

 [[320   1]]]
[[[  0   0]]

 [[181   2]]

 [[180   3]]

 [[180   4]]

 [[179   5]]

 [[178   6]]

 [[177   5]]

 [[177   4]]

 [[176   4]]

 [[175   4]]

 [[174   5]]

 [[173   6]]

 [[172   7]]

 [[171   8]]

 [[171   9]]

 [[170  10]]

 [[169  10]]

 [[168  10]]

 [[167   9]]

 [[167   8]]

 [[166   8]]

 [[166   9]]

 [[167   9]]

 [[168  10]]

 [[168  11]]

 [[168  12]]

 [[167  13]]

 [[166  14]]

 [[166  15]]

 [[166  16]]

 [[165  17]]

 [[164  18]]

 [[163  19]]

 [[164  20]]

 [[165  20]]

 [[166  21]]

 [[166  22]]

 [[166  23]]

 [[166  24]]

 [[166  25]]

 [[165  26]]

 [[164  27]]

 [[165  27]]

 [[166  27]]

 [[167  28]]

 [[167  29]]

 [[167  30]]

 [[167  31]]

 [[167  32]]

 [[166  33]]

 [[165  33]]

 [[165  34]]

 [[166  33]]

 [[167  32]]

 [[168  32]]

 [[169  32]]

 [[169  31]]

 [[170  30]]

 [[171  30]]

 [[172  30]]

 [[173  30]]

 [[174  31]]

 [[175  31]]

 [[176  31]]

 [[177  31]]

 [[178  31]]

 [[179  31]]

 [[180  31]]

 [[181  32]]

 [[182  31]]

 [[183  31]]

 [[184  31]]

 [[185  31]]

 [[186  31]]

 [[187  31]]

 [[188  31]]

 [[189  30]]

 [[190  30]]

 [[191  30]]

 [[192  30]]

 [[193  29]]

 [[194  29]]

 [[195  29]]

 [[196  30]]

 [[197  31]]

 [[197  32]]

 [[198  33]]

 [[199  33]]

 [[200  33]]

 [[201  34]]

 [[200  35]]

 [[199  36]]

 [[199  37]]

 [[199  38]]

 [[198  39]]

 [[197  40]]

 [[196  41]]

 [[195  42]]

 [[194  42]]

 [[193  42]]

 [[192  42]]

 [[191  42]]

 [[190  42]]

 [[189  42]]

 [[188  42]]

 [[187  42]]

 [[186  42]]

 [[185  42]]

 [[184  42]]

 [[183  42]]

 [[182  42]]

 [[181  42]]

 [[180  42]]

 [[179  42]]

 [[178  42]]

 [[177  42]]

 [[176  42]]

 [[175  42]]

 [[174  42]]

 [[173  42]]

 [[172  41]]

 [[171  41]]

 [[170  41]]

 [[169  40]]

 [[169  39]]

 [[169  38]]

 [[169  37]]

 [[169  36]]

 [[168  36]]

 [[167  37]]

 [[167  38]]

 [[167  39]]

 [[166  40]]

 [[165  41]]

 [[165  42]]

 [[165  43]]

 [[164  44]]

 [[163  45]]

 [[162  45]]

 [[161  46]]

 [[160  46]]

 [[160  47]]

 [[159  48]]

 [[158  48]]

 [[157  49]]

 [[158  49]]

 [[159  49]]

 [[160  49]]

 [[161  49]]

 [[162  49]]

 [[163  49]]

 [[164  50]]

 [[165  50]]

 [[166  50]]

 [[167  50]]

 [[168  51]]

 [[169  50]]

 [[169  49]]

 [[170  48]]

 [[171  48]]

 [[172  47]]

 [[173  47]]

 [[174  47]]

 [[175  47]]

 [[176  47]]

 [[177  48]]

 [[178  48]]

 [[179  48]]

 [[180  48]]

 [[181  48]]

 [[182  48]]

 [[183  48]]

 [[184  48]]

 [[185  48]]

 [[186  47]]

 [[187  47]]

 [[188  47]]

 [[189  47]]

 [[190  47]]

 [[191  47]]

 [[192  46]]

 [[193  46]]

 [[194  47]]

 [[195  47]]

 [[196  48]]

 [[196  49]]

 [[196  50]]

 [[196  51]]

 [[196  52]]

 [[196  53]]

 [[196  54]]

 [[195  55]]

 [[195  56]]

 [[194  57]]

 [[193  58]]

 [[193  59]]

 [[193  60]]

 [[194  60]]

 [[195  60]]

 [[196  60]]

 [[197  59]]

 [[198  59]]

 [[199  59]]

 [[200  59]]

 [[201  59]]

 [[202  59]]

 [[203  59]]

 [[204  59]]

 [[205  58]]

 [[206  57]]

 [[207  58]]

 [[208  59]]

 [[209  60]]

 [[210  60]]

 [[211  60]]

 [[212  60]]

 [[213  60]]

 [[214  60]]

 [[215  60]]

 [[216  60]]

 [[217  60]]

 [[218  60]]

 [[219  59]]

 [[219  58]]

 [[220  57]]

 [[220  56]]

 [[219  55]]

 [[218  55]]

 [[217  55]]

 [[216  55]]

 [[215  54]]

 [[214  53]]

 [[213  52]]

 [[213  51]]

 [[213  50]]

 [[213  49]]

 [[214  48]]

 [[215  47]]

 [[215  46]]

 [[215  45]]

 [[215  44]]

 [[216  43]]

 [[217  43]]

 [[218  43]]

 [[218  42]]

 [[218  41]]

 [[217  40]]

 [[216  41]]

 [[215  42]]

 [[214  42]]

 [[213  42]]

 [[212  42]]

 [[212  43]]

 [[212  44]]

 [[212  45]]

 [[212  46]]

 [[212  47]]

 [[211  48]]

 [[210  48]]

 [[209  48]]

 [[208  49]]

 [[207  49]]

 [[206  49]]

 [[205  48]]

 [[204  48]]

 [[203  48]]

 [[202  48]]

 [[201  47]]

 [[200  46]]

 [[200  45]]

 [[200  44]]

 [[201  43]]

 [[202  42]]

 [[203  42]]

 [[203  41]]

 [[202  40]]

 [[201  39]]

 [[200  38]]

 [[201  37]]

 [[201  36]]

 [[201  35]]

 [[201  34]]

 [[201  33]]

 [[201  32]]

 [[201  31]]

 [[201  30]]

 [[201  29]]

 [[201  28]]

 [[201  27]]

 [[200  26]]

 [[200  25]]

 [[201  24]]

 [[202  24]]

 [[202  23]]

 [[203  22]]

 [[204  22]]

 [[205  21]]

 [[206  21]]

 [[206  20]]

 [[205  19]]

 [[205  18]]

 [[205  17]]

 [[205  16]]

 [[206  15]]

 [[206  14]]

 [[207  13]]

 [[207  12]]

 [[206  11]]

 [[207  10]]

 [[206   9]]

 [[206   8]]

 [[205   7]]

 [[204   6]]

 [[203   5]]

 [[203   4]]

 [[202   4]]

 [[201   3]]

 [[200   3]]

 [[199   3]]

 [[199   4]]

 [[199   5]]

 [[200   6]]

 [[200   7]]

 [[200   8]]

 [[200   9]]

 [[199  10]]

 [[198  10]]

 [[197  11]]

 [[196  11]]

 [[195  11]]

 [[194  11]]

 [[193  11]]

 [[192  11]]

 [[191  12]]

 [[191  13]]

 [[192  13]]

 [[193  14]]

 [[194  14]]

 [[195  14]]

 [[196  13]]

 [[197  13]]

 [[198  14]]

 [[199  15]]

 [[199  16]]

 [[199  17]]

 [[199  18]]

 [[199  19]]

 [[199  20]]

 [[199  21]]

 [[199  22]]

 [[198  23]]

 [[197  24]]

 [[196  24]]

 [[195  24]]

 [[194  24]]

 [[193  24]]

 [[192  24]]

 [[191  25]]

 [[190  25]]

 [[189  25]]

 [[188  25]]

 [[187  25]]

 [[186  25]]

 [[185  25]]

 [[184  25]]

 [[183  25]]

 [[182  25]]

 [[181  25]]

 [[180  25]]

 [[179  25]]

 [[178  25]]

 [[177  25]]

 [[176  25]]

 [[175  25]]

 [[174  25]]

 [[173  25]]

 [[172  25]]

 [[171  25]]

 [[170  25]]

 [[169  24]]

 [[169  23]]

 [[168  22]]

 [[168  21]]

 [[168  20]]

 [[169  19]]

 [[168  20]]

 [[167  21]]

 [[166  21]]

 [[165  20]]

 [[166  19]]

 [[166  18]]

 [[167  17]]

 [[168  17]]

 [[168  16]]

 [[169  15]]

 [[170  14]]

 [[171  13]]

 [[172  13]]

 [[173  13]]

 [[174  13]]

 [[175  14]]

 [[176  14]]

 [[177  14]]

 [[178  14]]

 [[179  14]]

 [[180  14]]

 [[181  13]]

 [[182  13]]

 [[183  13]]

 [[182  13]]

 [[181  13]]

 [[180  12]]

 [[179  12]]

 [[178  12]]

 [[177  11]]

 [[176  11]]

 [[175  11]]

 [[174  12]]

 [[173  13]]

 [[172  12]]

 [[171  11]]

 [[172  10]]

 [[173   9]]

 [[174   9]]

 [[174   8]]

 [[174   7]]

 [[175   6]]

 [[176   6]]

 [[177   5]]

 [[178   6]]

 [[178   7]]

 [[178   8]]

 [[179   9]]

 [[180   9]]

 [[180   8]]

 [[181   7]]

 [[182   6]]

 [[183   7]]

 [[184   8]]

 [[185   9]]

 [[186   9]]

 [[186   8]]

 [[186   7]]

 [[187   6]]

 [[187   5]]

 [[186   4]]

 [[186   3]]

 [[186   2]]

 [[186   1]]

 [[185   1]]

 [[184   1]]

 [[183   1]]

 [[182   1]]]
