[[[  0   0]]

 [[225  59]]

 [[225  60]]

 [[225  61]]

 [[224  62]]

 [[223  63]]

 [[222  63]]

 [[221  63]]

 [[220  63]]

 [[219  64]]

 [[218  64]]

 [[217  64]]

 [[216  64]]

 [[215  65]]

 [[214  65]]

 [[213  65]]

 [[212  65]]

 [[211  65]]

 [[210  65]]

 [[209  65]]

 [[208  65]]

 [[207  65]]

 [[206  65]]

 [[205  65]]

 [[204  65]]

 [[203  65]]

 [[202  65]]

 [[201  65]]

 [[200  65]]

 [[199  65]]

 [[198  65]]

 [[197  65]]

 [[196  64]]

 [[195  64]]

 [[194  64]]

 [[193  64]]

 [[192  65]]

 [[191  65]]

 [[190  66]]

 [[189  66]]

 [[188  66]]

 [[187  66]]

 [[186  66]]

 [[185  66]]

 [[184  66]]

 [[183  66]]

 [[182  66]]

 [[181  67]]

 [[180  67]]

 [[179  67]]

 [[178  67]]

 [[177  67]]

 [[176  67]]

 [[175  67]]

 [[174  67]]

 [[173  67]]

 [[172  67]]

 [[171  67]]

 [[170  67]]

 [[169  67]]

 [[168  67]]

 [[167  67]]

 [[166  67]]

 [[165  67]]

 [[164  67]]

 [[163  67]]

 [[162  66]]

 [[161  66]]

 [[160  66]]

 [[159  66]]

 [[159  67]]

 [[159  68]]

 [[159  69]]

 [[159  70]]

 [[159  71]]

 [[160  72]]

 [[161  73]]

 [[162  73]]

 [[163  73]]

 [[164  74]]

 [[165  74]]

 [[166  74]]

 [[167  74]]

 [[168  74]]

 [[169  74]]

 [[170  75]]

 [[171  74]]

 [[172  74]]

 [[173  74]]

 [[174  74]]

 [[175  74]]

 [[176  74]]

 [[177  74]]

 [[178  74]]

 [[179  74]]

 [[180  74]]

 [[181  74]]

 [[182  74]]

 [[183  73]]

 [[184  73]]

 [[185  73]]

 [[186  73]]

 [[187  73]]

 [[188  73]]

 [[189  73]]

 [[190  73]]

 [[191  72]]

 [[192  71]]

 [[193  70]]

 [[194  69]]

 [[195  69]]

 [[196  70]]

 [[197  70]]

 [[198  71]]

 [[199  71]]

 [[200  71]]

 [[201  71]]

 [[202  71]]

 [[203  71]]

 [[204  71]]

 [[205  71]]

 [[206  71]]

 [[207  72]]

 [[208  72]]

 [[209  72]]

 [[210  72]]

 [[211  72]]

 [[212  72]]

 [[213  71]]

 [[214  71]]

 [[215  71]]

 [[216  71]]

 [[217  71]]

 [[218  71]]

 [[219  70]]

 [[220  70]]

 [[221  70]]

 [[222  70]]

 [[223  69]]

 [[224  68]]

 [[225  67]]

 [[225  66]]

 [[225  65]]

 [[226  64]]

 [[227  63]]

 [[228  63]]

 [[229  64]]

 [[230  65]]

 [[230  66]]

 [[231  67]]

 [[231  68]]

 [[232  69]]

 [[233  69]]

 [[234  70]]

 [[235  70]]

 [[236  70]]

 [[237  70]]

 [[238  70]]

 [[239  71]]

 [[240  71]]

 [[241  71]]

 [[242  71]]

 [[243  71]]

 [[244  71]]

 [[245  71]]

 [[246  71]]

 [[247  71]]

 [[248  71]]

 [[249  71]]

 [[250  71]]

 [[251  70]]

 [[252  70]]

 [[253  70]]

 [[254  70]]

 [[255  70]]

 [[256  69]]

 [[257  69]]

 [[258  69]]

 [[259  69]]

 [[260  68]]

 [[261  68]]

 [[262  68]]

 [[262  67]]

 [[262  66]]

 [[263  65]]

 [[263  64]]

 [[263  63]]

 [[263  62]]

 [[263  61]]

 [[262  60]]

 [[262  59]]

 [[262  58]]

 [[261  58]]

 [[260  59]]

 [[259  59]]

 [[258  59]]

 [[257  60]]

 [[256  60]]

 [[255  60]]

 [[254  60]]

 [[253  60]]

 [[252  61]]

 [[251  61]]

 [[250  61]]

 [[249  61]]

 [[248  61]]

 [[247  61]]

 [[246  61]]

 [[245  61]]

 [[244  61]]

 [[243  61]]

 [[242  61]]

 [[241  61]]

 [[240  61]]

 [[239  61]]

 [[238  61]]

 [[237  61]]

 [[236  61]]

 [[235  61]]

 [[234  61]]

 [[233  61]]

 [[232  60]]

 [[231  60]]

 [[230  59]]

 [[229  59]]

 [[228  58]]

 [[227  58]]]
[[[  0   0]]

 [[259  36]]

 [[258  36]]

 [[257  36]]

 [[256  37]]

 [[255  37]]

 [[254  37]]

 [[253  37]]

 [[252  37]]

 [[251  37]]

 [[250  37]]

 [[249  37]]

 [[248  37]]

 [[247  38]]

 [[246  38]]

 [[245  38]]

 [[244  38]]

 [[243  38]]

 [[242  38]]

 [[241  38]]

 [[240  38]]

 [[239  38]]

 [[238  38]]

 [[237  38]]

 [[236  38]]

 [[235  38]]

 [[234  38]]

 [[233  38]]

 [[232  38]]

 [[231  38]]

 [[230  38]]

 [[229  39]]

 [[228  39]]

 [[227  39]]

 [[226  39]]

 [[225  39]]

 [[224  40]]

 [[224  41]]

 [[223  42]]

 [[222  43]]

 [[221  43]]

 [[220  43]]

 [[219  44]]

 [[218  44]]

 [[217  44]]

 [[216  44]]

 [[215  44]]

 [[214  44]]

 [[213  45]]

 [[212  45]]

 [[211  45]]

 [[210  45]]

 [[209  45]]

 [[208  45]]

 [[207  45]]

 [[206  45]]

 [[205  45]]

 [[204  45]]

 [[203  45]]

 [[202  45]]

 [[201  45]]

 [[200  45]]

 [[199  45]]

 [[198  45]]

 [[197  45]]

 [[196  45]]

 [[195  45]]

 [[195  46]]

 [[195  47]]

 [[195  48]]

 [[195  49]]

 [[195  50]]

 [[196  50]]

 [[197  51]]

 [[198  51]]

 [[199  51]]

 [[200  52]]

 [[201  52]]

 [[202  52]]

 [[203  52]]

 [[204  52]]

 [[205  52]]

 [[206  52]]

 [[207  52]]

 [[208  52]]

 [[209  52]]

 [[210  52]]

 [[211  52]]

 [[212  52]]

 [[213  52]]

 [[214  52]]

 [[215  52]]

 [[216  51]]

 [[217  51]]

 [[218  51]]

 [[219  51]]

 [[220  50]]

 [[221  50]]

 [[222  49]]

 [[223  48]]

 [[223  47]]

 [[224  46]]

 [[225  45]]

 [[226  45]]

 [[227  45]]

 [[228  45]]

 [[229  45]]

 [[230  45]]

 [[231  46]]

 [[232  46]]

 [[233  47]]

 [[234  47]]

 [[235  47]]

 [[236  47]]

 [[237  47]]

 [[238  47]]

 [[239  48]]

 [[240  48]]

 [[241  48]]

 [[242  48]]

 [[243  48]]

 [[244  48]]

 [[245  48]]

 [[246  48]]

 [[247  48]]

 [[248  47]]

 [[249  47]]

 [[250  47]]

 [[251  47]]

 [[252  47]]

 [[253  47]]

 [[254  47]]

 [[255  47]]

 [[256  46]]

 [[257  46]]

 [[258  46]]

 [[259  46]]

 [[260  45]]

 [[261  45]]

 [[261  44]]

 [[261  43]]

 [[260  42]]

 [[261  41]]

 [[261  40]]

 [[261  39]]

 [[262  38]]

 [[262  37]]

 [[262  36]]

 [[261  35]]]
[[[  0   0]]

 [[191  36]]

 [[190  36]]

 [[190  37]]

 [[190  38]]

 [[190  39]]

 [[190  40]]

 [[190  41]]

 [[190  42]]

 [[190  43]]

 [[189  44]]

 [[188  44]]

 [[187  44]]

 [[186  44]]

 [[185  44]]

 [[184  44]]

 [[183  44]]

 [[182  44]]

 [[181  44]]

 [[180  44]]

 [[179  44]]

 [[178  44]]

 [[177  45]]

 [[176  45]]

 [[175  45]]

 [[174  45]]

 [[173  45]]

 [[172  45]]

 [[171  45]]

 [[170  45]]

 [[169  45]]

 [[168  45]]

 [[167  45]]

 [[166  45]]

 [[165  45]]

 [[164  44]]

 [[163  44]]

 [[162  44]]

 [[161  43]]

 [[161  42]]

 [[161  41]]

 [[160  40]]

 [[159  39]]

 [[158  39]]

 [[157  39]]

 [[156  39]]

 [[155  39]]

 [[154  39]]

 [[153  39]]

 [[152  39]]

 [[151  39]]

 [[150  39]]

 [[149  39]]

 [[148  39]]

 [[147  39]]

 [[146  39]]

 [[145  39]]

 [[144  39]]

 [[143  39]]

 [[142  39]]

 [[141  39]]

 [[140  39]]

 [[139  39]]

 [[138  39]]

 [[137  39]]

 [[136  39]]

 [[135  39]]

 [[134  39]]

 [[133  39]]

 [[132  39]]

 [[131  40]]

 [[131  41]]

 [[131  42]]

 [[131  43]]

 [[130  44]]

 [[131  44]]

 [[132  44]]

 [[133  44]]

 [[134  44]]

 [[135  45]]

 [[136  45]]

 [[137  45]]

 [[138  45]]

 [[139  45]]

 [[140  45]]

 [[141  45]]

 [[142  45]]

 [[143  45]]

 [[144  45]]

 [[145  45]]

 [[146  45]]

 [[147  45]]

 [[148  45]]

 [[149  45]]

 [[150  45]]

 [[151  44]]

 [[152  44]]

 [[153  43]]

 [[154  43]]

 [[155  44]]

 [[156  44]]

 [[157  43]]

 [[158  44]]

 [[159  44]]

 [[160  45]]

 [[160  46]]

 [[160  47]]

 [[160  48]]

 [[161  49]]

 [[161  50]]

 [[162  51]]

 [[163  51]]

 [[164  52]]

 [[165  52]]

 [[166  52]]

 [[167  52]]

 [[168  52]]

 [[169  52]]

 [[170  52]]

 [[171  52]]

 [[172  52]]

 [[173  51]]

 [[174  51]]

 [[175  51]]

 [[176  51]]

 [[177  51]]

 [[178  51]]

 [[179  51]]

 [[180  51]]

 [[181  51]]

 [[182  51]]

 [[183  51]]

 [[184  51]]

 [[185  51]]

 [[186  51]]

 [[187  51]]

 [[188  51]]

 [[189  50]]

 [[190  49]]

 [[190  48]]

 [[190  47]]

 [[190  46]]

 [[190  45]]

 [[191  44]]

 [[192  43]]

 [[193  43]]

 [[193  42]]

 [[193  41]]

 [[194  40]]

 [[194  39]]

 [[194  38]]

 [[193  37]]

 [[193  36]]]
[[[  0   0]]

 [[249  18]]

 [[248  18]]

 ..., 
 [[253  17]]

 [[252  18]]

 [[251  17]]]
[[[ 0  0]]

 [[29 47]]

 [[30 47]]

 [[31 47]]

 [[32 47]]

 [[33 47]]

 [[34 48]]

 [[35 49]]

 [[36 50]]

 [[36 51]]

 [[36 52]]

 [[36 53]]

 [[36 54]]

 [[37 55]]

 [[37 56]]

 [[37 57]]

 [[37 58]]

 [[37 59]]

 [[37 60]]

 [[38 61]]

 [[38 62]]

 [[38 63]]

 [[38 64]]

 [[38 65]]

 [[38 66]]

 [[38 67]]

 [[38 68]]

 [[39 69]]

 [[39 70]]

 [[39 71]]

 [[40 72]]

 [[40 73]]

 [[40 74]]

 [[41 75]]

 [[40 76]]

 [[40 77]]

 [[40 78]]

 [[40 79]]

 [[39 80]]

 [[39 81]]

 [[38 82]]

 [[37 83]]

 [[36 84]]

 [[35 84]]

 [[34 85]]

 [[33 85]]

 [[32 85]]

 [[31 86]]

 [[30 86]]

 [[29 86]]

 [[28 86]]

 [[27 86]]

 [[26 86]]

 [[25 86]]

 [[24 86]]

 [[23 87]]

 [[22 87]]

 [[21 87]]

 [[21 88]]

 [[21 89]]

 [[21 90]]

 [[20 91]]

 [[19 91]]

 [[18 91]]

 [[17 91]]

 [[16 90]]

 [[16 89]]

 [[16 88]]

 [[17 87]]

 [[17 86]]

 [[17 85]]

 [[17 84]]

 [[17 83]]

 [[17 82]]

 [[17 81]]

 [[17 80]]

 [[17 79]]

 [[17 78]]

 [[17 77]]

 [[16 76]]

 [[16 75]]

 [[16 74]]

 [[16 73]]

 [[16 72]]

 [[16 71]]

 [[16 70]]

 [[16 69]]

 [[17 68]]

 [[17 67]]

 [[17 66]]

 [[17 65]]

 [[17 64]]

 [[17 63]]

 [[17 62]]

 [[17 61]]

 [[17 60]]

 [[17 59]]

 [[17 58]]

 [[17 57]]

 [[17 56]]

 [[17 55]]

 [[17 54]]

 [[16 53]]

 [[16 52]]

 [[17 51]]

 [[18 51]]

 [[19 50]]

 [[20 50]]

 [[21 50]]

 [[22 50]]

 [[23 49]]

 [[24 49]]

 [[25 49]]

 [[26 48]]

 [[27 48]]]
[[[  0   0]]

 [[552  14]]

 [[551  14]]

 [[550  14]]

 [[549  15]]

 [[549  16]]

 [[548  17]]

 [[548  18]]

 [[547  19]]

 [[547  20]]

 [[546  21]]

 [[546  22]]

 [[546  23]]

 [[545  24]]

 [[545  25]]

 [[545  26]]

 [[545  27]]

 [[544  28]]

 [[544  29]]

 [[544  30]]

 [[543  31]]

 [[542  31]]

 [[542  32]]

 [[543  33]]

 [[544  33]]

 [[545  34]]

 [[544  35]]

 [[543  35]]

 [[543  36]]

 [[544  37]]

 [[545  36]]

 [[546  37]]

 [[546  38]]

 [[546  39]]

 [[546  40]]

 [[546  41]]

 [[546  42]]

 [[546  43]]

 [[546  44]]

 [[547  45]]

 [[547  46]]

 [[547  47]]

 [[548  47]]

 [[549  46]]

 [[550  45]]

 [[550  44]]

 [[550  43]]

 [[549  42]]

 [[549  41]]

 [[548  41]]

 [[547  40]]

 [[547  39]]

 [[547  38]]

 [[548  37]]

 [[548  36]]

 [[547  35]]

 [[547  34]]

 [[548  33]]

 [[549  34]]

 [[550  34]]

 [[551  33]]

 [[552  33]]

 [[553  33]]

 [[554  33]]

 [[555  33]]

 [[556  33]]

 [[557  33]]

 [[558  33]]

 [[559  33]]

 [[560  33]]

 [[561  34]]

 [[562  34]]

 [[563  33]]

 [[562  32]]

 [[561  32]]

 [[560  32]]

 [[559  32]]

 [[558  32]]

 [[557  32]]

 [[556  32]]

 [[555  32]]

 [[554  31]]

 [[553  30]]

 [[553  29]]

 [[553  28]]

 [[553  27]]

 [[553  26]]

 [[554  25]]

 [[555  24]]

 [[556  23]]

 [[556  22]]

 [[555  21]]

 [[555  20]]

 [[554  19]]

 [[554  18]]

 [[554  17]]

 [[554  16]]

 [[555  15]]

 [[554  14]]]
[[[  0   0]]

 [[508   2]]

 [[509   2]]

 [[510   2]]

 [[511   3]]

 [[512   4]]

 [[512   5]]

 [[512   6]]

 [[512   7]]

 [[512   8]]

 [[512   9]]

 [[512  10]]

 [[512  11]]

 [[512  12]]

 [[512  13]]

 [[513  14]]

 [[513  15]]

 [[512  16]]

 [[511  17]]

 [[511  18]]

 [[511  19]]

 [[511  20]]

 [[511  21]]

 [[511  22]]

 [[512  23]]

 [[512  24]]

 [[513  24]]

 [[514  25]]

 [[515  26]]

 [[515  27]]

 [[514  28]]

 [[513  29]]

 [[513  30]]

 [[513  31]]

 [[512  32]]

 [[512  33]]

 [[512  34]]

 [[511  35]]

 [[511  36]]

 [[510  37]]

 [[510  38]]

 [[510  39]]

 [[509  40]]

 [[509  41]]

 [[509  42]]

 [[510  43]]

 [[511  43]]

 [[512  44]]

 [[513  43]]

 [[514  43]]

 [[514  42]]

 [[514  41]]

 [[515  40]]

 [[514  39]]

 [[515  38]]

 [[515  37]]

 [[515  36]]

 [[515  35]]

 [[516  34]]

 [[517  33]]

 [[518  34]]

 [[519  35]]

 [[519  36]]

 [[519  37]]

 [[519  38]]

 [[519  39]]

 [[519  40]]

 [[520  39]]

 [[521  38]]

 [[522  38]]

 [[523  39]]

 [[523  40]]

 [[523  41]]

 [[523  42]]

 [[523  43]]

 [[523  44]]

 [[523  45]]

 [[523  46]]

 [[523  47]]

 [[523  48]]

 [[523  49]]

 [[523  50]]

 [[522  51]]

 [[522  52]]

 [[521  53]]

 [[521  54]]

 [[521  55]]

 [[521  56]]

 [[521  57]]

 [[522  57]]

 [[523  57]]

 [[523  56]]

 [[523  55]]

 [[524  54]]

 [[525  54]]

 [[526  55]]

 [[527  56]]

 [[527  57]]

 [[528  57]]

 [[529  58]]

 [[530  58]]

 [[531  58]]

 [[532  58]]

 [[533  58]]

 [[534  58]]

 [[535  58]]

 [[536  58]]

 [[537  59]]

 [[538  59]]

 [[539  60]]

 [[540  59]]

 [[541  58]]

 [[541  57]]

 [[541  56]]

 [[542  55]]

 [[542  54]]

 [[543  53]]

 [[544  52]]

 [[544  51]]

 [[545  50]]

 [[545  49]]

 [[545  48]]

 [[544  48]]

 [[543  48]]

 [[542  47]]

 [[541  47]]

 [[540  47]]

 [[539  47]]

 [[538  47]]

 [[537  46]]

 [[536  46]]

 [[535  46]]

 [[534  46]]

 [[533  46]]

 [[532  46]]

 [[531  46]]

 [[530  45]]

 [[529  45]]

 [[528  45]]

 [[527  45]]

 [[526  46]]

 [[525  46]]

 [[524  45]]

 [[524  44]]

 [[525  43]]

 [[525  42]]

 [[525  41]]

 [[526  40]]

 [[526  39]]

 [[527  38]]

 [[528  37]]

 [[529  37]]

 [[530  37]]

 [[531  36]]

 [[532  35]]

 [[533  35]]

 [[534  35]]

 [[535  36]]

 [[536  36]]

 [[537  36]]

 [[538  36]]

 [[538  35]]

 [[539  34]]

 [[538  34]]

 [[537  34]]

 [[536  34]]

 [[535  33]]

 [[534  32]]

 [[534  31]]

 [[533  30]]

 [[533  29]]

 [[533  28]]

 [[534  27]]

 [[534  26]]

 [[534  25]]

 [[534  24]]

 [[534  23]]

 [[534  22]]

 [[533  21]]

 [[534  20]]

 [[534  19]]

 [[534  18]]

 [[534  17]]

 [[535  16]]

 [[536  15]]

 [[537  14]]

 [[538  13]]

 [[539  12]]

 [[539  11]]

 [[539  10]]

 [[539   9]]

 [[540   8]]

 [[540   7]]

 [[541   6]]

 [[541   5]]

 [[542   4]]

 [[543   3]]

 [[543   2]]

 [[543   1]]

 [[542   1]]

 [[541   1]]

 [[540   1]]

 [[539   1]]

 [[538   1]]

 [[537   1]]

 [[536   1]]

 [[535   1]]

 [[534   1]]

 [[533   1]]

 [[532   1]]

 [[532   2]]

 [[532   3]]

 [[533   4]]

 [[533   5]]

 [[533   6]]

 [[533   7]]

 [[533   8]]

 [[533   9]]

 [[532  10]]

 [[531  11]]

 [[530  12]]

 [[530  13]]

 [[529  14]]

 [[529  15]]

 [[528  16]]

 [[527  17]]

 [[527  18]]

 [[527  19]]

 [[527  20]]

 [[528  21]]

 [[528  22]]

 [[528  23]]

 [[528  24]]

 [[528  25]]

 [[527  26]]

 [[527  27]]

 [[528  28]]

 [[529  29]]

 [[530  30]]

 [[530  31]]

 [[529  32]]

 [[529  33]]

 [[529  34]]

 [[528  35]]

 [[527  35]]

 [[526  35]]

 [[525  35]]

 [[524  35]]

 [[523  35]]

 [[522  34]]

 [[521  33]]

 [[521  32]]

 [[521  31]]

 [[520  31]]

 [[519  32]]

 [[518  31]]

 [[517  30]]

 [[517  29]]

 [[517  28]]

 [[518  27]]

 [[518  26]]

 [[518  25]]

 [[518  24]]

 [[518  23]]

 [[518  22]]

 [[518  21]]

 [[518  20]]

 [[518  19]]

 [[518  18]]

 [[518  17]]

 [[518  16]]

 [[518  15]]

 [[519  14]]

 [[520  14]]

 [[520  13]]

 [[521  12]]

 [[522  12]]

 [[523  13]]

 [[523  14]]

 [[523  15]]

 [[523  16]]

 [[524  15]]

 [[524  14]]

 [[524  13]]

 [[523  12]]

 [[523  11]]

 [[523  10]]

 [[524   9]]

 [[525   8]]

 [[525   7]]

 [[525   6]]

 [[524   6]]

 [[523   6]]

 [[522   5]]

 [[522   4]]

 [[522   3]]

 [[523   2]]

 [[524   1]]

 [[525   1]]

 [[526   1]]

 [[525   1]]

 [[524   1]]

 [[523   1]]

 [[522   1]]

 [[521   1]]

 [[520   1]]

 [[520   2]]

 [[520   3]]

 [[520   4]]

 [[520   5]]

 [[520   6]]

 [[519   7]]

 [[518   8]]

 [[517   7]]

 [[516   6]]

 [[516   5]]

 [[515   5]]

 [[514   5]]

 [[513   5]]

 [[512   4]]

 [[511   3]]

 [[511   2]]

 [[510   2]]

 [[509   2]]]
