[[[  0   0]]

 [[578 127]]

 [[578 128]]

 [[578 129]]

 [[579 129]]

 [[580 129]]

 [[581 130]]

 [[580 131]]

 [[580 132]]

 [[580 133]]

 [[581 134]]

 [[582 135]]

 [[583 136]]

 [[584 137]]

 [[584 138]]

 [[584 139]]

 [[584 140]]

 [[584 141]]

 [[584 142]]

 [[585 143]]

 [[586 144]]

 [[587 145]]

 [[588 146]]

 [[589 146]]

 [[590 147]]

 [[591 148]]

 [[592 148]]

 [[593 148]]

 [[594 149]]

 [[595 149]]

 [[596 150]]

 [[597 150]]

 [[598 150]]

 [[599 151]]

 [[600 151]]

 [[601 152]]

 [[602 152]]

 [[603 152]]

 [[604 153]]

 [[605 153]]

 [[606 153]]

 [[607 154]]

 [[608 154]]

 [[609 154]]

 [[610 154]]

 [[611 154]]

 [[612 154]]

 [[613 155]]

 [[614 155]]

 [[615 155]]

 [[616 155]]

 [[617 155]]

 [[618 156]]

 [[619 156]]

 [[620 156]]

 [[621 156]]

 [[622 156]]

 [[623 156]]

 [[624 156]]

 [[625 157]]

 [[626 157]]

 [[627 157]]

 [[628 157]]

 [[629 157]]

 [[630 157]]

 [[631 156]]

 [[631 155]]

 [[631 154]]

 [[631 153]]

 [[632 152]]

 [[632 151]]

 [[632 150]]

 [[633 149]]

 [[632 148]]

 [[632 147]]

 [[631 147]]

 [[630 147]]

 [[629 147]]

 [[628 147]]

 [[627 147]]

 [[626 147]]

 [[625 147]]

 [[624 147]]

 [[623 147]]

 [[622 147]]

 [[621 147]]

 [[620 147]]

 [[619 147]]

 [[618 147]]

 [[617 147]]

 [[616 146]]

 [[615 146]]

 [[614 146]]

 [[613 146]]

 [[612 145]]

 [[611 145]]

 [[610 145]]

 [[609 145]]

 [[608 144]]

 [[607 144]]

 [[606 144]]

 [[605 143]]

 [[604 143]]

 [[603 143]]

 [[602 143]]

 [[601 142]]

 [[600 142]]

 [[599 142]]

 [[598 141]]

 [[597 141]]

 [[596 140]]

 [[595 140]]

 [[594 139]]

 [[593 139]]

 [[592 138]]

 [[591 137]]

 [[590 137]]

 [[589 136]]

 [[588 135]]

 [[587 134]]

 [[586 134]]

 [[585 133]]

 [[584 132]]

 [[583 131]]

 [[582 130]]

 [[581 129]]

 [[580 128]]

 [[580 127]]]
[[[  0   0]]

 [[591 105]]

 [[590 106]]

 [[589 107]]

 [[588 107]]

 [[587 107]]

 [[586 107]]

 [[586 108]]

 [[586 109]]

 [[587 109]]

 [[588 110]]

 [[589 110]]

 [[590 111]]

 [[590 112]]

 [[591 113]]

 [[592 114]]

 [[593 115]]

 [[594 115]]

 [[595 116]]

 [[596 116]]

 [[597 117]]

 [[598 118]]

 [[599 118]]

 [[600 119]]

 [[601 119]]

 [[602 120]]

 [[603 120]]

 [[604 120]]

 [[605 121]]

 [[606 121]]

 [[607 122]]

 [[608 122]]

 [[609 122]]

 [[610 123]]

 [[611 123]]

 [[612 123]]

 [[613 124]]

 [[614 124]]

 [[615 124]]

 [[616 125]]

 [[617 125]]

 [[618 125]]

 [[619 125]]

 [[620 125]]

 [[621 126]]

 [[622 126]]

 [[623 126]]

 [[624 126]]

 [[625 126]]

 [[626 127]]

 [[627 127]]

 [[628 127]]

 [[629 127]]

 [[630 127]]

 [[631 128]]

 [[632 128]]

 [[633 128]]

 [[634 128]]

 [[635 129]]

 [[636 129]]

 [[637 128]]

 [[637 127]]

 [[638 126]]

 [[638 125]]

 [[638 124]]

 [[638 123]]

 [[638 122]]

 [[638 121]]

 [[638 120]]

 [[638 119]]

 [[637 119]]

 [[636 118]]

 [[635 118]]

 [[634 118]]

 [[633 118]]

 [[632 118]]

 [[631 118]]

 [[630 118]]

 [[629 117]]

 [[628 117]]

 [[627 117]]

 [[626 117]]

 [[625 117]]

 [[624 117]]

 [[623 116]]

 [[622 116]]

 [[621 116]]

 [[620 115]]

 [[619 115]]

 [[618 115]]

 [[617 115]]

 [[616 115]]

 [[615 114]]

 [[614 114]]

 [[613 114]]

 [[612 113]]

 [[611 113]]

 [[610 113]]

 [[609 112]]

 [[608 112]]

 [[607 112]]

 [[606 112]]

 [[605 111]]

 [[604 111]]

 [[603 111]]

 [[602 110]]

 [[601 110]]

 [[600 109]]

 [[599 108]]

 [[598 108]]

 [[597 107]]

 [[596 106]]

 [[595 106]]

 [[594 105]]

 [[593 105]]]
[[[  0   0]]

 [[603  83]]

 [[602  83]]

 [[601  83]]

 [[601  84]]

 [[601  85]]

 [[601  86]]

 [[600  87]]

 [[599  87]]

 [[598  88]]

 [[599  88]]

 [[600  89]]

 [[601  89]]

 [[602  89]]

 [[603  88]]

 [[604  87]]

 [[605  87]]

 [[606  88]]

 [[607  88]]

 [[608  88]]

 [[609  89]]

 [[610  89]]

 [[611  90]]

 [[612  90]]

 [[613  90]]

 [[614  91]]

 [[615  91]]

 [[616  92]]

 [[617  92]]

 [[618  92]]

 [[619  93]]

 [[620  93]]

 [[621  93]]

 [[622  93]]

 [[623  94]]

 [[624  94]]

 [[625  94]]

 [[626  94]]

 [[627  94]]

 [[628  95]]

 [[629  95]]

 [[630  95]]

 [[631  96]]

 [[632  96]]

 [[633  97]]

 [[634  97]]

 [[635  97]]

 [[636  97]]

 [[637  97]]

 [[638  97]]

 [[638  96]]

 [[638  95]]

 [[638  94]]

 [[638  93]]

 [[637  92]]

 [[636  92]]

 [[635  91]]

 [[634  90]]

 [[633  90]]

 [[632  89]]

 [[631  89]]

 [[630  88]]

 [[629  88]]

 [[628  88]]

 [[627  88]]

 [[626  88]]

 [[625  89]]

 [[624  90]]

 [[623  90]]

 [[622  90]]

 [[621  90]]

 [[620  90]]

 [[619  89]]

 [[618  89]]

 [[617  89]]

 [[616  88]]

 [[615  87]]

 [[615  86]]

 [[614  85]]

 [[613  84]]

 [[612  83]]

 [[611  83]]

 [[610  83]]

 [[609  83]]

 [[608  83]]

 [[607  82]]

 [[606  82]]

 [[605  82]]]
[[[  0   0]]

 [[551   1]]

 [[552   2]]

 [[553   2]]

 [[554   2]]

 [[555   2]]

 [[556   2]]

 [[557   2]]

 [[558   3]]

 [[559   3]]

 [[560   2]]

 [[561   2]]

 [[562   2]]

 [[563   2]]

 [[564   3]]

 [[565   3]]

 [[566   3]]

 [[567   3]]

 [[568   3]]

 [[569   3]]

 [[570   4]]

 [[571   4]]

 [[572   4]]

 [[573   4]]

 [[574   4]]

 [[575   4]]

 [[576   4]]

 [[577   5]]

 [[578   5]]

 [[579   5]]

 [[580   5]]

 [[581   5]]

 [[582   5]]

 [[583   5]]

 [[584   5]]

 [[585   4]]

 [[586   3]]

 [[587   4]]

 [[587   5]]

 [[588   5]]

 [[589   6]]

 [[590   6]]

 [[591   6]]

 [[592   6]]

 [[593   5]]

 [[594   4]]

 [[595   4]]

 [[596   5]]

 [[597   6]]

 [[598   7]]

 [[599   7]]

 [[600   8]]

 [[601   8]]

 [[602   8]]

 [[603   8]]

 [[604   8]]

 [[605   9]]

 [[606   9]]

 [[607  10]]

 [[608  10]]

 [[609  10]]

 [[610  10]]

 [[611  10]]

 [[612  10]]

 [[613  10]]

 [[614  10]]

 [[615  10]]

 [[616  11]]

 [[617  11]]

 [[618  11]]

 [[619  11]]

 [[620  11]]

 [[621  11]]

 [[622  12]]

 [[623  12]]

 [[624  11]]

 [[625  11]]

 [[626  11]]

 [[627  11]]

 [[628  12]]

 [[629  12]]

 [[630  13]]

 [[631  13]]

 [[632  12]]

 [[633  12]]

 [[634  11]]

 [[635  11]]

 [[636  10]]

 [[637  10]]

 [[638   9]]

 [[638   8]]

 [[638   7]]

 [[638   6]]

 [[638   5]]

 [[637   4]]

 [[636   4]]

 [[635   4]]

 [[634   4]]

 [[633   4]]

 [[632   5]]

 [[631   4]]

 [[630   5]]

 [[629   5]]

 [[628   5]]

 [[627   5]]

 [[626   5]]

 [[625   5]]

 [[624   5]]

 [[623   6]]

 [[622   7]]

 [[621   6]]

 [[620   5]]

 [[620   4]]

 [[619   3]]

 [[619   2]]

 [[618   2]]

 [[617   2]]

 [[616   3]]

 [[615   4]]

 [[614   5]]

 [[613   6]]

 [[612   6]]

 [[611   6]]

 [[610   6]]

 [[609   7]]

 [[608   6]]

 [[607   5]]

 [[606   5]]

 [[605   5]]

 [[604   4]]

 [[603   3]]

 [[602   3]]

 [[601   2]]

 [[600   2]]

 [[599   2]]

 [[598   1]]

 [[597   1]]

 [[596   1]]

 [[595   1]]

 [[594   1]]

 [[593   1]]

 [[592   2]]

 [[591   2]]

 [[590   1]]

 [[589   1]]

 [[588   2]]

 [[587   2]]

 [[586   2]]

 [[585   2]]

 [[584   1]]

 [[583   1]]

 [[582   1]]

 [[581   1]]

 [[580   1]]

 [[579   1]]

 [[578   1]]

 [[577   1]]

 [[576   1]]

 [[575   1]]

 [[574   1]]

 [[573   1]]

 [[572   1]]

 [[571   1]]

 [[570   1]]

 [[569   1]]

 [[568   1]]

 [[567   1]]

 [[566   1]]

 [[565   1]]

 [[564   1]]

 [[563   1]]

 [[562   1]]

 [[561   1]]

 [[560   1]]

 [[559   1]]

 [[558   1]]

 [[557   1]]

 [[556   1]]

 [[555   1]]

 [[554   1]]

 [[553   1]]

 [[552   1]]

 [[551   1]]]
