[[[  0   0]]

 [[360 161]]

 [[359 162]]

 [[359 163]]

 [[359 164]]

 [[359 165]]

 [[359 166]]

 [[359 167]]

 [[359 168]]

 [[359 169]]

 [[359 170]]

 [[359 171]]

 [[360 172]]

 [[359 173]]

 [[360 174]]

 [[361 175]]

 [[362 176]]

 [[363 177]]

 [[364 178]]

 [[364 179]]

 [[364 180]]

 [[364 181]]

 [[364 182]]

 [[365 183]]

 [[365 184]]

 [[366 185]]

 [[366 186]]

 [[366 187]]

 [[366 188]]

 [[367 189]]

 [[367 190]]

 [[367 191]]

 [[368 192]]

 [[369 192]]

 [[370 193]]

 [[370 194]]

 [[371 195]]

 [[372 196]]

 [[372 197]]

 [[373 198]]

 [[373 199]]

 [[373 200]]

 [[373 201]]

 [[373 202]]

 [[374 203]]

 [[374 204]]

 [[375 205]]

 [[376 206]]

 [[377 207]]

 [[378 208]]

 [[379 209]]

 [[379 210]]

 [[380 211]]

 [[380 212]]

 [[379 213]]

 [[379 214]]

 [[379 215]]

 [[380 215]]

 [[381 216]]

 [[381 217]]

 [[380 218]]

 [[379 219]]

 [[378 218]]

 [[378 219]]

 [[379 219]]

 [[380 220]]

 [[381 220]]

 [[382 221]]

 [[382 222]]

 [[383 223]]

 [[383 224]]

 [[383 225]]

 [[384 226]]

 [[384 227]]

 [[385 228]]

 [[385 229]]

 [[385 230]]

 [[385 231]]

 [[384 232]]

 [[384 233]]

 [[384 234]]

 [[385 234]]

 [[386 234]]

 [[387 234]]

 [[388 235]]

 [[388 236]]

 [[388 237]]

 [[388 238]]

 [[387 239]]

 [[387 240]]

 [[388 241]]

 [[388 242]]

 [[389 243]]

 [[389 244]]

 [[389 245]]

 [[389 244]]

 [[390 243]]

 [[391 244]]

 [[392 244]]

 [[393 244]]

 [[394 245]]

 [[395 245]]

 [[396 246]]

 [[397 247]]

 [[397 248]]

 [[397 249]]

 [[397 250]]

 [[397 251]]

 [[397 252]]

 [[397 253]]

 [[398 253]]

 [[399 254]]

 [[399 255]]

 [[400 255]]

 [[401 256]]

 [[402 257]]

 [[402 258]]

 [[403 258]]

 [[404 258]]

 [[405 258]]

 [[406 258]]

 [[407 258]]

 [[408 258]]

 [[409 258]]

 [[410 258]]

 [[411 258]]

 [[412 258]]

 [[413 258]]

 [[412 257]]

 [[412 256]]

 [[411 255]]

 [[411 254]]

 [[411 253]]

 [[411 252]]

 [[412 251]]

 [[413 250]]

 [[413 249]]

 [[414 248]]

 [[414 247]]

 [[415 246]]

 [[414 246]]

 [[413 245]]

 [[413 244]]

 [[412 243]]

 [[412 242]]

 [[412 241]]

 [[412 240]]

 [[412 239]]

 [[411 240]]

 [[410 240]]

 [[410 241]]

 [[409 242]]

 [[408 242]]

 [[407 242]]

 [[406 242]]

 [[405 242]]

 [[404 242]]

 [[403 241]]

 [[403 240]]

 [[402 239]]

 [[402 238]]

 [[402 237]]

 [[403 236]]

 [[402 235]]

 [[402 234]]

 [[402 233]]

 [[402 232]]

 [[402 231]]

 [[402 230]]

 [[402 229]]

 [[401 229]]

 [[400 228]]

 [[400 227]]

 [[400 226]]

 [[399 225]]

 [[398 226]]

 [[397 226]]

 [[396 226]]

 [[395 225]]

 [[394 225]]

 [[394 226]]

 [[393 227]]

 [[392 227]]

 [[391 226]]

 [[391 225]]

 [[391 224]]

 [[391 223]]

 [[391 222]]

 [[390 222]]

 [[389 221]]

 [[390 220]]

 [[390 219]]

 [[391 218]]

 [[392 219]]

 [[393 220]]

 [[394 221]]

 [[393 222]]

 [[394 223]]

 [[395 223]]

 [[396 222]]

 [[397 222]]

 [[397 221]]

 [[397 220]]

 [[398 219]]

 [[399 218]]

 [[400 217]]

 [[401 216]]

 [[401 215]]

 [[400 215]]

 [[399 215]]

 [[398 214]]

 [[398 213]]

 [[398 212]]

 [[398 211]]

 [[398 210]]

 [[399 209]]

 [[399 208]]

 [[399 207]]

 [[399 206]]

 [[398 205]]

 [[397 206]]

 [[397 207]]

 [[397 208]]

 [[397 209]]

 [[396 210]]

 [[396 211]]

 [[395 212]]

 [[394 211]]

 [[393 212]]

 [[392 212]]

 [[391 212]]

 [[390 212]]

 [[389 211]]

 [[390 210]]

 [[390 209]]

 [[391 208]]

 [[391 207]]

 [[391 206]]

 [[390 205]]

 [[389 204]]

 [[388 203]]

 [[387 203]]

 [[386 202]]

 [[386 201]]

 [[386 200]]

 [[386 199]]

 [[386 198]]

 [[386 197]]

 [[386 196]]

 [[386 195]]

 [[387 194]]

 [[387 193]]

 [[388 192]]

 [[388 191]]

 [[387 190]]

 [[386 190]]

 [[385 190]]

 [[384 189]]

 [[383 188]]

 [[383 187]]

 [[383 186]]

 [[383 185]]

 [[383 184]]

 [[383 183]]

 [[383 182]]

 [[383 181]]

 [[382 182]]

 [[381 182]]

 [[380 181]]

 [[379 180]]

 [[378 180]]

 [[377 180]]

 [[376 181]]

 [[375 180]]

 [[374 179]]

 [[374 178]]

 [[374 177]]

 [[374 176]]

 [[373 175]]

 [[372 174]]

 [[372 173]]

 [[372 172]]

 [[371 171]]

 [[371 170]]

 [[370 169]]

 [[370 168]]

 [[370 167]]

 [[369 167]]

 [[368 166]]

 [[367 165]]

 [[367 164]]

 [[366 164]]

 [[365 163]]

 [[364 162]]

 [[363 161]]

 [[363 160]]

 [[362 160]]]
