[[[  0   0]]

 [[117 199]]

 [[117 200]]

 [[117 201]]

 [[117 202]]

 [[116 203]]

 [[116 204]]

 [[116 205]]

 [[116 206]]

 [[115 207]]

 [[115 208]]

 [[114 209]]

 [[113 210]]

 [[113 211]]

 [[112 212]]

 [[111 213]]

 [[110 214]]

 [[109 215]]

 [[108 216]]

 [[107 217]]

 [[106 218]]

 [[105 219]]

 [[104 219]]

 [[103 220]]

 [[102 221]]

 [[101 222]]

 [[100 223]]

 [[ 99 223]]

 [[ 98 224]]

 [[ 97 224]]

 [[ 96 225]]

 [[ 95 226]]

 [[ 94 226]]

 [[ 93 227]]

 [[ 92 228]]

 [[ 91 228]]

 [[ 90 229]]

 [[ 89 229]]

 [[ 88 229]]

 [[ 87 230]]

 [[ 86 231]]

 [[ 85 231]]

 [[ 84 231]]

 [[ 83 232]]

 [[ 82 232]]

 [[ 81 233]]

 [[ 80 233]]

 [[ 79 233]]

 [[ 78 234]]

 [[ 77 234]]

 [[ 76 234]]

 [[ 75 235]]

 [[ 74 235]]

 [[ 73 235]]

 [[ 72 236]]

 [[ 71 236]]

 [[ 70 236]]

 [[ 69 236]]

 [[ 68 237]]

 [[ 67 237]]

 [[ 66 237]]

 [[ 65 237]]

 [[ 64 238]]

 [[ 63 238]]

 [[ 62 238]]

 [[ 61 238]]

 [[ 60 239]]

 [[ 59 239]]

 [[ 58 239]]

 [[ 57 239]]

 [[ 56 240]]

 [[ 55 240]]

 [[ 54 240]]

 [[ 53 240]]

 [[ 52 240]]

 [[ 51 240]]

 [[ 50 240]]

 [[ 49 240]]

 [[ 48 240]]

 [[ 47 241]]

 [[ 46 241]]

 [[ 45 241]]

 [[ 44 241]]

 [[ 43 241]]

 [[ 42 241]]

 [[ 41 241]]

 [[ 40 241]]

 [[ 39 241]]

 [[ 38 241]]

 [[ 37 241]]

 [[ 36 241]]

 [[ 35 241]]

 [[ 34 241]]

 [[ 33 241]]

 [[ 32 241]]

 [[ 31 241]]

 [[ 30 241]]

 [[ 29 241]]

 [[ 28 240]]

 [[ 27 240]]

 [[ 26 240]]

 [[ 25 240]]

 [[ 24 239]]

 [[ 23 239]]

 [[ 22 239]]

 [[ 21 238]]

 [[ 20 238]]

 [[ 19 238]]

 [[ 18 237]]

 [[ 17 237]]

 [[ 16 237]]

 [[ 15 236]]

 [[ 14 236]]

 [[ 13 235]]

 [[ 12 235]]

 [[ 11 234]]

 [[ 10 233]]

 [[  9 233]]

 [[  8 232]]

 [[  7 231]]

 [[  6 230]]

 [[  5 230]]

 [[  4 229]]

 [[  3 229]]

 [[  2 228]]

 [[  1 227]]

 [[  1 228]]

 [[  1 229]]

 [[  1 230]]

 [[  1 231]]

 [[  1 232]]

 [[  1 233]]

 [[  1 234]]

 [[  1 235]]

 [[  2 236]]

 [[  2 237]]

 [[  2 238]]

 [[  2 239]]

 [[  3 240]]

 [[  3 241]]

 [[  4 242]]

 [[  4 243]]

 [[  4 244]]

 [[  5 245]]

 [[  5 246]]

 [[  6 246]]

 [[  7 247]]

 [[  8 248]]

 [[  9 249]]

 [[  9 250]]

 [[ 10 251]]

 [[ 11 252]]

 [[ 12 252]]

 [[ 13 253]]

 [[ 14 254]]

 [[ 15 254]]

 [[ 16 255]]

 [[ 17 255]]

 [[ 18 256]]

 [[ 19 256]]

 [[ 20 256]]

 [[ 21 257]]

 [[ 22 257]]

 [[ 23 258]]

 [[ 24 258]]

 [[ 25 258]]

 [[ 26 257]]

 [[ 27 256]]

 [[ 26 255]]

 [[ 26 254]]

 [[ 25 253]]

 [[ 25 252]]

 [[ 25 251]]

 [[ 24 250]]

 [[ 25 249]]

 [[ 26 248]]

 [[ 27 248]]

 [[ 28 248]]

 [[ 29 248]]

 [[ 30 248]]

 [[ 31 248]]

 [[ 32 248]]

 [[ 33 249]]

 [[ 34 249]]

 [[ 35 249]]

 [[ 36 249]]

 [[ 37 249]]

 [[ 38 249]]

 [[ 39 249]]

 [[ 40 248]]

 [[ 41 248]]

 [[ 42 248]]

 [[ 43 248]]

 [[ 44 248]]

 [[ 45 248]]

 [[ 46 248]]

 [[ 47 248]]

 [[ 48 248]]

 [[ 49 248]]

 [[ 50 248]]

 [[ 51 248]]

 [[ 52 248]]

 [[ 53 248]]

 [[ 54 248]]

 [[ 55 247]]

 [[ 56 247]]

 [[ 57 247]]

 [[ 58 247]]

 [[ 59 247]]

 [[ 60 247]]

 [[ 61 246]]

 [[ 62 246]]

 [[ 63 245]]

 [[ 64 245]]

 [[ 65 245]]

 [[ 66 245]]

 [[ 67 245]]

 [[ 68 244]]

 [[ 69 244]]

 [[ 70 244]]

 [[ 71 243]]

 [[ 72 243]]

 [[ 73 243]]

 [[ 74 243]]

 [[ 75 242]]

 [[ 76 242]]

 [[ 77 242]]

 [[ 78 241]]

 [[ 79 241]]

 [[ 80 241]]

 [[ 81 241]]

 [[ 82 240]]

 [[ 83 240]]

 [[ 84 240]]

 [[ 85 239]]

 [[ 86 239]]

 [[ 87 238]]

 [[ 88 238]]

 [[ 89 237]]

 [[ 90 237]]

 [[ 91 236]]

 [[ 92 236]]

 [[ 93 236]]

 [[ 94 235]]

 [[ 95 235]]

 [[ 96 235]]

 [[ 97 234]]

 [[ 98 234]]

 [[ 99 233]]

 [[100 232]]

 [[101 231]]

 [[101 230]]

 [[102 229]]

 [[103 229]]

 [[104 228]]

 [[105 228]]

 [[106 228]]

 [[107 228]]

 [[108 227]]

 [[109 228]]

 [[109 229]]

 [[108 230]]

 [[108 231]]

 [[107 232]]

 [[106 232]]

 [[106 233]]

 [[105 234]]

 [[105 235]]

 [[104 236]]

 [[104 237]]

 [[103 238]]

 [[102 239]]

 [[101 239]]

 [[100 240]]

 [[ 99 240]]

 [[ 98 241]]

 [[ 97 241]]

 [[ 96 242]]

 [[ 95 242]]

 [[ 94 243]]

 [[ 93 243]]

 [[ 92 244]]

 [[ 91 245]]

 [[ 90 246]]

 [[ 89 246]]

 [[ 88 247]]

 [[ 87 247]]

 [[ 86 248]]

 [[ 85 248]]

 [[ 84 248]]

 [[ 83 248]]

 [[ 82 248]]

 [[ 81 249]]

 [[ 80 249]]

 [[ 79 250]]

 [[ 78 251]]

 [[ 77 251]]

 [[ 76 252]]

 [[ 75 253]]

 [[ 74 254]]

 [[ 73 255]]

 [[ 72 256]]

 [[ 73 257]]

 [[ 74 257]]

 [[ 75 257]]

 [[ 76 257]]

 [[ 77 257]]

 [[ 78 257]]

 [[ 79 257]]

 [[ 80 257]]

 [[ 81 257]]

 [[ 82 256]]

 [[ 83 256]]

 [[ 84 256]]

 [[ 85 255]]

 [[ 86 255]]

 [[ 87 255]]

 [[ 88 254]]

 [[ 89 254]]

 [[ 90 253]]

 [[ 91 253]]

 [[ 92 252]]

 [[ 93 252]]

 [[ 94 251]]

 [[ 95 251]]

 [[ 96 251]]

 [[ 97 250]]

 [[ 98 250]]

 [[ 99 249]]

 [[100 248]]

 [[101 248]]

 [[102 247]]

 [[103 246]]

 [[104 245]]

 [[105 245]]

 [[106 244]]

 [[107 243]]

 [[108 242]]

 [[109 241]]

 [[110 240]]

 [[111 239]]

 [[112 239]]

 [[112 238]]

 [[113 237]]

 [[114 236]]

 [[115 235]]

 [[116 234]]

 [[116 233]]

 [[117 232]]

 [[118 231]]

 [[118 230]]

 [[119 229]]

 [[119 228]]

 [[120 227]]

 [[120 226]]

 [[120 225]]

 [[120 224]]

 [[121 223]]

 [[121 222]]

 [[121 221]]

 [[121 220]]

 [[121 219]]

 [[120 218]]

 [[120 217]]

 [[120 216]]

 [[121 215]]

 [[121 214]]

 [[120 213]]

 [[120 212]]

 [[120 211]]

 [[120 210]]

 [[120 209]]

 [[120 208]]

 [[120 207]]

 [[120 206]]

 [[120 205]]

 [[120 204]]

 [[120 203]]

 [[119 202]]

 [[119 201]]

 [[119 200]]

 [[119 199]]

 [[119 198]]]
[[[  0   0]]

 [[ 53 146]]

 [[ 52 146]]

 [[ 51 146]]

 [[ 50 147]]

 [[ 49 148]]

 [[ 48 149]]

 [[ 47 149]]

 [[ 46 150]]

 [[ 45 150]]

 [[ 44 151]]

 [[ 43 151]]

 [[ 43 152]]

 [[ 42 153]]

 [[ 43 154]]

 [[ 44 155]]

 [[ 45 155]]

 [[ 46 156]]

 [[ 46 157]]

 [[ 46 158]]

 [[ 46 159]]

 [[ 45 160]]

 [[ 44 160]]

 [[ 43 161]]

 [[ 42 161]]

 [[ 41 161]]

 [[ 40 162]]

 [[ 39 162]]

 [[ 38 163]]

 [[ 37 164]]

 [[ 36 165]]

 [[ 35 166]]

 [[ 34 167]]

 [[ 33 168]]

 [[ 32 169]]

 [[ 31 170]]

 [[ 30 171]]

 [[ 29 171]]

 [[ 28 171]]

 [[ 27 171]]

 [[ 26 171]]

 [[ 25 171]]

 [[ 24 170]]

 [[ 23 170]]

 [[ 22 170]]

 [[ 21 170]]

 [[ 20 170]]

 [[ 19 169]]

 [[ 18 169]]

 [[ 17 168]]

 [[ 16 168]]

 [[ 15 168]]

 [[ 14 167]]

 [[ 13 167]]

 [[ 12 166]]

 [[ 11 165]]

 [[ 11 164]]

 [[ 12 163]]

 [[ 12 162]]

 [[ 13 161]]

 [[ 13 160]]

 [[ 14 159]]

 [[ 15 158]]

 [[ 15 157]]

 [[ 16 156]]

 [[ 16 155]]

 [[ 17 154]]

 [[ 17 153]]

 [[ 17 152]]

 [[ 18 151]]

 [[ 18 150]]

 [[ 18 149]]

 [[ 18 148]]

 [[ 18 147]]

 [[ 18 146]]

 [[ 17 146]]

 [[ 16 146]]

 [[ 15 147]]

 [[ 14 147]]

 [[ 13 147]]

 [[ 12 148]]

 [[ 11 148]]

 [[ 10 148]]

 [[  9 148]]

 [[  8 148]]

 [[  7 147]]

 [[  6 147]]

 [[  5 147]]

 [[  4 147]]

 [[  3 147]]

 [[  2 147]]

 [[  1 147]]

 [[  1 148]]

 [[  1 149]]

 [[  1 150]]

 [[  1 151]]

 [[  1 152]]

 [[  1 153]]

 [[  1 154]]

 [[  2 154]]

 [[  3 154]]

 [[  4 155]]

 [[  5 156]]

 [[  6 156]]

 [[  7 157]]

 [[  7 158]]

 [[  7 159]]

 [[  7 160]]

 [[  7 161]]

 [[  6 162]]

 [[  5 163]]

 [[  4 163]]

 [[  3 164]]

 [[  2 164]]

 [[  1 165]]

 [[  1 166]]

 [[  1 167]]

 [[  1 168]]

 [[  1 169]]

 [[  1 170]]

 [[  1 171]]

 [[  1 172]]

 [[  2 172]]

 [[  3 173]]

 [[  4 173]]

 [[  5 173]]

 [[  6 173]]

 [[  7 173]]

 [[  8 173]]

 [[  9 173]]

 [[ 10 174]]

 [[ 11 174]]

 [[ 12 174]]

 [[ 13 175]]

 [[ 14 175]]

 [[ 15 175]]

 [[ 16 175]]

 [[ 17 175]]

 [[ 18 176]]

 [[ 19 176]]

 [[ 20 176]]

 [[ 21 177]]

 [[ 22 177]]

 [[ 23 177]]

 [[ 24 177]]

 [[ 25 177]]

 [[ 26 177]]

 [[ 27 177]]

 [[ 28 177]]

 [[ 29 177]]

 [[ 30 177]]

 [[ 31 177]]

 [[ 32 176]]

 [[ 33 176]]

 [[ 34 176]]

 [[ 35 177]]

 [[ 36 176]]

 [[ 37 176]]

 [[ 38 176]]

 [[ 39 176]]

 [[ 40 175]]

 [[ 41 175]]

 [[ 42 175]]

 [[ 43 175]]

 [[ 44 175]]

 [[ 45 175]]

 [[ 46 174]]

 [[ 47 174]]

 [[ 48 174]]

 [[ 49 174]]

 [[ 50 174]]

 [[ 51 174]]

 [[ 52 174]]

 [[ 53 173]]

 [[ 54 173]]

 [[ 55 173]]

 [[ 56 173]]

 [[ 57 172]]

 [[ 58 172]]

 [[ 59 172]]

 [[ 60 171]]

 [[ 61 171]]

 [[ 62 170]]

 [[ 63 170]]

 [[ 64 169]]

 [[ 65 169]]

 [[ 66 169]]

 [[ 67 169]]

 [[ 68 168]]

 [[ 69 168]]

 [[ 70 167]]

 [[ 71 167]]

 [[ 72 167]]

 [[ 73 167]]

 [[ 74 166]]

 [[ 75 166]]

 [[ 76 166]]

 [[ 77 165]]

 [[ 78 165]]

 [[ 79 165]]

 [[ 80 165]]

 [[ 81 166]]

 [[ 82 167]]

 [[ 83 168]]

 [[ 84 169]]

 [[ 84 170]]

 [[ 85 171]]

 [[ 86 172]]

 [[ 87 172]]

 [[ 88 172]]

 [[ 89 171]]

 [[ 90 170]]

 [[ 91 169]]

 [[ 92 168]]

 [[ 93 168]]

 [[ 94 167]]

 [[ 95 167]]

 [[ 96 167]]

 [[ 97 166]]

 [[ 98 166]]

 [[ 99 165]]

 [[100 165]]

 [[101 165]]

 [[102 164]]

 [[103 164]]

 [[103 163]]

 [[104 162]]

 [[104 161]]

 [[103 160]]

 [[102 159]]

 [[101 159]]

 [[100 158]]

 [[ 99 158]]

 [[ 98 157]]

 [[ 97 157]]

 [[ 96 157]]

 [[ 95 157]]

 [[ 94 157]]

 [[ 93 156]]

 [[ 92 156]]

 [[ 91 156]]

 [[ 90 156]]

 [[ 89 155]]

 [[ 88 155]]

 [[ 87 155]]

 [[ 86 155]]

 [[ 85 154]]

 [[ 84 154]]

 [[ 83 154]]

 [[ 82 154]]

 [[ 81 154]]

 [[ 80 153]]

 [[ 79 153]]

 [[ 78 153]]

 [[ 77 153]]

 [[ 76 152]]

 [[ 75 152]]

 [[ 74 151]]

 [[ 73 151]]

 [[ 72 151]]

 [[ 71 151]]

 [[ 70 151]]

 [[ 70 152]]

 [[ 70 153]]

 [[ 70 154]]

 [[ 71 155]]

 [[ 72 154]]

 [[ 73 154]]

 [[ 74 154]]

 [[ 75 155]]

 [[ 76 155]]

 [[ 77 156]]

 [[ 77 157]]

 [[ 76 158]]

 [[ 75 158]]

 [[ 74 159]]

 [[ 73 160]]

 [[ 72 160]]

 [[ 71 160]]

 [[ 70 160]]

 [[ 69 160]]

 [[ 68 159]]

 [[ 67 160]]

 [[ 66 160]]

 [[ 65 160]]

 [[ 64 160]]

 [[ 63 160]]

 [[ 62 159]]

 [[ 61 159]]

 [[ 60 159]]

 [[ 59 159]]

 [[ 58 159]]

 [[ 57 159]]

 [[ 56 159]]

 [[ 55 159]]

 [[ 54 158]]

 [[ 53 157]]

 [[ 52 156]]

 [[ 52 155]]

 [[ 52 154]]

 [[ 53 153]]

 [[ 54 152]]

 [[ 55 151]]

 [[ 56 150]]

 [[ 57 149]]

 [[ 57 148]]

 [[ 58 147]]

 [[ 58 146]]

 [[ 57 145]]

 [[ 56 145]]

 [[ 55 145]]]
[[[  0   0]]

 [[ 79 125]]

 [[ 79 126]]

 [[ 79 127]]

 [[ 80 128]]

 [[ 80 129]]

 [[ 80 130]]

 [[ 81 131]]

 [[ 81 132]]

 [[ 81 133]]

 [[ 80 134]]

 [[ 80 135]]

 [[ 79 136]]

 [[ 78 137]]

 [[ 77 138]]

 [[ 76 139]]

 [[ 75 139]]

 [[ 74 139]]

 [[ 73 139]]

 [[ 72 139]]

 [[ 71 139]]

 [[ 70 139]]

 [[ 69 139]]

 [[ 68 139]]

 [[ 67 139]]

 [[ 66 140]]

 [[ 67 141]]

 [[ 68 141]]

 [[ 69 141]]

 [[ 70 141]]

 [[ 71 142]]

 [[ 72 142]]

 [[ 73 142]]

 [[ 74 142]]

 [[ 75 142]]

 [[ 76 142]]

 [[ 77 143]]

 [[ 78 143]]

 [[ 79 143]]

 [[ 80 144]]

 [[ 81 144]]

 [[ 82 144]]

 [[ 83 144]]

 [[ 84 144]]

 [[ 85 145]]

 [[ 86 145]]

 [[ 87 145]]

 [[ 88 145]]

 [[ 89 145]]

 [[ 90 146]]

 [[ 91 146]]

 [[ 92 146]]

 [[ 93 147]]

 [[ 94 147]]

 [[ 95 147]]

 [[ 96 147]]

 [[ 97 148]]

 [[ 98 148]]

 [[ 99 148]]

 [[100 148]]

 [[101 148]]

 [[102 147]]

 [[103 147]]

 [[104 146]]

 [[105 146]]

 [[106 146]]

 [[106 145]]

 [[106 144]]

 [[106 143]]

 [[106 142]]

 [[106 141]]

 [[106 140]]

 [[105 139]]

 [[105 138]]

 [[104 138]]

 [[103 137]]

 [[103 136]]

 [[102 135]]

 [[102 134]]

 [[101 133]]

 [[100 132]]

 [[ 99 131]]

 [[ 98 131]]

 [[ 97 130]]

 [[ 96 130]]

 [[ 95 129]]

 [[ 94 129]]

 [[ 93 128]]

 [[ 92 128]]

 [[ 91 127]]

 [[ 90 127]]

 [[ 89 126]]

 [[ 88 126]]

 [[ 87 126]]

 [[ 86 125]]

 [[ 85 125]]

 [[ 84 125]]

 [[ 83 125]]

 [[ 82 125]]

 [[ 81 124]]]
[[[  0   0]]

 [[255 119]]

 [[255 120]]

 [[255 121]]

 [[255 122]]

 [[255 123]]

 [[256 124]]

 [[256 125]]

 [[257 126]]

 [[258 127]]

 [[258 128]]

 [[258 129]]

 [[258 130]]

 [[258 131]]

 [[258 132]]

 [[258 133]]

 [[258 134]]

 [[258 135]]

 [[259 136]]

 [[259 137]]

 [[259 138]]

 [[260 139]]

 [[261 139]]

 [[262 140]]

 [[263 141]]

 [[264 142]]

 [[265 143]]

 [[266 143]]

 [[267 143]]

 [[268 143]]

 [[269 143]]

 [[270 142]]

 [[271 142]]

 [[272 141]]

 [[273 141]]

 [[274 141]]

 [[275 141]]

 [[276 141]]

 [[277 141]]

 [[278 141]]

 [[279 141]]

 [[280 140]]

 [[281 140]]

 [[282 140]]

 [[283 140]]

 [[284 140]]

 [[285 140]]

 [[286 140]]

 [[287 140]]

 [[288 139]]

 [[289 139]]

 [[290 139]]

 [[291 139]]

 [[292 138]]

 [[293 138]]

 [[294 138]]

 [[295 138]]

 [[296 137]]

 [[297 137]]

 [[298 136]]

 [[299 135]]

 [[300 134]]

 [[300 133]]

 [[300 132]]

 [[300 131]]

 [[301 130]]

 [[302 131]]

 [[302 132]]

 [[302 133]]

 [[302 134]]

 [[302 135]]

 [[303 136]]

 [[303 137]]

 [[303 138]]

 [[303 139]]

 [[303 140]]

 [[304 141]]

 [[303 142]]

 [[303 143]]

 [[303 144]]

 [[303 145]]

 [[303 146]]

 [[304 147]]

 [[305 148]]

 [[306 149]]

 [[307 149]]

 [[308 150]]

 [[309 151]]

 [[310 152]]

 [[311 153]]

 [[312 154]]

 [[313 155]]

 [[314 155]]

 [[315 155]]

 [[316 156]]

 [[317 156]]

 [[318 157]]

 [[319 157]]

 [[320 157]]

 [[321 157]]

 [[322 157]]

 [[323 157]]

 [[324 157]]

 [[325 157]]

 [[326 158]]

 [[327 158]]

 [[328 158]]

 [[329 158]]

 [[330 158]]

 [[331 158]]

 [[332 158]]

 [[333 158]]

 [[334 158]]

 [[335 158]]

 [[336 158]]

 [[337 158]]

 [[338 158]]

 [[339 158]]

 [[340 158]]

 [[341 158]]

 [[342 158]]

 [[343 158]]

 [[344 158]]

 [[345 158]]

 [[346 158]]

 [[347 157]]

 [[348 157]]

 [[349 157]]

 [[350 157]]

 [[351 156]]

 [[352 156]]

 [[353 155]]

 [[354 155]]

 [[355 154]]

 [[356 153]]

 [[357 153]]

 [[358 152]]

 [[358 151]]

 [[358 150]]

 [[358 149]]

 [[357 148]]

 [[357 147]]

 [[357 146]]

 [[357 145]]

 [[358 144]]

 [[358 143]]

 [[358 142]]

 [[358 141]]

 [[359 140]]

 [[359 139]]

 [[359 138]]

 [[359 137]]

 [[359 136]]

 [[359 135]]

 [[358 135]]

 [[357 136]]

 [[356 137]]

 [[355 137]]

 [[354 137]]

 [[353 138]]

 [[352 138]]

 [[351 138]]

 [[350 139]]

 [[349 139]]

 [[348 139]]

 [[347 139]]

 [[346 139]]

 [[345 140]]

 [[344 140]]

 [[343 140]]

 [[342 140]]

 [[341 140]]

 [[340 140]]

 [[339 140]]

 [[338 140]]

 [[337 140]]

 [[336 140]]

 [[335 140]]

 [[334 139]]

 [[333 139]]

 [[332 139]]

 [[331 139]]

 [[330 139]]

 [[329 138]]

 [[328 138]]

 [[327 138]]

 [[326 138]]

 [[325 138]]

 [[324 137]]

 [[323 137]]

 [[322 137]]

 [[321 136]]

 [[320 136]]

 [[319 136]]

 [[318 135]]

 [[317 135]]

 [[316 135]]

 [[315 134]]

 [[314 134]]

 [[313 133]]

 [[312 133]]

 [[311 133]]

 [[310 132]]

 [[309 132]]

 [[308 131]]

 [[307 130]]

 [[306 130]]

 [[305 129]]

 [[304 128]]

 [[303 127]]

 [[303 126]]

 [[303 125]]

 [[303 124]]

 [[303 123]]

 [[303 122]]

 [[302 121]]

 [[301 121]]

 [[300 121]]

 [[299 121]]

 [[298 121]]

 [[297 122]]

 [[296 122]]

 [[295 122]]

 [[294 122]]

 [[293 122]]

 [[292 122]]

 [[291 122]]

 [[290 122]]

 [[289 122]]

 [[288 122]]

 [[287 122]]

 [[286 122]]

 [[285 122]]

 [[284 122]]

 [[283 122]]

 [[282 123]]

 [[281 123]]

 [[280 123]]

 [[279 123]]

 [[278 123]]

 [[277 123]]

 [[276 123]]

 [[275 123]]

 [[274 124]]

 [[273 124]]

 [[272 124]]

 [[271 124]]

 [[270 124]]

 [[269 124]]

 [[268 124]]

 [[267 123]]

 [[266 123]]

 [[265 123]]

 [[264 122]]

 [[263 122]]

 [[262 121]]

 [[261 120]]

 [[260 119]]

 [[259 119]]

 [[258 118]]

 [[257 118]]

 [[256 118]]]
[[[  0   0]]

 [[364  72]]

 [[364  73]]

 [[364  74]]

 [[364  75]]

 [[364  76]]

 [[364  77]]

 [[363  78]]

 [[363  79]]

 [[363  80]]

 [[363  81]]

 [[363  82]]

 [[363  83]]

 [[363  84]]

 [[363  85]]

 [[363  86]]

 [[362  87]]

 [[362  88]]

 [[362  89]]

 [[362  90]]

 [[362  91]]

 [[362  92]]

 [[362  93]]

 [[362  94]]

 [[361  95]]

 [[360  95]]

 [[359  95]]

 [[358  96]]

 [[357  96]]

 [[356  96]]

 [[355  97]]

 [[354  97]]

 [[353  97]]

 [[352  97]]

 [[351  97]]

 [[350  97]]

 [[349  97]]

 [[348  97]]

 [[347  97]]

 [[346  97]]

 [[345  97]]

 [[344  97]]

 [[343  97]]

 [[342  97]]

 [[341  97]]

 [[340  97]]

 [[339  97]]

 [[338  96]]

 [[337  96]]

 [[336  96]]

 [[335  96]]

 [[334  96]]

 [[333  96]]

 [[332  96]]

 [[331  95]]

 [[330  95]]

 [[329  95]]

 [[328  95]]

 [[327  95]]

 [[326  94]]

 [[325  94]]

 [[324  94]]

 [[323  94]]

 [[322  93]]

 [[321  93]]

 [[320  93]]

 [[319  93]]

 [[318  92]]

 [[317  92]]

 [[316  92]]

 [[315  91]]

 [[314  90]]

 [[313  90]]

 [[312  89]]

 [[311  89]]

 [[310  88]]

 [[309  88]]

 [[308  88]]

 [[308  89]]

 [[308  90]]

 [[308  91]]

 [[308  92]]

 [[308  93]]

 [[308  94]]

 [[308  95]]

 [[308  96]]

 [[308  97]]

 [[308  98]]

 [[308  99]]

 [[307 100]]

 [[307 101]]

 [[307 102]]

 [[307 103]]

 [[307 104]]

 [[307 105]]

 [[307 106]]

 [[308 107]]

 [[309 108]]

 [[310 109]]

 [[311 110]]

 [[312 110]]

 [[313 111]]

 [[314 112]]

 [[315 112]]

 [[316 113]]

 [[317 113]]

 [[318 113]]

 [[319 114]]

 [[320 114]]

 [[321 114]]

 [[322 114]]

 [[323 114]]

 [[324 115]]

 [[325 115]]

 [[326 115]]

 [[327 115]]

 [[328 115]]

 [[329 115]]

 [[330 115]]

 [[331 116]]

 [[332 116]]

 [[333 116]]

 [[334 116]]

 [[335 116]]

 [[336 116]]

 [[337 117]]

 [[338 117]]

 [[339 117]]

 [[340 117]]

 [[341 117]]

 [[342 117]]

 [[343 117]]

 [[344 117]]

 [[345 117]]

 [[346 117]]

 [[347 117]]

 [[348 116]]

 [[349 116]]

 [[350 116]]

 [[351 116]]

 [[352 116]]

 [[353 116]]

 [[354 116]]

 [[355 115]]

 [[356 115]]

 [[357 115]]

 [[358 114]]

 [[359 114]]

 [[359 113]]

 [[359 112]]

 [[359 111]]

 [[360 110]]

 [[360 109]]

 [[360 108]]

 [[360 107]]

 [[360 106]]

 [[360 105]]

 [[360 104]]

 [[360 103]]

 [[360 102]]

 [[360 101]]

 [[360 100]]

 [[361  99]]

 [[361  98]]

 [[361  97]]

 [[361  96]]

 [[361  95]]

 [[362  94]]

 [[363  93]]

 [[364  92]]

 [[365  92]]

 [[366  92]]

 [[367  92]]

 [[368  92]]

 [[369  92]]

 [[370  92]]

 [[370  91]]

 [[369  90]]

 [[369  89]]

 [[368  88]]

 [[367  87]]

 [[366  86]]

 [[366  85]]

 [[366  84]]

 [[366  83]]

 [[367  82]]

 [[367  81]]

 [[366  80]]

 [[366  79]]

 [[365  78]]

 [[365  77]]

 [[365  76]]

 [[366  75]]

 [[367  75]]

 [[367  74]]

 [[367  73]]

 [[367  72]]

 [[366  72]]

 [[365  71]]]
[[[  0   0]]

 [[359  62]]

 [[358  63]]

 [[357  64]]

 [[356  64]]

 [[355  64]]

 [[354  64]]

 [[353  64]]

 [[352  64]]

 [[351  63]]

 [[350  63]]

 [[349  63]]

 [[348  63]]

 [[347  62]]

 [[346  62]]

 [[345  63]]

 [[344  63]]

 [[343  63]]

 [[342  63]]

 [[341  63]]

 [[340  63]]

 [[339  62]]

 [[338  62]]

 [[337  62]]

 [[336  62]]

 [[335  62]]

 [[334  62]]

 [[333  62]]

 [[332  62]]

 [[331  62]]

 [[331  63]]

 [[331  64]]

 [[331  65]]

 [[331  66]]

 [[330  67]]

 [[330  68]]

 [[329  69]]

 [[329  70]]

 [[329  71]]

 [[329  72]]

 [[330  72]]

 [[331  73]]

 [[332  73]]

 [[333  73]]

 [[334  73]]

 [[335  73]]

 [[336  73]]

 [[337  73]]

 [[338  73]]

 [[339  73]]

 [[340  73]]

 [[341  74]]

 [[342  74]]

 [[343  74]]

 [[344  73]]

 [[344  72]]

 [[344  71]]

 [[344  70]]

 [[345  69]]

 [[346  69]]

 [[347  69]]

 [[348  69]]

 [[349  69]]

 [[350  69]]

 [[351  69]]

 [[352  69]]

 [[353  69]]

 [[354  69]]

 [[355  69]]

 [[356  69]]

 [[357  69]]

 [[358  69]]

 [[359  69]]

 [[360  69]]

 [[361  69]]

 [[362  68]]

 [[363  68]]

 [[363  67]]

 [[363  66]]

 [[363  65]]

 [[362  64]]

 [[362  63]]

 [[361  62]]]
[[[  0   0]]

 [[312  57]]

 [[311  57]]

 [[310  58]]

 [[310  59]]

 [[310  60]]

 [[309  61]]

 [[309  62]]

 [[308  63]]

 [[308  64]]

 [[307  65]]

 [[307  66]]

 [[306  67]]

 [[306  68]]

 [[306  69]]

 [[306  70]]

 [[306  71]]

 [[306  72]]

 [[306  73]]

 [[306  74]]

 [[306  75]]

 [[306  76]]

 [[306  77]]

 [[306  78]]

 [[306  79]]

 [[306  80]]

 [[306  81]]

 [[305  82]]

 [[304  83]]

 [[303  82]]

 [[302  82]]

 [[301  82]]

 [[300  82]]

 [[299  82]]

 [[298  82]]

 [[297  82]]

 [[296  82]]

 [[295  82]]

 [[294  82]]

 [[293  82]]

 [[292  82]]

 [[291  82]]

 [[290  82]]

 [[289  82]]

 [[288  82]]

 [[287  82]]

 [[286  82]]

 [[285  82]]

 [[284  82]]

 [[283  82]]

 [[282  82]]

 [[281  82]]

 [[280  82]]

 [[279  82]]

 [[278  82]]

 [[277  82]]

 [[276  82]]

 [[275  82]]

 [[274  82]]

 [[273  82]]

 [[272  82]]

 [[271  81]]

 [[270  81]]

 [[269  81]]

 [[268  80]]

 [[267  80]]

 [[266  80]]

 [[265  79]]

 [[264  79]]

 [[263  79]]

 [[262  79]]

 [[261  78]]

 [[260  78]]

 [[259  78]]

 [[258  77]]

 [[257  77]]

 [[256  77]]

 [[255  77]]

 [[255  78]]

 [[255  79]]

 [[255  80]]

 [[255  81]]

 [[255  82]]

 [[256  83]]

 [[257  84]]

 [[257  85]]

 [[257  86]]

 [[257  87]]

 [[257  88]]

 [[257  89]]

 [[257  90]]

 [[256  91]]

 [[256  92]]

 [[256  93]]

 [[257  94]]

 [[257  95]]

 [[258  95]]

 [[259  96]]

 [[260  97]]

 [[261  98]]

 [[262  99]]

 [[263 100]]

 [[264 100]]

 [[265 101]]

 [[266 101]]

 [[267 101]]

 [[268 101]]

 [[269 102]]

 [[270 102]]

 [[271 102]]

 [[272 102]]

 [[273 102]]

 [[274 102]]

 [[275 102]]

 [[276 101]]

 [[277 101]]

 [[278 101]]

 [[279 101]]

 [[280 101]]

 [[281 101]]

 [[282 101]]

 [[283 101]]

 [[284 101]]

 [[285 101]]

 [[286 101]]

 [[287 101]]

 [[288 101]]

 [[289 101]]

 [[290 101]]

 [[291 100]]

 [[292 100]]

 [[293 100]]

 [[294 100]]

 [[295 100]]

 [[296 100]]

 [[297 100]]

 [[298 100]]

 [[299 100]]

 [[300  99]]

 [[301  99]]

 [[302  98]]

 [[302  97]]

 [[303  96]]

 [[303  95]]

 [[303  94]]

 [[303  93]]

 [[303  92]]

 [[303  91]]

 [[303  90]]

 [[304  89]]

 [[304  88]]

 [[305  87]]

 [[305  86]]

 [[305  85]]

 [[305  84]]

 [[306  83]]

 [[307  82]]

 [[308  81]]

 [[308  80]]

 [[309  79]]

 [[309  78]]

 [[309  77]]

 [[309  76]]

 [[309  75]]

 [[309  74]]

 [[309  73]]

 [[309  72]]

 [[309  71]]

 [[309  70]]

 [[309  69]]

 [[309  68]]

 [[309  67]]

 [[309  66]]

 [[309  65]]

 [[309  64]]

 [[309  63]]

 [[310  62]]

 [[311  62]]

 [[312  63]]

 [[313  63]]

 [[314  63]]

 [[315  64]]

 [[316  65]]

 [[317  65]]

 [[318  65]]

 [[319  65]]

 [[320  66]]

 [[321  66]]

 [[322  66]]

 [[323  66]]

 [[324  66]]

 [[325  66]]

 [[326  66]]

 [[327  66]]

 [[328  66]]

 [[328  65]]

 [[329  64]]

 [[329  63]]

 [[328  62]]

 [[328  61]]

 [[327  60]]

 [[326  60]]

 [[325  60]]

 [[324  60]]

 [[323  60]]

 [[322  60]]

 [[321  59]]

 [[320  59]]

 [[319  59]]

 [[318  59]]

 [[317  58]]

 [[316  57]]

 [[315  56]]

 [[314  56]]]
[[[  0   0]]

 [[103  53]]

 [[103  54]]

 ..., 
 [[106  52]]

 [[105  52]]

 [[104  52]]]
[[[  0   0]]

 [[254  47]]

 [[254  48]]

 [[253  49]]

 [[253  50]]

 [[253  51]]

 [[254  52]]

 [[254  53]]

 [[255  54]]

 [[256  55]]

 [[256  56]]

 [[256  57]]

 [[256  58]]

 [[256  59]]

 [[256  60]]

 [[257  60]]

 [[257  59]]

 [[257  58]]

 [[256  57]]

 [[256  56]]

 [[256  55]]

 [[257  54]]

 [[258  54]]

 [[259  53]]

 [[260  53]]

 [[261  53]]

 [[262  54]]

 [[263  54]]

 [[264  54]]

 [[265  55]]

 [[266  55]]

 [[267  56]]

 [[268  56]]

 [[269  55]]

 [[270  55]]

 [[271  55]]

 [[272  55]]

 [[273  55]]

 [[274  55]]

 [[275  55]]

 [[276  55]]

 [[277  55]]

 [[278  55]]

 [[279  55]]

 [[280  55]]

 [[281  56]]

 [[282  57]]

 [[282  58]]

 [[283  59]]

 [[283  60]]

 [[284  60]]

 [[285  61]]

 [[286  61]]

 [[287  61]]

 [[288  61]]

 [[289  61]]

 [[290  61]]

 [[291  61]]

 [[292  61]]

 [[293  62]]

 [[294  61]]

 [[295  61]]

 [[295  60]]

 [[295  59]]

 [[295  58]]

 [[296  57]]

 [[297  56]]

 [[298  56]]

 [[299  56]]

 [[300  56]]

 [[301  56]]

 [[302  56]]

 [[303  56]]

 [[304  56]]

 [[305  56]]

 [[306  56]]

 [[306  55]]

 [[306  54]]

 [[306  53]]

 [[306  52]]

 [[305  51]]

 [[305  50]]

 [[304  50]]

 [[303  49]]

 [[302  49]]

 [[301  48]]

 [[300  48]]

 [[299  48]]

 [[298  49]]

 [[297  49]]

 [[296  49]]

 [[295  49]]

 [[294  49]]

 [[293  49]]

 [[292  50]]

 [[291  51]]

 [[291  52]]

 [[291  53]]

 [[290  54]]

 [[289  55]]

 [[288  55]]

 [[287  54]]

 [[286  53]]

 [[285  52]]

 [[284  51]]

 [[283  50]]

 [[282  50]]

 [[281  50]]

 [[280  50]]

 [[279  50]]

 [[278  49]]

 [[277  49]]

 [[276  49]]

 [[275  49]]

 [[274  49]]

 [[273  49]]

 [[272  49]]

 [[271  49]]

 [[270  49]]

 [[269  49]]

 [[268  49]]

 [[267  49]]

 [[266  49]]

 [[265  49]]

 [[264  49]]

 [[263  49]]

 [[262  48]]

 [[261  48]]

 [[260  47]]

 [[259  46]]

 [[258  46]]

 [[257  46]]

 [[256  46]]]
[[[  0   0]]

 [[325  37]]

 [[325  38]]

 [[326  39]]

 [[327  40]]

 [[328  41]]

 [[328  42]]

 [[328  43]]

 [[327  44]]

 [[326  44]]

 [[325  44]]

 [[324  45]]

 [[323  45]]

 [[322  45]]

 [[321  44]]

 [[320  44]]

 [[319  44]]

 [[318  44]]

 [[317  43]]

 [[316  43]]

 [[315  43]]

 [[314  42]]

 [[313  42]]

 [[312  42]]

 [[311  41]]

 [[310  41]]

 [[309  41]]

 [[308  41]]

 [[308  42]]

 [[309  43]]

 [[310  44]]

 [[311  44]]

 [[312  45]]

 [[313  45]]

 [[314  45]]

 [[315  46]]

 [[316  46]]

 [[317  47]]

 [[318  47]]

 [[319  48]]

 [[320  49]]

 [[321  49]]

 [[322  49]]

 [[323  49]]

 [[324  48]]

 [[325  48]]

 [[326  48]]

 [[327  48]]

 [[328  48]]

 [[329  48]]

 [[330  48]]

 [[331  48]]

 [[332  48]]

 [[333  48]]

 [[334  48]]

 [[335  48]]

 [[336  48]]

 [[337  48]]

 [[338  48]]

 [[339  48]]

 [[340  48]]

 [[341  48]]

 [[342  49]]

 [[343  49]]

 [[344  49]]

 [[345  49]]

 [[346  49]]

 [[347  49]]

 [[348  49]]

 [[349  49]]

 [[350  49]]

 [[351  49]]

 [[352  49]]

 [[353  49]]

 [[354  48]]

 [[355  48]]

 [[356  48]]

 [[356  47]]

 [[355  47]]

 [[354  46]]

 [[353  46]]

 [[352  46]]

 [[351  46]]

 [[350  46]]

 [[349  46]]

 [[348  45]]

 [[347  45]]

 [[346  45]]

 [[345  45]]

 [[344  45]]

 [[343  44]]

 [[342  43]]

 [[341  42]]

 [[340  41]]

 [[339  40]]

 [[338  39]]

 [[337  39]]

 [[336  39]]

 [[335  38]]

 [[334  38]]

 [[333  37]]

 [[332  37]]

 [[331  37]]

 [[330  37]]

 [[329  37]]

 [[328  36]]

 [[327  36]]

 [[326  36]]]
[[[  0   0]]

 [[103  28]]

 [[103  29]]

 [[103  30]]

 [[103  31]]

 [[103  32]]

 [[103  33]]

 [[103  34]]

 [[103  35]]

 [[103  36]]

 [[103  37]]

 [[103  38]]

 [[103  39]]

 [[104  39]]

 [[105  39]]

 [[106  39]]

 [[107  39]]

 [[108  39]]

 [[109  39]]

 [[110  39]]

 [[111  40]]

 [[112  40]]

 [[113  40]]

 [[114  40]]

 [[115  40]]

 [[116  40]]

 [[117  40]]

 [[118  40]]

 [[119  40]]

 [[120  40]]

 [[121  40]]

 [[122  40]]

 [[123  40]]

 [[124  40]]

 [[125  40]]

 [[126  40]]

 [[127  40]]

 [[128  40]]

 [[129  39]]

 [[130  39]]

 [[131  39]]

 [[132  39]]

 [[133  38]]

 [[134  38]]

 [[135  38]]

 [[136  37]]

 [[136  36]]

 [[136  35]]

 [[137  34]]

 [[137  33]]

 [[138  32]]

 [[139  32]]

 [[140  33]]

 [[140  34]]

 [[140  35]]

 [[140  36]]

 [[141  37]]

 [[142  38]]

 [[143  38]]

 [[144  38]]

 [[145  38]]

 [[146  38]]

 [[147  38]]

 [[148  38]]

 [[149  38]]

 [[150  38]]

 [[151  38]]

 [[152  38]]

 [[153  38]]

 [[154  38]]

 [[155  38]]

 [[156  38]]

 [[157  38]]

 [[158  38]]

 [[159  38]]

 [[160  38]]

 [[161  38]]

 [[162  38]]

 [[163  38]]

 [[164  38]]

 [[165  38]]

 [[166  38]]

 [[167  38]]

 [[168  37]]

 [[169  37]]

 [[170  37]]

 [[171  36]]

 [[172  36]]

 [[173  36]]

 [[174  35]]

 [[175  35]]

 [[176  35]]

 [[176  34]]

 [[175  33]]

 [[174  32]]

 [[174  31]]

 [[174  30]]

 [[173  29]]

 [[172  29]]

 [[171  30]]

 [[170  30]]

 [[169  30]]

 [[168  30]]

 [[167  30]]

 [[166  30]]

 [[165  30]]

 [[164  30]]

 [[163  30]]

 [[162  30]]

 [[161  30]]

 [[160  30]]

 [[159  30]]

 [[158  30]]

 [[157  30]]

 [[156  30]]

 [[155  30]]

 [[154  30]]

 [[153  30]]

 [[152  30]]

 [[151  30]]

 [[150  30]]

 [[149  30]]

 [[148  29]]

 [[147  29]]

 [[146  29]]

 [[145  29]]

 [[144  29]]

 [[143  29]]

 [[142  30]]

 [[141  30]]

 [[140  30]]

 [[139  30]]

 [[138  30]]

 [[137  29]]

 [[136  28]]

 [[135  28]]

 [[134  28]]

 [[133  28]]

 [[132  28]]

 [[131  28]]

 [[130  28]]

 [[129  28]]

 [[128  28]]

 [[127  28]]

 [[126  29]]

 [[125  29]]

 [[124  29]]

 [[123  29]]

 [[122  28]]

 [[121  28]]

 [[120  28]]

 [[119  28]]

 [[118  28]]

 [[117  28]]

 [[116  28]]

 [[115  28]]

 [[114  28]]

 [[113  28]]

 [[112  28]]

 [[111  28]]

 [[110  28]]

 [[109  28]]

 [[108  28]]

 [[107  27]]

 [[106  27]]

 [[105  27]]

 [[104  27]]]
[[[  0   0]]

 [[213  17]]

 [[213  18]]

 [[213  19]]

 [[213  20]]

 [[213  21]]

 [[214  22]]

 [[214  23]]

 [[214  24]]

 [[214  25]]

 [[213  26]]

 [[213  27]]

 [[212  28]]

 [[211  28]]

 [[210  29]]

 [[209  29]]

 [[208  30]]

 [[207  30]]

 [[206  30]]

 [[205  30]]

 [[204  30]]

 [[203  30]]

 [[202  30]]

 [[201  30]]

 [[200  30]]

 [[199  30]]

 [[198  30]]

 [[197  30]]

 [[196  30]]

 [[195  30]]

 [[194  30]]

 [[193  30]]

 [[192  30]]

 [[191  30]]

 [[190  30]]

 [[189  30]]

 [[188  30]]

 [[187  30]]

 [[186  30]]

 [[185  29]]

 [[184  29]]

 [[183  29]]

 [[182  29]]

 [[181  29]]

 [[180  29]]

 [[179  29]]

 [[178  30]]

 [[178  31]]

 [[178  32]]

 [[178  33]]

 [[178  34]]

 [[178  35]]

 [[178  36]]

 [[178  37]]

 [[178  38]]

 [[178  39]]

 [[179  40]]

 [[180  40]]

 [[181  40]]

 [[182  41]]

 [[183  41]]

 [[184  41]]

 [[185  41]]

 [[186  41]]

 [[187  41]]

 [[188  41]]

 [[189  41]]

 [[190  41]]

 [[191  41]]

 [[192  41]]

 [[193  41]]

 [[194  41]]

 [[195  42]]

 [[196  42]]

 [[197  42]]

 [[198  42]]

 [[199  42]]

 [[200  42]]

 [[201  42]]

 [[202  42]]

 [[203  42]]

 [[204  42]]

 [[205  42]]

 [[206  42]]

 [[207  42]]

 [[208  41]]

 [[209  41]]

 [[210  41]]

 [[211  41]]

 [[212  40]]

 [[213  40]]

 [[213  39]]

 [[213  38]]

 [[213  37]]

 [[213  36]]

 [[213  35]]

 [[213  34]]

 [[213  33]]

 [[213  32]]

 [[213  31]]

 [[214  30]]

 [[215  29]]

 [[216  28]]

 [[217  28]]

 [[218  29]]

 [[219  29]]

 [[220  29]]

 [[221  30]]

 [[222  30]]

 [[223  30]]

 [[224  31]]

 [[225  31]]

 [[226  31]]

 [[227  32]]

 [[228  32]]

 [[229  32]]

 [[230  32]]

 [[231  32]]

 [[232  32]]

 [[233  32]]

 [[234  33]]

 [[235  33]]

 [[236  33]]

 [[237  33]]

 [[238  34]]

 [[239  35]]

 [[240  35]]

 [[241  36]]

 [[242  36]]

 [[243  36]]

 [[244  36]]

 [[245  36]]

 [[246  36]]

 [[247  36]]

 [[248  36]]

 [[249  37]]

 [[250  37]]

 [[251  37]]

 [[252  38]]

 [[253  38]]

 [[254  39]]

 [[255  39]]

 [[256  39]]

 [[257  39]]

 [[258  39]]

 [[259  39]]

 [[260  39]]

 [[261  40]]

 [[262  39]]

 [[263  39]]

 [[264  39]]

 [[265  39]]

 [[266  39]]

 [[267  39]]

 [[268  40]]

 [[267  39]]

 [[266  39]]

 [[265  38]]

 [[264  38]]

 [[263  38]]

 [[262  38]]

 [[261  37]]

 [[260  37]]

 [[259  37]]

 [[258  37]]

 [[257  36]]

 [[256  36]]

 [[255  35]]

 [[254  35]]

 [[253  34]]

 [[252  34]]

 [[251  34]]

 [[250  33]]

 [[249  33]]

 [[248  33]]

 [[247  33]]

 [[246  33]]

 [[245  32]]

 [[244  32]]

 [[243  32]]

 [[242  32]]

 [[241  31]]

 [[240  31]]

 [[239  31]]

 [[238  30]]

 [[237  30]]

 [[236  30]]

 [[235  29]]

 [[234  29]]

 [[233  29]]

 [[232  29]]

 [[231  28]]

 [[230  28]]

 [[229  28]]

 [[228  28]]

 [[227  28]]

 [[226  28]]

 [[225  27]]

 [[224  27]]

 [[223  27]]

 [[222  26]]

 [[221  26]]

 [[220  26]]

 [[219  26]]

 [[218  25]]

 [[217  25]]

 [[216  24]]

 [[215  24]]

 [[214  23]]

 [[214  22]]

 [[214  21]]

 [[214  20]]

 [[214  19]]

 [[214  18]]

 [[214  17]]]
[[[  0   0]]

 [[131   8]]

 [[130   8]]

 [[129   8]]

 [[128   9]]

 [[127   9]]

 [[126   9]]

 [[125   9]]

 [[124   9]]

 [[123   9]]

 [[122   9]]

 [[121   9]]

 [[120  10]]

 [[119  10]]

 [[118  10]]

 [[117  10]]

 [[116  10]]

 [[115  10]]

 [[114  10]]

 [[113   9]]

 [[112   9]]

 [[111   9]]

 [[110   9]]

 [[109   9]]

 [[108   9]]

 [[107   8]]

 [[106   8]]

 [[105   8]]

 [[104   8]]

 [[103   8]]

 [[102   9]]

 [[101  10]]

 [[102  11]]

 [[103  11]]

 [[104  11]]

 [[105  11]]

 [[106  11]]

 [[107  12]]

 [[108  12]]

 [[109  12]]

 [[110  12]]

 [[111  13]]

 [[112  14]]

 [[113  14]]

 [[114  15]]

 [[115  15]]

 [[116  15]]

 [[117  15]]

 [[118  15]]

 [[119  15]]

 [[120  15]]

 [[121  15]]

 [[122  14]]

 [[123  13]]

 [[124  12]]

 [[125  12]]

 [[126  12]]

 [[127  11]]

 [[128  11]]

 [[129  11]]

 [[130  11]]

 [[131  10]]

 [[132  10]]

 [[133  10]]

 [[134  10]]

 [[135  10]]

 [[136  10]]

 [[137  11]]

 [[137  12]]

 [[137  13]]

 [[137  14]]

 [[137  15]]

 [[137  16]]

 [[137  17]]

 [[137  18]]

 [[137  19]]

 [[137  20]]

 [[138  21]]

 [[139  20]]

 [[139  19]]

 [[139  18]]

 [[139  17]]

 [[139  16]]

 [[139  15]]

 [[139  14]]

 [[139  13]]

 [[140  12]]

 [[141  12]]

 [[142  12]]

 [[143  12]]

 [[144  12]]

 [[145  12]]

 [[146  12]]

 [[147  12]]

 [[148  13]]

 [[149  14]]

 [[150  14]]

 [[151  15]]

 [[152  15]]

 [[153  15]]

 [[154  15]]

 [[155  15]]

 [[156  15]]

 [[157  14]]

 [[158  14]]

 [[159  13]]

 [[160  13]]

 [[161  13]]

 [[162  13]]

 [[163  13]]

 [[164  12]]

 [[165  12]]

 [[166  12]]

 [[167  12]]

 [[168  12]]

 [[169  11]]

 [[170  11]]

 [[171  11]]

 [[172  10]]

 [[173  10]]

 [[174  10]]

 [[175  11]]

 [[176  12]]

 [[177  13]]

 [[178  13]]

 [[179  13]]

 [[180  13]]

 [[181  13]]

 [[182  13]]

 [[183  13]]

 [[184  13]]

 [[185  13]]

 [[186  13]]

 [[187  13]]

 [[188  13]]

 [[189  13]]

 [[190  14]]

 [[190  15]]

 [[191  16]]

 [[192  16]]

 [[193  16]]

 [[194  16]]

 [[195  16]]

 [[196  16]]

 [[197  16]]

 [[198  15]]

 [[199  15]]

 [[200  14]]

 [[201  13]]

 [[202  13]]

 [[203  13]]

 [[204  13]]

 [[205  13]]

 [[206  13]]

 [[207  13]]

 [[208  13]]

 [[209  13]]

 [[210  13]]

 [[211  12]]

 [[212  12]]

 [[212  11]]

 [[212  10]]

 [[211   9]]

 [[210   8]]

 [[209   8]]

 [[208   8]]

 [[207   9]]

 [[206   9]]

 [[205   9]]

 [[204   9]]

 [[203   9]]

 [[202  10]]

 [[201  10]]

 [[200  10]]

 [[199  11]]

 [[198  11]]

 [[197  11]]

 [[196  11]]

 [[195  11]]

 [[194  11]]

 [[193  11]]

 [[192  11]]

 [[191  10]]

 [[190  10]]

 [[189  10]]

 [[188   9]]

 [[187   9]]

 [[186   9]]

 [[185   9]]

 [[184   9]]

 [[183   9]]

 [[182   9]]

 [[181   8]]

 [[180   8]]

 [[179   8]]

 [[178   9]]

 [[177   9]]

 [[176   9]]

 [[175   9]]

 [[174   8]]

 [[173   8]]

 [[172   7]]

 [[171   7]]

 [[170   8]]

 [[169   8]]

 [[168   8]]

 [[167   8]]

 [[166   8]]

 [[165   8]]

 [[164   8]]

 [[163   8]]

 [[162   8]]

 [[161   9]]

 [[160   9]]

 [[159   9]]

 [[158   9]]

 [[157  10]]

 [[156  10]]

 [[155  10]]

 [[154  10]]

 [[153  10]]

 [[152  10]]

 [[151  10]]

 [[150   9]]

 [[149   8]]

 [[148   8]]

 [[147   8]]

 [[146   8]]

 [[145   8]]

 [[144   8]]

 [[143   8]]

 [[142   8]]

 [[141   8]]

 [[140   8]]

 [[139   8]]

 [[138   8]]

 [[137   8]]

 [[136   8]]

 [[135   7]]

 [[134   7]]

 [[133   7]]]
