[[[  0   0]]

 [[468  88]]

 [[468  89]]

 [[468  90]]

 [[468  91]]

 [[468  92]]

 [[468  93]]

 [[467  94]]

 [[467  95]]

 [[467  96]]

 [[467  97]]

 [[467  98]]

 [[467  99]]

 [[466 100]]

 [[466 101]]

 [[466 102]]

 [[466 103]]

 [[467 104]]

 [[468 104]]

 [[469 105]]

 [[470 106]]

 [[471 107]]

 [[471 108]]

 [[472 109]]

 [[473 110]]

 [[473 111]]

 [[474 112]]

 [[474 113]]

 [[474 114]]

 [[475 115]]

 [[476 116]]

 [[476 117]]

 [[477 118]]

 [[478 118]]

 [[479 119]]

 [[480 119]]

 [[481 119]]

 [[482 119]]

 [[483 120]]

 [[484 120]]

 [[485 120]]

 [[486 120]]

 [[487 121]]

 [[488 121]]

 [[489 121]]

 [[490 121]]

 [[491 122]]

 [[492 122]]

 [[493 122]]

 [[494 122]]

 [[495 122]]

 [[496 123]]

 [[497 123]]

 [[498 123]]

 [[499 124]]

 [[500 124]]

 [[501 124]]

 [[502 124]]

 [[503 124]]

 [[504 124]]

 [[505 124]]

 [[506 125]]

 [[507 125]]

 [[508 125]]

 [[509 125]]

 [[510 125]]

 [[511 125]]

 [[512 125]]

 [[513 125]]

 [[514 125]]

 [[515 125]]

 [[516 125]]

 [[517 125]]

 [[518 125]]

 [[519 125]]

 [[520 124]]

 [[521 124]]

 [[522 123]]

 [[523 123]]

 [[524 122]]

 [[524 121]]

 [[524 120]]

 [[525 119]]

 [[525 118]]

 [[526 117]]

 [[526 116]]

 [[527 115]]

 [[527 114]]

 [[526 114]]

 [[525 114]]

 [[524 114]]

 [[523 114]]

 [[522 114]]

 [[521 114]]

 [[520 115]]

 [[519 115]]

 [[518 114]]

 [[517 114]]

 [[516 114]]

 [[515 114]]

 [[514 115]]

 [[513 115]]

 [[512 115]]

 [[511 115]]

 [[510 115]]

 [[509 115]]

 [[508 115]]

 [[507 114]]

 [[506 114]]

 [[505 114]]

 [[504 114]]

 [[503 114]]

 [[502 113]]

 [[501 113]]

 [[500 113]]

 [[499 113]]

 [[498 113]]

 [[497 113]]

 [[496 112]]

 [[495 112]]

 [[494 112]]

 [[493 112]]

 [[492 112]]

 [[491 111]]

 [[490 111]]

 [[489 111]]

 [[488 111]]

 [[487 111]]

 [[486 110]]

 [[485 110]]

 [[484 110]]

 [[483 109]]

 [[482 109]]

 [[481 108]]

 [[480 108]]

 [[479 107]]

 [[478 107]]

 [[477 106]]

 [[476 105]]

 [[476 104]]

 [[476 103]]

 [[475 102]]

 [[474 101]]

 [[473 100]]

 [[472  99]]

 [[472  98]]

 [[472  97]]

 [[472  96]]

 [[471  95]]

 [[471  94]]

 [[470  93]]

 [[470  92]]

 [[469  91]]

 [[468  90]]

 [[468  89]]

 [[468  88]]]
[[[  0   0]]

 [[621  82]]

 [[622  83]]

 [[623  84]]

 [[623  85]]

 [[623  86]]

 [[623  87]]

 [[622  88]]

 [[622  89]]

 [[622  90]]

 [[622  91]]

 [[622  92]]

 [[621  93]]

 [[621  94]]

 [[621  95]]

 [[621  96]]

 [[621  97]]

 [[621  98]]

 [[621  99]]

 [[622 100]]

 [[622 101]]

 [[623 102]]

 [[624 103]]

 [[625 104]]

 [[626 105]]

 [[627 106]]

 [[628 107]]

 [[629 108]]

 [[630 109]]

 [[631 109]]

 [[632 110]]

 [[633 110]]

 [[634 111]]

 [[635 111]]

 [[636 111]]

 [[637 112]]

 [[638 112]]

 [[638 111]]

 [[638 110]]

 [[638 109]]

 [[638 108]]

 [[638 107]]

 [[638 106]]

 [[638 105]]

 [[638 104]]

 [[638 103]]

 [[638 102]]

 [[638 101]]

 [[637 100]]

 [[636 100]]

 [[635  99]]

 [[634  99]]

 [[633  98]]

 [[632  97]]

 [[631  96]]

 [[630  95]]

 [[629  94]]

 [[628  93]]

 [[627  92]]

 [[626  91]]

 [[625  90]]

 [[624  89]]

 [[624  88]]

 [[624  87]]

 [[625  86]]

 [[625  85]]

 [[625  84]]

 [[625  83]]

 [[624  82]]

 [[624  81]]

 [[623  81]]]
[[[  0   0]]

 [[326  75]]

 [[325  75]]

 [[324  76]]

 [[324  77]]

 [[325  78]]

 [[325  79]]

 [[324  80]]

 [[324  81]]

 [[323  82]]

 [[322  83]]

 [[322  84]]

 [[323  84]]

 [[324  84]]

 [[325  85]]

 [[326  86]]

 [[326  87]]

 [[327  88]]

 [[326  89]]

 [[326  90]]

 [[326  91]]

 [[326  92]]

 [[326  93]]

 [[326  94]]

 [[326  95]]

 [[326  96]]

 [[327  97]]

 [[328  97]]

 [[329  98]]

 [[330  98]]

 [[331  98]]

 [[332  99]]

 [[333  99]]

 [[334  99]]

 [[335 100]]

 [[336 100]]

 [[337 100]]

 [[338 100]]

 [[339 100]]

 [[340 101]]

 [[341 101]]

 [[342 101]]

 [[343 101]]

 [[344 101]]

 [[345 102]]

 [[346 102]]

 [[347 102]]

 [[348 102]]

 [[349 103]]

 [[350 103]]

 [[351 103]]

 [[352 103]]

 [[353 103]]

 [[354 103]]

 [[355 104]]

 [[356 104]]

 [[357 104]]

 [[358 104]]

 [[359 104]]

 [[360 104]]

 [[361 104]]

 [[362 104]]

 [[363 104]]

 [[364 104]]

 [[365 104]]

 [[366 104]]

 [[367 104]]

 [[368 104]]

 [[369 104]]

 [[370 104]]

 [[371 104]]

 [[372 104]]

 [[373 104]]

 [[374 104]]

 [[375 103]]

 [[376 103]]

 [[377 103]]

 [[378 103]]

 [[379 102]]

 [[380 102]]

 [[381 102]]

 [[382 102]]

 [[383 101]]

 [[384 100]]

 [[384  99]]

 [[385  98]]

 [[385  97]]

 [[385  96]]

 [[385  95]]

 [[385  94]]

 [[386  93]]

 [[386  92]]

 [[386  91]]

 [[386  90]]

 [[387  89]]

 [[388  88]]

 [[389  89]]

 [[390  89]]

 [[391  89]]

 [[392  89]]

 [[393  90]]

 [[394  90]]

 [[395  91]]

 [[396  91]]

 [[397  90]]

 [[398  89]]

 [[399  90]]

 [[400  90]]

 [[401  91]]

 [[401  92]]

 [[402  93]]

 [[402  94]]

 [[402  95]]

 [[402  96]]

 [[402  97]]

 [[402  98]]

 [[401  99]]

 [[401 100]]

 [[402 101]]

 [[402 102]]

 [[403 103]]

 [[404 104]]

 [[405 105]]

 [[406 106]]

 [[407 107]]

 [[408 107]]

 [[409 107]]

 [[410 108]]

 [[411 109]]

 [[412 109]]

 [[413 109]]

 [[414 110]]

 [[415 110]]

 [[416 111]]

 [[417 111]]

 [[418 111]]

 [[419 111]]

 [[420 112]]

 [[421 112]]

 [[422 112]]

 [[423 112]]

 [[424 112]]

 [[425 113]]

 [[426 113]]

 [[427 113]]

 [[428 113]]

 [[429 114]]

 [[430 114]]

 [[431 114]]

 [[432 114]]

 [[433 114]]

 [[434 114]]

 [[435 114]]

 [[436 115]]

 [[437 115]]

 [[438 115]]

 [[439 115]]

 [[440 115]]

 [[441 115]]

 [[442 115]]

 [[443 115]]

 [[444 115]]

 [[445 115]]

 [[446 115]]

 [[447 115]]

 [[448 115]]

 [[449 115]]

 [[450 115]]

 [[451 115]]

 [[452 115]]

 [[453 115]]

 [[454 115]]

 [[455 115]]

 [[456 115]]

 [[457 115]]

 [[458 115]]

 [[459 115]]

 [[460 115]]

 [[461 114]]

 [[462 114]]

 [[462 113]]

 [[463 112]]

 [[463 111]]

 [[464 110]]

 [[464 109]]

 [[464 108]]

 [[464 107]]

 [[464 106]]

 [[464 105]]

 [[464 104]]

 [[463 104]]

 [[462 104]]

 [[461 104]]

 [[460 104]]

 [[459 104]]

 [[458 104]]

 [[457 104]]

 [[456 104]]

 [[455 104]]

 [[454 104]]

 [[453 105]]

 [[452 105]]

 [[451 105]]

 [[450 105]]

 [[449 105]]

 [[448 104]]

 [[447 104]]

 [[446 104]]

 [[445 104]]

 [[444 104]]

 [[443 104]]

 [[442 104]]

 [[441 104]]

 [[440 104]]

 [[439 104]]

 [[438 104]]

 [[437 103]]

 [[436 103]]

 [[435 103]]

 [[434 103]]

 [[433 103]]

 [[432 103]]

 [[431 103]]

 [[430 103]]

 [[429 103]]

 [[428 102]]

 [[427 102]]

 [[426 101]]

 [[425 101]]

 [[424 101]]

 [[423 101]]

 [[422 101]]

 [[421 101]]

 [[420 100]]

 [[419 100]]

 [[418 100]]

 [[417  99]]

 [[416  99]]

 [[415  98]]

 [[414  98]]

 [[413  98]]

 [[412  97]]

 [[411  97]]

 [[410  96]]

 [[409  96]]

 [[408  95]]

 [[407  95]]

 [[406  94]]

 [[405  93]]

 [[404  92]]

 [[404  91]]

 [[403  90]]

 [[403  89]]

 [[403  88]]

 [[402  87]]

 [[401  86]]

 [[402  85]]

 [[402  84]]

 [[403  83]]

 [[403  82]]

 [[403  81]]

 [[403  80]]

 [[402  79]]

 [[401  80]]

 [[401  81]]

 [[400  82]]

 [[400  83]]

 [[400  84]]

 [[400  85]]

 [[399  86]]

 [[398  87]]

 [[397  87]]

 [[396  88]]

 [[395  88]]

 [[394  88]]

 [[393  88]]

 [[392  88]]

 [[391  88]]

 [[390  88]]

 [[389  89]]

 [[388  88]]

 [[388  87]]

 [[387  86]]

 [[386  87]]

 [[385  88]]

 [[385  89]]

 [[384  90]]

 [[383  90]]

 [[382  91]]

 [[381  92]]

 [[380  92]]

 [[379  93]]

 [[378  93]]

 [[377  93]]

 [[376  93]]

 [[375  94]]

 [[374  94]]

 [[373  94]]

 [[372  94]]

 [[371  94]]

 [[370  94]]

 [[369  94]]

 [[368  94]]

 [[367  94]]

 [[366  94]]

 [[365  93]]

 [[364  93]]

 [[363  93]]

 [[362  93]]

 [[361  93]]

 [[360  93]]

 [[359  93]]

 [[358  93]]

 [[357  93]]

 [[356  93]]

 [[355  93]]

 [[354  92]]

 [[353  92]]

 [[352  92]]

 [[351  92]]

 [[350  92]]

 [[349  92]]

 [[348  91]]

 [[347  91]]

 [[346  91]]

 [[345  90]]

 [[344  90]]

 [[343  90]]

 [[342  90]]

 [[341  90]]

 [[340  90]]

 [[339  89]]

 [[338  89]]

 [[337  89]]

 [[336  89]]

 [[335  89]]

 [[334  88]]

 [[333  88]]

 [[332  87]]

 [[331  87]]

 [[330  87]]

 [[329  86]]

 [[328  86]]

 [[327  85]]

 [[327  84]]

 [[327  83]]

 [[327  82]]

 [[327  81]]

 [[327  80]]

 [[326  79]]

 [[326  78]]

 [[327  77]]

 [[327  76]]

 [[328  75]]]
[[[  0   0]]

 [[237  70]]

 [[236  71]]

 [[235  72]]

 [[235  73]]

 [[234  74]]

 [[234  75]]

 [[234  76]]

 [[234  77]]

 [[234  78]]

 [[233  79]]

 [[232  80]]

 [[231  80]]

 [[230  81]]

 [[229  81]]

 [[228  81]]

 [[227  81]]

 [[226  81]]

 [[225  81]]

 [[224  82]]

 [[223  82]]

 [[222  82]]

 [[221  82]]

 [[220  82]]

 [[219  82]]

 [[218  82]]

 [[217  82]]

 [[216  82]]

 [[215  82]]

 [[214  82]]

 [[213  82]]

 [[212  82]]

 [[211  82]]

 [[210  82]]

 [[209  82]]

 [[208  82]]

 [[207  82]]

 [[206  82]]

 [[205  82]]

 [[204  82]]

 [[203  82]]

 [[202  82]]

 [[201  82]]

 [[200  82]]

 [[199  82]]

 [[198  82]]

 [[197  82]]

 [[196  82]]

 [[195  81]]

 [[194  81]]

 [[193  81]]

 [[192  81]]

 [[191  80]]

 [[190  80]]

 [[189  80]]

 [[188  79]]

 [[187  79]]

 [[186  78]]

 [[185  77]]

 [[184  77]]

 [[184  78]]

 [[184  79]]

 [[184  80]]

 [[184  81]]

 [[184  82]]

 [[184  83]]

 [[184  84]]

 [[184  85]]

 [[185  86]]

 [[185  87]]

 [[186  88]]

 [[187  88]]

 [[188  89]]

 [[189  89]]

 [[190  90]]

 [[191  91]]

 [[192  91]]

 [[193  91]]

 [[194  91]]

 [[195  91]]

 [[196  91]]

 [[197  92]]

 [[198  92]]

 [[199  92]]

 [[200  92]]

 [[201  92]]

 [[202  92]]

 [[203  92]]

 [[204  92]]

 [[205  92]]

 [[206  92]]

 [[207  92]]

 [[208  92]]

 [[209  93]]

 [[210  93]]

 [[211  93]]

 [[212  92]]

 [[213  92]]

 [[214  92]]

 [[215  92]]

 [[216  92]]

 [[217  92]]

 [[218  92]]

 [[219  92]]

 [[220  92]]

 [[221  92]]

 [[222  92]]

 [[223  91]]

 [[224  91]]

 [[225  91]]

 [[226  91]]

 [[227  91]]

 [[228  91]]

 [[229  91]]

 [[230  90]]

 [[231  90]]

 [[232  90]]

 [[233  91]]

 [[234  91]]

 [[235  91]]

 [[235  90]]

 [[236  89]]

 [[237  88]]

 [[238  87]]

 [[239  86]]

 [[239  85]]

 [[239  84]]

 [[239  83]]

 [[240  82]]

 [[240  81]]

 [[239  80]]

 [[239  79]]

 [[238  78]]

 [[239  77]]

 [[238  76]]

 [[238  75]]

 [[238  74]]

 [[238  73]]

 [[239  72]]

 [[239  71]]

 [[239  70]]

 [[239  69]]]
[[[  0   0]]

 [[250  65]]

 [[249  66]]

 [[250  67]]

 [[251  68]]

 [[251  69]]

 [[252  70]]

 [[252  71]]

 [[252  72]]

 [[252  73]]

 [[252  74]]

 [[252  75]]

 [[252  76]]

 [[252  77]]

 [[252  78]]

 [[253  79]]

 [[253  80]]

 [[253  81]]

 [[254  82]]

 [[254  83]]

 [[254  84]]

 [[254  85]]

 [[254  86]]

 [[254  87]]

 [[254  88]]

 [[255  89]]

 [[256  90]]

 [[257  90]]

 [[258  91]]

 [[259  92]]

 [[260  92]]

 [[261  93]]

 [[262  93]]

 [[263  93]]

 [[264  93]]

 [[265  94]]

 [[266  94]]

 [[267  94]]

 [[268  95]]

 [[269  95]]

 [[270  95]]

 [[271  95]]

 [[272  95]]

 [[273  95]]

 [[274  95]]

 [[275  95]]

 [[276  95]]

 [[277  96]]

 [[278  96]]

 [[279  96]]

 [[280  96]]

 [[281  96]]

 [[282  96]]

 [[283  96]]

 [[284  96]]

 [[285  96]]

 [[286  96]]

 [[287  96]]

 [[288  95]]

 [[289  95]]

 [[290  95]]

 [[291  95]]

 [[292  95]]

 [[293  95]]

 [[294  95]]

 [[295  95]]

 [[296  95]]

 [[297  95]]

 [[298  95]]

 [[299  94]]

 [[300  94]]

 [[301  94]]

 [[302  93]]

 [[303  93]]

 [[304  92]]

 [[305  92]]

 [[306  91]]

 [[307  90]]

 [[308  90]]

 [[309  89]]

 [[309  88]]

 [[309  87]]

 [[309  86]]

 [[309  85]]

 [[309  84]]

 [[309  83]]

 [[309  82]]

 [[309  81]]

 [[309  80]]

 [[309  79]]

 [[309  78]]

 [[309  77]]

 [[310  76]]

 [[310  75]]

 [[310  74]]

 [[310  73]]

 [[310  72]]

 [[310  71]]

 [[309  70]]

 [[309  69]]

 [[310  68]]

 [[310  67]]

 [[311  66]]

 [[312  66]]

 [[313  66]]

 [[314  66]]

 [[314  65]]

 [[314  64]]

 [[313  64]]

 [[312  64]]

 [[311  64]]

 [[310  64]]

 [[309  65]]

 [[309  66]]

 [[310  67]]

 [[310  68]]

 [[309  69]]

 [[309  70]]

 [[308  71]]

 [[308  72]]

 [[307  73]]

 [[306  74]]

 [[305  75]]

 [[304  75]]

 [[303  76]]

 [[302  76]]

 [[301  77]]

 [[300  77]]

 [[299  78]]

 [[298  78]]

 [[297  78]]

 [[296  78]]

 [[295  79]]

 [[294  79]]

 [[293  79]]

 [[292  79]]

 [[291  79]]

 [[290  79]]

 [[289  79]]

 [[288  79]]

 [[287  79]]

 [[286  80]]

 [[285  80]]

 [[284  80]]

 [[283  80]]

 [[282  80]]

 [[281  80]]

 [[280  80]]

 [[279  80]]

 [[278  80]]

 [[277  80]]

 [[276  80]]

 [[275  79]]

 [[274  79]]

 [[273  79]]

 [[272  79]]

 [[271  79]]

 [[270  79]]

 [[269  79]]

 [[268  79]]

 [[267  78]]

 [[266  78]]

 [[265  78]]

 [[264  78]]

 [[263  77]]

 [[262  77]]

 [[261  77]]

 [[260  76]]

 [[259  76]]

 [[258  76]]

 [[257  75]]

 [[256  74]]

 [[255  73]]

 [[254  72]]

 [[253  71]]

 [[252  70]]

 [[252  69]]

 [[253  68]]

 [[253  67]]

 [[253  66]]

 [[252  65]]

 [[252  64]]

 [[251  64]]]
[[[  0   0]]

 [[541  58]]

 [[541  59]]

 [[541  60]]

 [[541  61]]

 [[540  62]]

 [[540  63]]

 [[539  64]]

 [[539  65]]

 [[539  66]]

 [[539  67]]

 [[538  68]]

 [[538  69]]

 [[538  70]]

 [[538  71]]

 [[538  72]]

 [[539  72]]

 [[540  72]]

 [[541  72]]

 [[542  73]]

 [[543  73]]

 [[544  74]]

 [[544  75]]

 [[544  76]]

 [[543  77]]

 [[543  78]]

 [[542  79]]

 [[542  80]]

 [[542  81]]

 [[542  82]]

 [[542  83]]

 [[543  83]]

 [[544  84]]

 [[544  85]]

 [[545  86]]

 [[546  87]]

 [[547  87]]

 [[548  88]]

 [[549  88]]

 [[550  89]]

 [[551  90]]

 [[552  90]]

 [[553  91]]

 [[554  91]]

 [[555  92]]

 [[556  93]]

 [[557  93]]

 [[558  94]]

 [[559  94]]

 [[560  95]]

 [[561  95]]

 [[562  95]]

 [[563  96]]

 [[564  96]]

 [[565  96]]

 [[566  97]]

 [[567  97]]

 [[568  97]]

 [[569  98]]

 [[570  98]]

 [[571  98]]

 [[572  98]]

 [[573  99]]

 [[574  99]]

 [[575  99]]

 [[576  99]]

 [[577 100]]

 [[578 100]]

 [[579 100]]

 [[580 100]]

 [[581 100]]

 [[582 101]]

 [[583 101]]

 [[584 101]]

 [[585 101]]

 [[586 101]]

 [[587 101]]

 [[588 101]]

 [[589 101]]

 [[590 101]]

 [[591 101]]

 [[592 101]]

 [[593 101]]

 [[594 100]]

 [[595 100]]

 [[596  99]]

 [[597  98]]

 [[597  97]]

 [[598  96]]

 [[599  95]]

 [[599  94]]

 [[600  93]]

 [[600  92]]

 [[601  91]]

 [[601  90]]

 [[601  89]]

 [[600  89]]

 [[599  90]]

 [[598  90]]

 [[597  90]]

 [[596  90]]

 [[595  91]]

 [[594  91]]

 [[593  91]]

 [[592  91]]

 [[591  91]]

 [[590  91]]

 [[589  91]]

 [[588  90]]

 [[587  90]]

 [[586  90]]

 [[585  90]]

 [[584  90]]

 [[583  90]]

 [[582  90]]

 [[581  89]]

 [[580  89]]

 [[579  89]]

 [[578  89]]

 [[577  89]]

 [[576  88]]

 [[575  88]]

 [[574  88]]

 [[573  87]]

 [[572  87]]

 [[571  87]]

 [[570  87]]

 [[569  86]]

 [[568  86]]

 [[567  86]]

 [[566  85]]

 [[565  85]]

 [[564  85]]

 [[563  84]]

 [[562  84]]

 [[561  83]]

 [[560  83]]

 [[559  82]]

 [[558  82]]

 [[557  81]]

 [[556  81]]

 [[555  80]]

 [[554  80]]

 [[553  79]]

 [[552  79]]

 [[551  78]]

 [[550  77]]

 [[549  76]]

 [[548  75]]

 [[547  74]]

 [[546  73]]

 [[546  72]]

 [[545  71]]

 [[544  71]]

 [[543  70]]

 [[543  69]]

 [[544  68]]

 [[545  68]]

 [[546  68]]

 [[547  68]]

 [[548  68]]

 [[549  67]]

 [[549  66]]

 [[549  65]]

 [[549  64]]

 [[548  64]]

 [[548  65]]

 [[548  66]]

 [[547  67]]

 [[546  67]]

 [[545  66]]

 [[544  65]]

 [[544  64]]

 [[545  63]]

 [[545  62]]

 [[544  63]]

 [[543  63]]

 [[542  62]]

 [[542  61]]

 [[542  60]]

 [[542  59]]

 [[542  58]]]
[[[  0   0]]

 [[331  51]]

 [[331  52]]

 [[331  53]]

 [[331  54]]

 [[331  55]]

 [[331  56]]

 [[331  57]]

 [[331  58]]

 [[331  59]]

 [[331  60]]

 [[332  61]]

 [[333  61]]

 [[334  62]]

 [[335  62]]

 [[336  62]]

 [[337  62]]

 [[338  62]]

 [[339  63]]

 [[340  63]]

 [[341  63]]

 [[342  63]]

 [[343  64]]

 [[344  64]]

 [[345  64]]

 [[346  64]]

 [[347  65]]

 [[348  65]]

 [[349  65]]

 [[350  65]]

 [[351  65]]

 [[352  66]]

 [[353  66]]

 [[354  66]]

 [[355  66]]

 [[356  66]]

 [[357  66]]

 [[358  66]]

 [[359  67]]

 [[360  67]]

 [[361  67]]

 [[362  67]]

 [[363  67]]

 [[364  67]]

 [[365  67]]

 [[366  68]]

 [[367  68]]

 [[368  68]]

 [[369  68]]

 [[370  68]]

 [[371  68]]

 [[372  68]]

 [[373  68]]

 [[374  68]]

 [[375  68]]

 [[376  68]]

 [[377  67]]

 [[378  67]]

 [[379  67]]

 [[380  67]]

 [[381  67]]

 [[382  67]]

 [[383  67]]

 [[384  67]]

 [[385  66]]

 [[386  65]]

 [[387  64]]

 [[388  64]]

 [[388  63]]

 [[388  62]]

 [[388  61]]

 [[389  60]]

 [[389  59]]

 [[389  58]]

 [[389  57]]

 [[390  56]]

 [[390  55]]

 [[390  54]]

 [[389  54]]

 [[388  54]]

 [[387  55]]

 [[386  55]]

 [[385  56]]

 [[384  56]]

 [[383  56]]

 [[382  56]]

 [[381  56]]

 [[380  57]]

 [[379  56]]

 [[378  56]]

 [[377  56]]

 [[376  57]]

 [[375  57]]

 [[374  57]]

 [[373  57]]

 [[372  57]]

 [[371  57]]

 [[370  57]]

 [[369  57]]

 [[368  57]]

 [[367  56]]

 [[366  56]]

 [[365  56]]

 [[364  56]]

 [[363  56]]

 [[362  56]]

 [[361  56]]

 [[360  56]]

 [[359  55]]

 [[358  55]]

 [[357  55]]

 [[356  55]]

 [[355  55]]

 [[354  55]]

 [[353  54]]

 [[352  54]]

 [[351  54]]

 [[350  54]]

 [[349  54]]

 [[348  54]]

 [[347  53]]

 [[346  53]]

 [[345  53]]

 [[344  53]]

 [[343  53]]

 [[342  53]]

 [[341  52]]

 [[340  52]]

 [[339  52]]

 [[338  51]]

 [[337  51]]

 [[336  51]]

 [[335  51]]

 [[334  50]]

 [[333  50]]

 [[332  50]]]
[[[  0   0]]

 [[558  43]]

 [[557  43]]

 [[556  43]]

 [[555  44]]

 [[555  45]]

 [[555  46]]

 [[555  47]]

 [[556  48]]

 [[557  49]]

 [[558  49]]

 [[559  50]]

 [[560  51]]

 [[561  51]]

 [[562  52]]

 [[563  52]]

 [[564  53]]

 [[565  53]]

 [[566  53]]

 [[567  53]]

 [[568  54]]

 [[569  54]]

 [[570  55]]

 [[571  55]]

 [[572  56]]

 [[573  56]]

 [[574  57]]

 [[575  57]]

 [[576  57]]

 [[577  58]]

 [[578  58]]

 [[579  58]]

 [[580  58]]

 [[581  58]]

 [[582  59]]

 [[583  60]]

 [[584  61]]

 [[584  62]]

 [[584  63]]

 [[584  64]]

 [[585  65]]

 [[586  65]]

 [[587  65]]

 [[588  66]]

 [[589  66]]

 [[590  66]]

 [[591  66]]

 [[592  66]]

 [[593  67]]

 [[594  67]]

 [[595  67]]

 [[596  67]]

 [[596  66]]

 [[596  65]]

 [[595  64]]

 [[594  63]]

 [[593  63]]

 [[592  62]]

 [[591  61]]

 [[590  60]]

 [[589  59]]

 [[588  59]]

 [[587  58]]

 [[586  57]]

 [[585  56]]

 [[585  55]]

 [[584  54]]

 [[583  54]]

 [[582  53]]

 [[581  53]]

 [[580  53]]

 [[579  52]]

 [[578  52]]

 [[577  52]]

 [[576  52]]

 [[575  52]]

 [[574  51]]

 [[573  51]]

 [[572  51]]

 [[571  51]]

 [[570  51]]

 [[569  51]]

 [[568  51]]

 [[567  50]]

 [[566  50]]

 [[565  49]]

 [[564  48]]

 [[564  47]]

 [[564  46]]

 [[564  45]]

 [[564  44]]

 [[563  43]]

 [[562  43]]

 [[561  42]]

 [[560  42]]]
[[[  0   0]]

 [[477  43]]

 [[476  44]]

 [[475  44]]

 [[475  45]]

 [[475  46]]

 [[474  47]]

 [[474  48]]

 [[473  49]]

 [[473  50]]

 [[473  51]]

 [[473  52]]

 [[473  53]]

 [[473  54]]

 [[473  55]]

 [[473  56]]

 [[472  57]]

 [[472  58]]

 [[472  59]]

 [[472  60]]

 [[472  61]]

 [[472  62]]

 [[472  63]]

 [[472  64]]

 [[472  65]]

 [[471  66]]

 [[470  67]]

 [[469  68]]

 [[468  68]]

 [[467  68]]

 [[466  68]]

 [[465  68]]

 [[464  68]]

 [[463  68]]

 [[462  68]]

 [[461  68]]

 [[460  68]]

 [[459  68]]

 [[458  68]]

 [[457  68]]

 [[456  68]]

 [[455  68]]

 [[454  68]]

 [[453  68]]

 [[452  68]]

 [[451  68]]

 [[450  68]]

 [[449  67]]

 [[448  67]]

 [[447  67]]

 [[446  67]]

 [[445  67]]

 [[444  67]]

 [[443  67]]

 [[442  67]]

 [[441  67]]

 [[440  67]]

 [[439  66]]

 [[438  66]]

 [[437  66]]

 [[436  66]]

 [[435  66]]

 [[434  65]]

 [[433  65]]

 [[432  65]]

 [[431  65]]

 [[430  65]]

 [[429  65]]

 [[428  65]]

 [[427  64]]

 [[426  64]]

 [[425  64]]

 [[424  64]]

 [[423  63]]

 [[422  63]]

 [[421  63]]

 [[420  63]]

 [[419  62]]

 [[418  62]]

 [[417  62]]

 [[416  61]]

 [[415  61]]

 [[414  60]]

 [[413  59]]

 [[412  59]]

 [[411  58]]

 [[410  57]]

 [[409  56]]

 [[408  55]]

 [[407  55]]

 [[407  56]]

 [[407  57]]

 [[407  58]]

 [[407  59]]

 [[408  60]]

 [[408  61]]

 [[408  62]]

 [[407  63]]

 [[408  64]]

 [[408  65]]

 [[408  66]]

 [[408  67]]

 [[408  68]]

 [[409  69]]

 [[410  70]]

 [[411  70]]

 [[412  71]]

 [[413  71]]

 [[414  72]]

 [[415  72]]

 [[416  73]]

 [[417  73]]

 [[418  74]]

 [[419  74]]

 [[420  74]]

 [[421  74]]

 [[422  75]]

 [[423  75]]

 [[424  75]]

 [[425  75]]

 [[426  76]]

 [[427  76]]

 [[428  76]]

 [[429  76]]

 [[430  76]]

 [[431  77]]

 [[432  77]]

 [[433  77]]

 [[434  77]]

 [[435  77]]

 [[436  78]]

 [[437  78]]

 [[438  78]]

 [[439  78]]

 [[440  78]]

 [[441  78]]

 [[442  78]]

 [[443  78]]

 [[444  79]]

 [[445  79]]

 [[446  79]]

 [[447  79]]

 [[448  79]]

 [[449  79]]

 [[450  79]]

 [[451  79]]

 [[452  79]]

 [[453  79]]

 [[454  79]]

 [[455  79]]

 [[456  79]]

 [[457  79]]

 [[458  79]]

 [[459  79]]

 [[460  79]]

 [[461  79]]

 [[462  79]]

 [[463  79]]

 [[464  79]]

 [[465  79]]

 [[466  79]]

 [[467  79]]

 [[468  78]]

 [[468  77]]

 [[469  76]]

 [[469  75]]

 [[469  74]]

 [[469  73]]

 [[469  72]]

 [[469  71]]

 [[470  70]]

 [[470  69]]

 [[471  68]]

 [[472  69]]

 [[473  70]]

 [[473  71]]

 [[474  71]]

 [[475  72]]

 [[476  73]]

 [[477  74]]

 [[477  75]]

 [[478  76]]

 [[479  77]]

 [[480  78]]

 [[481  79]]

 [[482  80]]

 [[482  81]]

 [[483  82]]

 [[484  82]]

 [[485  83]]

 [[486  84]]

 [[487  84]]

 [[488  85]]

 [[489  85]]

 [[490  85]]

 [[491  85]]

 [[492  85]]

 [[493  86]]

 [[494  86]]

 [[495  86]]

 [[496  86]]

 [[497  87]]

 [[498  87]]

 [[499  87]]

 [[500  88]]

 [[501  88]]

 [[502  88]]

 [[503  88]]

 [[504  88]]

 [[505  89]]

 [[506  89]]

 [[507  89]]

 [[508  89]]

 [[509  89]]

 [[510  89]]

 [[511  90]]

 [[512  90]]

 [[513  90]]

 [[514  90]]

 [[515  90]]

 [[516  90]]

 [[517  90]]

 [[518  90]]

 [[519  90]]

 [[520  90]]

 [[521  91]]

 [[522  91]]

 [[523  91]]

 [[524  91]]

 [[525  91]]

 [[526  91]]

 [[527  91]]

 [[528  91]]

 [[529  90]]

 [[530  90]]

 [[531  89]]

 [[532  89]]

 [[533  88]]

 [[533  87]]

 [[534  86]]

 [[534  85]]

 [[534  84]]

 [[535  83]]

 [[535  82]]

 [[535  81]]

 [[535  80]]

 [[535  79]]

 [[534  79]]

 [[533  79]]

 [[532  79]]

 [[531  80]]

 [[530  80]]

 [[529  80]]

 [[528  80]]

 [[527  80]]

 [[526  80]]

 [[525  80]]

 [[524  80]]

 [[523  80]]

 [[522  80]]

 [[521  80]]

 [[520  79]]

 [[519  79]]

 [[518  79]]

 [[517  79]]

 [[516  79]]

 [[515  79]]

 [[514  78]]

 [[513  78]]

 [[512  78]]

 [[511  78]]

 [[510  78]]

 [[509  78]]

 [[508  78]]

 [[507  78]]

 [[506  77]]

 [[505  77]]

 [[504  77]]

 [[503  76]]

 [[502  76]]

 [[501  76]]

 [[500  76]]

 [[499  76]]

 [[498  76]]

 [[497  76]]

 [[496  76]]

 [[495  75]]

 [[494  75]]

 [[493  75]]

 [[492  75]]

 [[491  74]]

 [[490  74]]

 [[489  74]]

 [[488  73]]

 [[487  72]]

 [[486  71]]

 [[485  71]]

 [[484  70]]

 [[483  69]]

 [[482  68]]

 [[481  67]]

 [[480  66]]

 [[479  65]]

 [[478  64]]

 [[477  63]]

 [[476  62]]

 [[475  61]]

 [[475  60]]

 [[475  59]]

 [[475  58]]

 [[476  57]]

 [[476  56]]

 [[476  55]]

 [[476  54]]

 [[477  53]]

 [[477  52]]

 [[478  51]]

 [[478  50]]

 [[478  49]]

 [[478  48]]

 [[478  47]]

 [[478  46]]

 [[478  45]]

 [[478  44]]

 [[478  43]]]
[[[  0   0]]

 [[511  35]]

 [[512  36]]

 [[513  37]]

 [[514  37]]

 [[515  38]]

 [[516  39]]

 [[517  40]]

 [[518  41]]

 [[518  42]]

 [[517  43]]

 [[516  43]]

 [[515  43]]

 [[514  43]]

 [[513  42]]

 [[512  42]]

 [[511  42]]

 [[510  42]]

 [[509  42]]

 [[508  42]]

 [[507  42]]

 [[506  42]]

 [[505  42]]

 [[504  41]]

 [[503  41]]

 [[502  41]]

 [[501  41]]

 [[500  41]]

 [[499  41]]

 [[498  41]]

 [[497  41]]

 [[496  41]]

 [[495  41]]

 [[494  41]]

 [[493  41]]

 [[492  41]]

 [[491  41]]

 [[490  41]]

 [[489  41]]

 [[488  41]]

 [[487  42]]

 [[487  43]]

 [[488  44]]

 [[489  44]]

 [[490  44]]

 [[491  44]]

 [[492  43]]

 [[493  43]]

 [[494  44]]

 [[495  44]]

 [[496  44]]

 [[497  44]]

 [[498  44]]

 [[499  45]]

 [[500  45]]

 [[501  45]]

 [[502  45]]

 [[503  45]]

 [[504  46]]

 [[505  46]]

 [[506  46]]

 [[507  47]]

 [[508  47]]

 [[509  47]]

 [[510  47]]

 [[511  47]]

 [[512  47]]

 [[513  48]]

 [[514  48]]

 [[515  48]]

 [[516  48]]

 [[517  48]]

 [[518  48]]

 [[519  48]]

 [[520  49]]

 [[521  49]]

 [[522  49]]

 [[523  49]]

 [[524  49]]

 [[525  49]]

 [[526  50]]

 [[527  50]]

 [[528  50]]

 [[529  50]]

 [[530  50]]

 [[531  50]]

 [[532  51]]

 [[533  51]]

 [[534  51]]

 [[535  51]]

 [[536  51]]

 [[537  51]]

 [[538  51]]

 [[539  51]]

 [[540  50]]

 [[541  50]]

 [[542  50]]

 [[543  50]]

 [[544  49]]

 [[543  48]]

 [[542  47]]

 [[541  47]]

 [[540  46]]

 [[539  46]]

 [[538  46]]

 [[537  46]]

 [[536  46]]

 [[535  45]]

 [[534  45]]

 [[533  45]]

 [[532  45]]

 [[531  45]]

 [[530  45]]

 [[529  45]]

 [[528  45]]

 [[527  45]]

 [[526  44]]

 [[525  45]]

 [[524  45]]

 [[523  46]]

 [[522  46]]

 [[521  46]]

 [[520  45]]

 [[519  44]]

 [[518  43]]

 [[518  42]]

 [[519  41]]

 [[520  40]]

 [[520  39]]

 [[520  38]]

 [[520  37]]

 [[519  36]]

 [[518  36]]

 [[517  35]]

 [[516  35]]

 [[515  35]]

 [[514  35]]

 [[513  34]]

 [[512  34]]]
[[[  0   0]]

 [[234  33]]

 [[233  34]]

 [[233  35]]

 [[234  36]]

 [[234  37]]

 [[233  38]]

 [[233  39]]

 [[232  40]]

 [[232  41]]

 [[231  42]]

 [[230  43]]

 [[229  43]]

 [[228  44]]

 [[227  44]]

 [[226  44]]

 [[225  44]]

 [[224  44]]

 [[223  44]]

 [[222  44]]

 [[221  44]]

 [[220  45]]

 [[219  45]]

 [[218  45]]

 [[217  45]]

 [[216  45]]

 [[215  45]]

 [[214  45]]

 [[213  45]]

 [[212  45]]

 [[211  45]]

 [[210  45]]

 [[209  45]]

 [[208  45]]

 [[207  45]]

 [[206  45]]

 [[205  45]]

 [[204  45]]

 [[203  45]]

 [[202  45]]

 [[201  45]]

 [[200  45]]

 [[199  45]]

 [[198  45]]

 [[197  45]]

 [[196  45]]

 [[195  45]]

 [[194  45]]

 [[193  44]]

 [[192  44]]

 [[191  44]]

 [[190  44]]

 [[189  44]]

 [[188  44]]

 [[187  44]]

 [[186  43]]

 [[185  43]]

 [[184  42]]

 [[183  42]]

 [[182  42]]

 [[181  43]]

 [[182  44]]

 [[182  45]]

 [[182  46]]

 [[182  47]]

 [[181  48]]

 [[180  49]]

 [[179  50]]

 [[178  51]]

 [[177  51]]

 [[176  52]]

 [[176  53]]

 [[176  54]]

 [[176  55]]

 [[176  56]]

 [[177  57]]

 [[177  58]]

 [[177  59]]

 [[177  60]]

 [[177  61]]

 [[176  62]]

 [[175  63]]

 [[174  64]]

 [[173  64]]

 [[172  65]]

 [[171  66]]

 [[170  67]]

 [[169  68]]

 [[168  69]]

 [[168  70]]

 [[167  71]]

 [[166  72]]

 [[165  73]]

 [[164  74]]

 [[163  75]]

 [[162  75]]

 [[161  75]]

 [[160  75]]

 [[159  75]]

 [[158  75]]

 [[157  75]]

 [[156  75]]

 [[155  76]]

 [[154  76]]

 [[153  76]]

 [[152  76]]

 [[151  76]]

 [[150  76]]

 [[149  76]]

 [[148  76]]

 [[147  76]]

 [[146  76]]

 [[145  76]]

 [[144  76]]

 [[143  76]]

 [[142  76]]

 [[141  76]]

 [[140  76]]

 [[139  76]]

 [[138  76]]

 [[137  76]]

 [[136  76]]

 [[135  76]]

 [[134  76]]

 [[133  76]]

 [[132  76]]

 [[131  76]]

 [[130  76]]

 [[129  76]]

 [[128  75]]

 [[127  75]]

 [[126  74]]

 [[125  74]]

 [[124  73]]

 [[123  73]]

 [[122  72]]

 [[121  72]]

 [[121  73]]

 [[121  74]]

 [[122  75]]

 [[122  76]]

 [[122  77]]

 [[123  78]]

 [[123  79]]

 [[124  80]]

 [[124  81]]

 [[124  82]]

 [[124  83]]

 [[123  84]]

 [[123  85]]

 [[124  86]]

 [[124  87]]

 [[125  88]]

 [[126  89]]

 [[127  89]]

 [[128  90]]

 [[129  90]]

 [[130  91]]

 [[131  91]]

 [[132  91]]

 [[133  90]]

 [[134  91]]

 [[135  91]]

 [[136  91]]

 [[137  91]]

 [[138  91]]

 [[139  91]]

 [[140  91]]

 [[141  91]]

 [[142  91]]

 [[143  91]]

 [[144  91]]

 [[145  91]]

 [[146  91]]

 [[147  91]]

 [[148  91]]

 [[149  91]]

 [[150  91]]

 [[151  91]]

 [[152  91]]

 [[153  91]]

 [[154  91]]

 [[155  91]]

 [[156  90]]

 [[157  90]]

 [[158  90]]

 [[159  90]]

 [[160  90]]

 [[161  90]]

 [[162  90]]

 [[163  90]]

 [[164  90]]

 [[165  89]]

 [[166  89]]

 [[167  89]]

 [[168  88]]

 [[169  87]]

 [[170  87]]

 [[171  86]]

 [[172  85]]

 [[173  84]]

 [[174  83]]

 [[175  82]]

 [[176  81]]

 [[177  80]]

 [[178  79]]

 [[178  78]]

 [[178  77]]

 [[177  76]]

 [[177  75]]

 [[177  74]]

 [[177  73]]

 [[177  72]]

 [[177  71]]

 [[177  70]]

 [[177  69]]

 [[177  68]]

 [[178  67]]

 [[178  66]]

 [[177  65]]

 [[177  64]]

 [[177  63]]

 [[177  62]]

 [[177  61]]

 [[177  60]]

 [[178  59]]

 [[179  58]]

 [[180  57]]

 [[180  56]]

 [[180  55]]

 [[180  54]]

 [[180  53]]

 [[181  52]]

 [[182  51]]

 [[183  52]]

 [[184  52]]

 [[185  52]]

 [[186  53]]

 [[187  53]]

 [[188  54]]

 [[189  54]]

 [[190  54]]

 [[191  54]]

 [[192  55]]

 [[193  55]]

 [[194  55]]

 [[195  55]]

 [[196  55]]

 [[197  55]]

 [[198  55]]

 [[199  55]]

 [[200  55]]

 [[201  55]]

 [[202  55]]

 [[203  55]]

 [[204  56]]

 [[205  55]]

 [[206  56]]

 [[207  56]]

 [[208  56]]

 [[209  56]]

 [[210  56]]

 [[211  56]]

 [[212  55]]

 [[213  55]]

 [[214  55]]

 [[215  55]]

 [[216  55]]

 [[217  55]]

 [[218  55]]

 [[219  55]]

 [[220  55]]

 [[221  55]]

 [[222  55]]

 [[223  55]]

 [[224  55]]

 [[225  55]]

 [[226  54]]

 [[227  54]]

 [[228  54]]

 [[229  54]]

 [[230  54]]

 [[231  54]]

 [[232  54]]

 [[233  53]]

 [[233  52]]

 [[233  51]]

 [[234  50]]

 [[235  49]]

 [[235  48]]

 [[236  47]]

 [[236  46]]

 [[236  45]]

 [[236  44]]

 [[236  43]]

 [[236  42]]

 [[236  41]]

 [[236  40]]

 [[236  39]]

 [[236  38]]

 [[236  37]]

 [[236  36]]

 [[236  35]]

 [[235  34]]

 [[235  33]]

 [[236  32]]

 [[235  32]]]
[[[  0   0]]

 [[115  24]]

 [[114  25]]

 [[114  26]]

 [[114  27]]

 [[114  28]]

 [[114  29]]

 [[114  30]]

 [[114  31]]

 [[113  32]]

 [[112  32]]

 [[111  32]]

 [[111  33]]

 [[111  34]]

 [[112  33]]

 [[113  32]]

 [[114  32]]

 [[115  33]]

 [[116  34]]

 [[117  35]]

 [[117  36]]

 [[117  37]]

 [[118  38]]

 [[118  39]]

 [[118  40]]

 [[119  41]]

 [[119  42]]

 [[120  43]]

 [[120  44]]

 [[120  45]]

 [[120  46]]

 [[120  47]]

 [[120  48]]

 [[120  49]]

 [[121  50]]

 [[121  51]]

 [[121  52]]

 [[121  53]]

 [[121  54]]

 [[122  54]]

 [[123  55]]

 [[124  55]]

 [[125  55]]

 [[126  55]]

 [[127  56]]

 [[128  56]]

 [[129  56]]

 [[130  56]]

 [[131  56]]

 [[132  56]]

 [[133  56]]

 [[134  56]]

 [[135  56]]

 [[136  56]]

 [[137  56]]

 [[138  56]]

 [[139  56]]

 [[140  56]]

 [[141  56]]

 [[142  56]]

 [[143  56]]

 [[144  56]]

 [[145  56]]

 [[146  56]]

 [[147  56]]

 [[148  56]]

 [[149  56]]

 [[150  56]]

 [[151  56]]

 [[152  56]]

 [[153  56]]

 [[154  56]]

 [[155  56]]

 [[156  56]]

 [[157  56]]

 [[158  56]]

 [[159  56]]

 [[160  56]]

 [[161  55]]

 [[162  54]]

 [[163  54]]

 [[164  53]]

 [[165  52]]

 [[166  51]]

 [[167  51]]

 [[168  50]]

 [[169  49]]

 [[170  48]]

 [[171  47]]

 [[172  47]]

 [[173  46]]

 [[173  45]]

 [[173  44]]

 [[173  43]]

 [[172  42]]

 [[172  41]]

 [[172  40]]

 [[172  39]]

 [[172  38]]

 [[172  37]]

 [[172  36]]

 [[172  35]]

 [[173  34]]

 [[173  33]]

 [[173  32]]

 [[173  31]]

 [[172  30]]

 [[171  30]]

 [[170  30]]

 [[169  31]]

 [[168  32]]

 [[167  33]]

 [[166  34]]

 [[165  35]]

 [[164  36]]

 [[163  37]]

 [[162  37]]

 [[161  38]]

 [[160  38]]

 [[159  38]]

 [[158  39]]

 [[157  39]]

 [[156  39]]

 [[155  40]]

 [[154  40]]

 [[153  40]]

 [[152  41]]

 [[151  41]]

 [[150  41]]

 [[149  41]]

 [[148  41]]

 [[147  41]]

 [[146  41]]

 [[145  41]]

 [[144  41]]

 [[143  41]]

 [[142  41]]

 [[141  41]]

 [[140  41]]

 [[139  41]]

 [[138  41]]

 [[137  41]]

 [[136  41]]

 [[135  41]]

 [[134  41]]

 [[133  41]]

 [[132  41]]

 [[131  41]]

 [[130  41]]

 [[129  41]]

 [[128  41]]

 [[127  41]]

 [[126  40]]

 [[125  40]]

 [[124  40]]

 [[123  39]]

 [[122  39]]

 [[121  39]]

 [[120  38]]

 [[119  37]]

 [[118  37]]

 [[117  36]]

 [[117  35]]

 [[117  34]]

 [[117  33]]

 [[117  32]]

 [[116  31]]

 [[117  30]]

 [[117  29]]

 [[117  28]]

 [[117  27]]

 [[117  26]]

 [[116  25]]

 [[116  24]]]
[[[  0   0]]

 [[412  23]]

 [[413  24]]

 [[414  25]]

 [[415  26]]

 [[415  27]]

 [[416  27]]

 [[417  27]]

 [[418  28]]

 [[419  28]]

 [[420  28]]

 [[421  28]]

 [[422  28]]

 [[423  28]]

 [[424  28]]

 [[425  29]]

 [[426  29]]

 [[427  29]]

 [[428  29]]

 [[429  29]]

 [[430  29]]

 [[431  29]]

 [[432  29]]

 [[433  30]]

 [[433  31]]

 [[432  32]]

 [[431  32]]

 [[430  32]]

 [[429  32]]

 [[428  32]]

 [[427  32]]

 [[426  32]]

 [[425  32]]

 [[424  32]]

 [[423  32]]

 [[422  32]]

 [[421  32]]

 [[420  32]]

 [[421  33]]

 [[422  33]]

 [[423  33]]

 [[424  33]]

 [[425  33]]

 [[426  34]]

 [[427  34]]

 [[428  34]]

 [[429  34]]

 [[430  35]]

 [[431  35]]

 [[432  35]]

 [[433  35]]

 [[434  35]]

 [[435  35]]

 [[436  36]]

 [[437  36]]

 [[438  36]]

 [[439  36]]

 [[440  36]]

 [[441  37]]

 [[442  37]]

 [[443  37]]

 [[444  37]]

 [[445  37]]

 [[446  37]]

 [[447  37]]

 [[448  37]]

 [[449  38]]

 [[450  38]]

 [[451  38]]

 [[452  38]]

 [[453  38]]

 [[454  38]]

 [[455  39]]

 [[456  39]]

 [[457  39]]

 [[458  39]]

 [[459  39]]

 [[460  39]]

 [[461  39]]

 [[462  39]]

 [[463  39]]

 [[464  39]]

 [[465  39]]

 [[466  39]]

 [[467  39]]

 [[468  40]]

 [[469  39]]

 [[470  39]]

 [[471  39]]

 [[472  39]]

 [[473  39]]

 [[474  39]]

 [[474  38]]

 [[473  37]]

 [[472  36]]

 [[471  36]]

 [[470  35]]

 [[469  35]]

 [[468  34]]

 [[467  34]]

 [[466  34]]

 [[465  34]]

 [[464  34]]

 [[463  34]]

 [[462  35]]

 [[461  35]]

 [[460  35]]

 [[459  35]]

 [[458  35]]

 [[457  34]]

 [[456  34]]

 [[455  34]]

 [[454  34]]

 [[453  34]]

 [[452  34]]

 [[451  34]]

 [[450  34]]

 [[449  35]]

 [[448  35]]

 [[447  35]]

 [[446  35]]

 [[445  34]]

 [[444  34]]

 [[443  33]]

 [[442  33]]

 [[441  33]]

 [[440  33]]

 [[439  33]]

 [[438  33]]

 [[437  32]]

 [[436  32]]

 [[435  31]]

 [[436  30]]

 [[437  29]]

 [[437  28]]

 [[436  27]]

 [[436  26]]

 [[435  25]]

 [[434  25]]

 [[433  25]]

 [[432  25]]

 [[431  25]]

 [[430  25]]

 [[429  25]]

 [[428  24]]

 [[427  24]]

 [[426  24]]

 [[425  24]]

 [[424  24]]

 [[423  24]]

 [[422  24]]

 [[421  24]]

 [[420  24]]

 [[419  24]]

 [[418  24]]

 [[417  24]]

 [[416  23]]

 [[415  23]]

 [[414  22]]

 [[413  22]]

 [[412  22]]]
[[[  0   0]]

 [[251  21]]

 [[251  22]]

 [[251  23]]

 [[252  24]]

 [[252  25]]

 [[251  26]]

 [[250  27]]

 [[250  28]]

 [[250  29]]

 [[250  30]]

 [[251  31]]

 [[252  32]]

 [[251  33]]

 [[251  34]]

 [[252  35]]

 [[252  36]]

 [[252  37]]

 [[253  38]]

 [[253  39]]

 [[253  40]]

 [[253  41]]

 [[254  42]]

 [[254  43]]

 [[254  44]]

 [[254  45]]

 [[254  46]]

 [[254  47]]

 [[253  48]]

 [[253  49]]

 [[254  50]]

 [[255  51]]

 [[256  52]]

 [[257  52]]

 [[258  53]]

 [[259  53]]

 [[260  54]]

 [[261  54]]

 [[262  54]]

 [[263  55]]

 [[264  55]]

 [[265  55]]

 [[266  55]]

 [[267  55]]

 [[268  56]]

 [[269  56]]

 [[270  56]]

 [[271  56]]

 [[272  56]]

 [[273  56]]

 [[274  57]]

 [[275  57]]

 [[276  57]]

 [[277  57]]

 [[278  57]]

 [[279  57]]

 [[280  57]]

 [[281  57]]

 [[282  57]]

 [[283  57]]

 [[284  57]]

 [[285  57]]

 [[286  57]]

 [[287  57]]

 [[288  57]]

 [[289  57]]

 [[290  57]]

 [[291  57]]

 [[292  57]]

 [[293  57]]

 [[294  57]]

 [[295  57]]

 [[296  57]]

 [[297  57]]

 [[298  57]]

 [[299  56]]

 [[300  56]]

 [[301  56]]

 [[302  55]]

 [[303  55]]

 [[304  54]]

 [[305  54]]

 [[306  54]]

 [[307  53]]

 [[308  52]]

 [[308  51]]

 [[308  50]]

 [[308  49]]

 [[308  48]]

 [[307  47]]

 [[307  46]]

 [[307  45]]

 [[308  44]]

 [[308  43]]

 [[308  42]]

 [[308  41]]

 [[308  40]]

 [[308  39]]

 [[309  38]]

 [[309  37]]

 [[309  36]]

 [[309  35]]

 [[309  34]]

 [[309  33]]

 [[308  33]]

 [[307  34]]

 [[306  35]]

 [[305  36]]

 [[304  36]]

 [[303  37]]

 [[302  37]]

 [[301  37]]

 [[300  38]]

 [[299  38]]

 [[298  38]]

 [[297  38]]

 [[296  39]]

 [[295  39]]

 [[294  39]]

 [[293  40]]

 [[292  40]]

 [[291  40]]

 [[290  40]]

 [[289  40]]

 [[288  40]]

 [[287  40]]

 [[286  40]]

 [[285  40]]

 [[284  40]]

 [[283  40]]

 [[282  40]]

 [[281  40]]

 [[280  40]]

 [[279  40]]

 [[278  40]]

 [[277  39]]

 [[276  39]]

 [[275  39]]

 [[274  39]]

 [[273  39]]

 [[272  39]]

 [[271  39]]

 [[270  39]]

 [[269  39]]

 [[268  39]]

 [[267  39]]

 [[266  38]]

 [[265  38]]

 [[264  38]]

 [[263  38]]

 [[262  38]]

 [[261  37]]

 [[260  37]]

 [[259  37]]

 [[258  36]]

 [[257  36]]

 [[256  35]]

 [[255  35]]

 [[254  34]]

 [[253  33]]

 [[253  32]]

 [[253  31]]

 [[253  30]]

 [[253  29]]

 [[254  28]]

 [[254  27]]

 [[253  26]]

 [[253  25]]

 [[253  24]]

 [[253  23]]

 [[253  22]]

 [[252  21]]]
[[[  0   0]]

 [[341  16]]

 [[340  16]]

 [[339  17]]

 [[338  18]]

 [[337  19]]

 [[336  20]]

 [[335  21]]

 [[334  22]]

 [[333  23]]

 [[332  23]]

 [[331  24]]

 [[332  25]]

 [[333  25]]

 [[333  24]]

 [[334  23]]

 [[335  22]]

 [[336  22]]

 [[337  22]]

 [[338  23]]

 [[339  23]]

 [[340  23]]

 [[341  23]]

 [[342  23]]

 [[343  23]]

 [[344  23]]

 [[345  23]]

 [[346  24]]

 [[347  24]]

 [[348  24]]

 [[349  24]]

 [[350  24]]

 [[351  24]]

 [[352  24]]

 [[353  25]]

 [[354  25]]

 [[355  25]]

 [[356  25]]

 [[357  25]]

 [[358  25]]

 [[359  25]]

 [[360  26]]

 [[361  26]]

 [[362  26]]

 [[363  26]]

 [[364  27]]

 [[365  27]]

 [[366  27]]

 [[367  27]]

 [[368  27]]

 [[369  27]]

 [[370  27]]

 [[371  27]]

 [[372  27]]

 [[373  27]]

 [[374  28]]

 [[375  28]]

 [[376  28]]

 [[377  28]]

 [[378  28]]

 [[379  28]]

 [[380  28]]

 [[381  28]]

 [[382  28]]

 [[383  28]]

 [[384  28]]

 [[385  28]]

 [[386  28]]

 [[387  28]]

 [[388  28]]

 [[389  28]]

 [[390  29]]

 [[391  30]]

 [[392  31]]

 [[392  32]]

 [[392  33]]

 [[392  34]]

 [[392  35]]

 [[392  36]]

 [[393  37]]

 [[393  36]]

 [[394  35]]

 [[394  34]]

 [[394  33]]

 [[394  32]]

 [[394  31]]

 [[393  30]]

 [[393  29]]

 [[393  28]]

 [[392  27]]

 [[392  26]]

 [[391  27]]

 [[390  27]]

 [[389  27]]

 [[388  26]]

 [[387  25]]

 [[386  25]]

 [[385  25]]

 [[384  25]]

 [[383  25]]

 [[382  25]]

 [[381  25]]

 [[380  25]]

 [[379  24]]

 [[378  24]]

 [[377  24]]

 [[376  24]]

 [[375  24]]

 [[374  24]]

 [[373  24]]

 [[372  24]]

 [[371  24]]

 [[370  24]]

 [[369  23]]

 [[368  23]]

 [[367  23]]

 [[366  23]]

 [[365  23]]

 [[364  23]]

 [[363  24]]

 [[362  24]]

 [[361  23]]

 [[360  23]]

 [[359  22]]

 [[358  22]]

 [[357  22]]

 [[356  21]]

 [[355  21]]

 [[354  21]]

 [[353  21]]

 [[352  21]]

 [[351  21]]

 [[350  21]]

 [[349  21]]

 [[348  21]]

 [[347  20]]

 [[346  20]]

 [[345  20]]

 [[344  20]]

 [[343  20]]

 [[342  20]]

 [[341  19]]

 [[342  18]]

 [[343  17]]

 [[344  17]]

 [[345  17]]

 [[346  17]]

 [[347  17]]

 [[348  18]]

 [[349  18]]

 [[350  18]]

 [[351  18]]

 [[352  18]]

 [[353  18]]

 [[354  18]]

 [[355  18]]

 [[356  18]]

 [[357  19]]

 [[358  19]]

 [[359  19]]

 [[360  19]]

 [[361  19]]

 [[362  18]]

 [[362  17]]

 [[362  16]]

 [[361  16]]

 [[360  16]]

 [[359  16]]

 [[358  16]]

 [[357  16]]

 [[356  16]]

 [[355  16]]

 [[354  16]]

 [[353  15]]

 [[352  15]]

 [[351  15]]

 [[350  15]]

 [[349  15]]

 [[348  15]]

 [[347  15]]

 [[346  15]]

 [[345  15]]

 [[344  15]]

 [[343  15]]]
[[[  0   0]]

 [[136   8]]

 [[135   8]]

 [[135   9]]

 [[134  10]]

 [[134  11]]

 [[133  12]]

 [[132  13]]

 [[131  14]]

 [[130  14]]

 [[129  14]]

 [[128  13]]

 [[127  13]]

 [[126  13]]

 [[125  13]]

 [[124  12]]

 [[123  12]]

 [[122  12]]

 [[121  12]]

 [[120  12]]

 [[119  12]]

 [[118  12]]

 [[117  13]]

 [[116  13]]

 [[115  14]]

 [[115  15]]

 [[115  16]]

 [[116  16]]

 [[117  16]]

 [[118  16]]

 [[119  16]]

 [[120  17]]

 [[121  17]]

 [[122  17]]

 [[123  17]]

 [[124  17]]

 [[125  17]]

 [[126  17]]

 [[127  17]]

 [[128  17]]

 [[129  17]]

 [[130  17]]

 [[131  17]]

 [[132  17]]

 [[133  17]]

 [[134  17]]

 [[135  17]]

 [[136  17]]

 [[137  17]]

 [[138  17]]

 [[139  17]]

 [[140  17]]

 [[141  17]]

 [[142  17]]

 [[143  17]]

 [[144  17]]

 [[145  17]]

 [[146  17]]

 [[147  17]]

 [[148  17]]

 [[149  17]]

 [[150  17]]

 [[151  17]]

 [[152  17]]

 [[153  17]]

 [[154  17]]

 [[155  17]]

 [[156  17]]

 [[157  17]]

 [[158  17]]

 [[159  17]]

 [[160  17]]

 [[161  17]]

 [[162  17]]

 [[163  16]]

 [[162  16]]

 [[161  15]]

 [[160  15]]

 [[159  14]]

 [[158  14]]

 [[157  14]]

 [[156  13]]

 [[155  13]]

 [[154  13]]

 [[153  13]]

 [[152  13]]

 [[151  13]]

 [[150  13]]

 [[149  13]]

 [[148  13]]

 [[147  13]]

 [[146  13]]

 [[145  13]]

 [[144  13]]

 [[143  13]]

 [[142  13]]

 [[141  13]]

 [[140  13]]

 [[139  13]]

 [[138  12]]

 [[137  11]]

 [[138  10]]

 [[139  10]]

 [[140   9]]

 [[141   8]]

 [[142   7]]

 [[141   7]]

 [[140   7]]

 [[139   7]]

 [[138   7]]]
[[[  0   0]]

 [[209   6]]

 [[208   6]]

 [[207   6]]

 [[206   6]]

 [[205   7]]

 [[204   8]]

 [[204   9]]

 [[203  10]]

 [[203  11]]

 [[203  12]]

 [[203  13]]

 [[202  14]]

 [[201  15]]

 [[200  14]]

 [[199  13]]

 [[198  12]]

 [[197  12]]

 [[196  12]]

 [[195  12]]

 [[194  13]]

 [[193  13]]

 [[192  12]]

 [[193  11]]

 [[194  10]]

 [[195  10]]

 [[196  10]]

 [[197  10]]

 [[198  10]]

 [[199  10]]

 [[199   9]]

 [[199   8]]

 [[198   8]]

 [[197   8]]

 [[196   8]]

 [[195   8]]

 [[194   8]]

 [[193   8]]

 [[192   8]]

 [[191   9]]

 [[190   9]]

 [[189  10]]

 [[188  10]]

 [[187  10]]

 [[186  11]]

 [[185  12]]

 [[184  12]]

 [[183  12]]

 [[182  12]]

 [[181  13]]

 [[180  13]]

 [[180  14]]

 [[180  15]]

 [[181  15]]

 [[182  16]]

 [[183  16]]

 [[184  16]]

 [[185  16]]

 [[186  16]]

 [[187  17]]

 [[188  17]]

 [[189  17]]

 [[190  17]]

 [[191  17]]

 [[192  17]]

 [[193  17]]

 [[194  17]]

 [[195  17]]

 [[196  17]]

 [[197  16]]

 [[198  16]]

 [[199  16]]

 [[200  16]]

 [[201  16]]

 [[202  17]]

 [[203  17]]

 [[204  17]]

 [[205  17]]

 [[206  17]]

 [[207  17]]

 [[208  17]]

 [[209  17]]

 [[210  17]]

 [[211  17]]

 [[212  17]]

 [[213  17]]

 [[214  17]]

 [[215  17]]

 [[216  17]]

 [[217  17]]

 [[218  17]]

 [[219  17]]

 [[220  17]]

 [[221  17]]

 [[222  17]]

 [[223  17]]

 [[224  17]]

 [[225  17]]

 [[226  17]]

 [[227  17]]

 [[228  17]]

 [[229  17]]

 [[230  16]]

 [[231  16]]

 [[231  15]]

 [[230  15]]

 [[229  14]]

 [[228  13]]

 [[227  13]]

 [[226  13]]

 [[225  13]]

 [[224  13]]

 [[223  13]]

 [[222  13]]

 [[221  13]]

 [[220  13]]

 [[219  13]]

 [[218  13]]

 [[217  13]]

 [[216  13]]

 [[215  13]]

 [[214  13]]

 [[213  13]]

 [[212  13]]

 [[211  13]]

 [[210  13]]

 [[209  13]]

 [[208  13]]

 [[207  13]]

 [[206  12]]

 [[205  11]]

 [[205  10]]

 [[206   9]]

 [[207   8]]

 [[208   7]]

 [[209   6]]

 [[210   7]]

 [[210   8]]

 [[211   9]]

 [[212  10]]

 [[213  10]]

 [[214  10]]

 [[215  10]]

 [[216  10]]

 [[217  10]]

 [[218  10]]

 [[219  10]]

 [[220  10]]

 [[221  10]]

 [[222  10]]

 [[223  10]]

 [[224  10]]

 [[225  10]]

 [[226  10]]

 [[227  11]]

 [[228  11]]

 [[229  11]]

 [[230  11]]

 [[231  11]]

 [[232  11]]

 [[233  10]]

 [[233   9]]

 [[232   8]]

 [[231   8]]

 [[230   8]]

 [[229   8]]

 [[228   8]]

 [[227   8]]

 [[226   8]]

 [[225   8]]

 [[224   8]]

 [[223   8]]

 [[222   7]]

 [[221   7]]

 [[220   7]]

 [[219   7]]

 [[218   7]]

 [[217   7]]

 [[216   6]]

 [[215   6]]

 [[214   6]]

 [[213   5]]

 [[212   5]]

 [[211   5]]]
