[[[  0   0]]

 [[610 118]]

 [[609 119]]

 [[608 120]]

 [[607 121]]

 [[607 122]]

 [[607 123]]

 [[607 124]]

 [[607 125]]

 [[607 126]]

 [[607 127]]

 [[607 128]]

 [[607 129]]

 [[608 130]]

 [[609 131]]

 [[609 132]]

 [[610 133]]

 [[610 134]]

 [[611 135]]

 [[612 136]]

 [[612 137]]

 [[613 138]]

 [[614 139]]

 [[615 140]]

 [[616 141]]

 [[616 142]]

 [[617 142]]

 [[618 143]]

 [[619 143]]

 [[620 143]]

 [[621 144]]

 [[622 144]]

 [[623 145]]

 [[624 145]]

 [[625 145]]

 [[626 145]]

 [[627 145]]

 [[628 146]]

 [[629 146]]

 [[630 147]]

 [[631 147]]

 [[632 147]]

 [[633 147]]

 [[634 148]]

 [[635 148]]

 [[636 148]]

 [[637 149]]

 [[638 149]]

 [[638 148]]

 [[638 147]]

 [[638 146]]

 [[638 145]]

 [[638 144]]

 [[638 143]]

 [[638 142]]

 [[638 141]]

 [[638 140]]

 [[638 139]]

 [[637 139]]

 [[636 138]]

 [[635 138]]

 [[634 138]]

 [[633 137]]

 [[632 137]]

 [[631 137]]

 [[630 136]]

 [[629 136]]

 [[628 136]]

 [[627 135]]

 [[626 135]]

 [[625 135]]

 [[624 135]]

 [[623 134]]

 [[622 134]]

 [[621 133]]

 [[620 132]]

 [[619 131]]

 [[618 130]]

 [[617 129]]

 [[616 128]]

 [[615 127]]

 [[615 126]]

 [[614 125]]

 [[614 124]]

 [[613 123]]

 [[612 122]]

 [[612 121]]

 [[611 120]]

 [[611 119]]

 [[611 118]]]
[[[  0   0]]

 [[536 101]]

 [[536 102]]

 [[536 103]]

 [[535 104]]

 [[534 105]]

 [[533 106]]

 [[533 107]]

 [[533 108]]

 [[533 109]]

 [[533 110]]

 [[534 111]]

 [[534 112]]

 [[534 113]]

 [[534 114]]

 [[535 115]]

 [[535 116]]

 [[536 117]]

 [[537 118]]

 [[537 119]]

 [[538 119]]

 [[539 120]]

 [[540 121]]

 [[541 122]]

 [[542 122]]

 [[543 123]]

 [[544 124]]

 [[545 125]]

 [[546 125]]

 [[547 125]]

 [[548 126]]

 [[549 126]]

 [[550 126]]

 [[551 127]]

 [[552 128]]

 [[553 128]]

 [[554 129]]

 [[555 129]]

 [[556 129]]

 [[557 130]]

 [[558 130]]

 [[559 130]]

 [[560 130]]

 [[561 131]]

 [[562 131]]

 [[563 131]]

 [[564 132]]

 [[565 132]]

 [[566 132]]

 [[567 132]]

 [[568 132]]

 [[569 133]]

 [[570 133]]

 [[571 133]]

 [[572 133]]

 [[573 133]]

 [[574 133]]

 [[575 133]]

 [[576 133]]

 [[577 133]]

 [[578 133]]

 [[579 133]]

 [[580 133]]

 [[581 133]]

 [[582 133]]

 [[583 133]]

 [[584 133]]

 [[585 133]]

 [[586 132]]

 [[587 131]]

 [[587 130]]

 [[588 129]]

 [[588 128]]

 [[589 127]]

 [[589 126]]

 [[589 125]]

 [[590 124]]

 [[590 123]]

 [[589 123]]

 [[588 123]]

 [[587 123]]

 [[586 123]]

 [[585 124]]

 [[584 124]]

 [[583 124]]

 [[582 124]]

 [[581 124]]

 [[580 123]]

 [[579 123]]

 [[578 123]]

 [[577 123]]

 [[576 123]]

 [[575 123]]

 [[574 123]]

 [[573 123]]

 [[572 123]]

 [[571 122]]

 [[570 122]]

 [[569 122]]

 [[568 122]]

 [[567 122]]

 [[566 121]]

 [[565 121]]

 [[564 121]]

 [[563 121]]

 [[562 120]]

 [[561 120]]

 [[560 120]]

 [[559 119]]

 [[558 119]]

 [[557 118]]

 [[556 118]]

 [[555 118]]

 [[554 117]]

 [[553 117]]

 [[552 117]]

 [[551 116]]

 [[550 116]]

 [[549 115]]

 [[548 115]]

 [[547 115]]

 [[546 114]]

 [[545 113]]

 [[544 112]]

 [[543 112]]

 [[542 111]]

 [[541 110]]

 [[540 109]]

 [[539 108]]

 [[539 107]]

 [[539 106]]

 [[538 105]]

 [[538 104]]

 [[537 103]]

 [[537 102]]

 [[537 101]]

 [[537 100]]]
[[[  0   0]]

 [[117  98]]

 [[117  99]]

 [[116 100]]

 [[115  99]]

 [[114  98]]

 [[113  98]]

 [[113  99]]

 [[112 100]]

 [[112 101]]

 [[112 102]]

 [[111 103]]

 [[110 104]]

 [[109 104]]

 [[108 104]]

 [[107 105]]

 [[106 106]]

 [[105 107]]

 [[104 107]]

 [[103 106]]

 [[103 107]]

 [[104 108]]

 [[104 109]]

 [[104 110]]

 [[103 111]]

 [[102 111]]

 [[101 111]]

 [[100 112]]

 [[ 99 113]]

 [[ 98 113]]

 [[ 97 114]]

 [[ 96 114]]

 [[ 95 115]]

 [[ 94 115]]

 [[ 94 116]]

 [[ 94 117]]

 [[ 93 118]]

 [[ 93 119]]

 [[ 92 120]]

 [[ 91 120]]

 [[ 90 121]]

 [[ 89 122]]

 [[ 89 123]]

 [[ 89 124]]

 [[ 88 125]]

 [[ 87 126]]

 [[ 87 127]]

 [[ 87 128]]

 [[ 86 129]]

 [[ 85 129]]

 [[ 84 130]]

 [[ 84 131]]

 [[ 83 132]]

 [[ 82 133]]

 [[ 82 134]]

 [[ 81 135]]

 [[ 80 135]]

 [[ 79 135]]

 [[ 78 135]]

 [[ 77 135]]

 [[ 76 135]]

 [[ 76 136]]

 [[ 75 137]]

 [[ 74 137]]

 [[ 73 137]]

 [[ 72 138]]

 [[ 71 139]]

 [[ 70 140]]

 [[ 69 140]]

 [[ 69 141]]

 [[ 68 142]]

 [[ 67 142]]

 [[ 66 142]]

 [[ 65 142]]

 [[ 64 142]]

 [[ 63 142]]

 [[ 62 143]]

 [[ 62 144]]

 [[ 61 145]]

 [[ 60 146]]

 [[ 59 146]]

 [[ 58 146]]

 [[ 58 147]]

 [[ 58 148]]

 [[ 57 149]]

 [[ 56 150]]

 [[ 56 151]]

 [[ 55 152]]

 [[ 54 153]]

 [[ 53 154]]

 [[ 52 153]]

 [[ 51 152]]

 [[ 50 152]]

 [[ 50 153]]

 [[ 49 154]]

 [[ 49 155]]

 [[ 48 156]]

 [[ 48 157]]

 [[ 48 158]]

 [[ 47 159]]

 [[ 48 160]]

 [[ 48 161]]

 [[ 47 162]]

 [[ 46 161]]

 [[ 45 161]]

 [[ 44 161]]

 [[ 43 161]]

 [[ 42 162]]

 [[ 42 163]]

 [[ 42 164]]

 [[ 41 165]]

 [[ 40 165]]

 [[ 39 166]]

 [[ 38 166]]

 [[ 37 166]]

 [[ 37 167]]

 [[ 36 168]]

 [[ 35 168]]

 [[ 34 169]]

 [[ 33 169]]

 [[ 32 169]]

 [[ 31 170]]

 [[ 31 171]]

 [[ 31 172]]

 [[ 30 173]]

 [[ 30 174]]

 [[ 30 175]]

 [[ 30 176]]

 [[ 29 177]]

 [[ 28 177]]

 [[ 27 177]]

 [[ 27 178]]

 [[ 26 179]]

 [[ 25 180]]

 [[ 24 180]]

 [[ 23 180]]

 [[ 22 180]]

 [[ 21 181]]

 [[ 20 181]]

 [[ 19 181]]

 [[ 18 182]]

 [[ 17 183]]

 [[ 17 184]]

 [[ 17 185]]

 [[ 16 186]]

 [[ 15 186]]

 [[ 14 187]]

 [[ 13 188]]

 [[ 12 189]]

 [[ 11 189]]

 [[ 10 189]]

 [[  9 189]]

 [[  8 189]]

 [[  7 189]]

 [[  7 190]]

 [[  7 191]]

 [[  7 192]]

 [[  7 193]]

 [[  7 194]]

 [[  7 195]]

 [[  6 196]]

 [[  5 196]]

 [[  5 197]]

 [[  4 198]]

 [[  3 199]]

 [[  2 199]]

 [[  1 199]]

 [[  1 200]]

 [[  1 201]]

 [[  1 202]]

 [[  1 203]]

 [[  1 204]]

 [[  1 205]]

 [[  1 206]]

 [[  1 207]]

 [[  1 208]]

 [[  1 209]]

 [[  2 209]]

 [[  3 209]]

 [[  4 209]]

 [[  4 208]]

 [[  5 207]]

 [[  5 206]]

 [[  6 205]]

 [[  6 204]]

 [[  7 203]]

 [[  8 203]]

 [[  9 203]]

 [[ 10 203]]

 [[ 11 203]]

 [[ 12 203]]

 [[ 13 202]]

 [[ 14 201]]

 [[ 14 200]]

 [[ 15 199]]

 [[ 15 198]]

 [[ 16 197]]

 [[ 16 196]]

 [[ 16 195]]

 [[ 17 194]]

 [[ 18 193]]

 [[ 19 193]]

 [[ 20 193]]

 [[ 21 192]]

 [[ 21 191]]

 [[ 21 190]]

 [[ 22 189]]

 [[ 23 188]]

 [[ 24 187]]

 [[ 24 186]]

 [[ 25 185]]

 [[ 26 184]]

 [[ 27 184]]

 [[ 28 184]]

 [[ 29 183]]

 [[ 30 183]]

 [[ 31 183]]

 [[ 32 182]]

 [[ 33 182]]

 [[ 34 182]]

 [[ 35 181]]

 [[ 35 180]]

 [[ 36 179]]

 [[ 36 178]]

 [[ 37 177]]

 [[ 37 176]]

 [[ 38 175]]

 [[ 38 174]]

 [[ 38 173]]

 [[ 38 172]]

 [[ 38 171]]

 [[ 39 170]]

 [[ 40 170]]

 [[ 41 170]]

 [[ 42 169]]

 [[ 43 169]]

 [[ 44 168]]

 [[ 45 168]]

 [[ 46 168]]

 [[ 47 167]]

 [[ 48 166]]

 [[ 49 166]]

 [[ 50 166]]

 [[ 51 166]]

 [[ 52 165]]

 [[ 53 165]]

 [[ 53 164]]

 [[ 53 163]]

 [[ 53 162]]

 [[ 52 162]]

 [[ 51 161]]

 [[ 51 160]]

 [[ 51 159]]

 [[ 52 158]]

 [[ 53 158]]

 [[ 54 157]]

 [[ 55 156]]

 [[ 56 155]]

 [[ 57 155]]

 [[ 58 155]]

 [[ 59 154]]

 [[ 60 154]]

 [[ 61 154]]

 [[ 62 154]]

 [[ 63 154]]

 [[ 64 154]]

 [[ 65 153]]

 [[ 65 152]]

 [[ 65 151]]

 [[ 65 150]]

 [[ 66 149]]

 [[ 67 149]]

 [[ 68 148]]

 [[ 69 148]]

 [[ 70 149]]

 [[ 71 149]]

 [[ 72 149]]

 [[ 72 148]]

 [[ 72 147]]

 [[ 73 146]]

 [[ 74 146]]

 [[ 74 145]]

 [[ 75 144]]

 [[ 75 143]]

 [[ 76 142]]

 [[ 77 141]]

 [[ 78 140]]

 [[ 79 140]]

 [[ 80 141]]

 [[ 80 142]]

 [[ 81 142]]

 [[ 82 142]]

 [[ 82 141]]

 [[ 83 140]]

 [[ 84 140]]

 [[ 85 139]]

 [[ 86 138]]

 [[ 87 137]]

 [[ 87 136]]

 [[ 88 135]]

 [[ 89 134]]

 [[ 90 133]]

 [[ 90 132]]

 [[ 90 131]]

 [[ 91 130]]

 [[ 91 129]]

 [[ 92 128]]

 [[ 93 128]]

 [[ 94 127]]

 [[ 95 127]]

 [[ 96 126]]

 [[ 96 125]]

 [[ 96 124]]

 [[ 96 123]]

 [[ 96 122]]

 [[ 95 121]]

 [[ 96 120]]

 [[ 97 119]]

 [[ 98 119]]

 [[ 99 119]]

 [[100 119]]

 [[101 119]]

 [[102 119]]

 [[103 118]]

 [[104 118]]

 [[105 117]]

 [[106 116]]

 [[107 115]]

 [[108 115]]

 [[109 114]]

 [[110 113]]

 [[111 112]]

 [[111 111]]

 [[111 110]]

 [[112 109]]

 [[112 108]]

 [[112 107]]

 [[112 106]]

 [[112 105]]

 [[113 104]]

 [[114 103]]

 [[115 103]]

 [[116 103]]

 [[117 104]]

 [[118 105]]

 [[119 105]]

 [[119 104]]

 [[120 103]]

 [[121 102]]

 [[121 101]]

 [[121 100]]

 [[120 100]]

 [[119  99]]

 [[119  98]]

 [[119  97]]

 [[118  97]]]
