[[[  0   0]]

 [[507 119]]

 [[506 120]]

 [[506 121]]

 [[506 122]]

 [[506 123]]

 [[506 124]]

 [[506 125]]

 [[506 126]]

 [[506 127]]

 [[506 128]]

 [[506 129]]

 [[506 130]]

 [[507 131]]

 [[508 132]]

 [[509 133]]

 [[510 134]]

 [[511 134]]

 [[512 135]]

 [[513 135]]

 [[514 135]]

 [[515 136]]

 [[516 136]]

 [[517 137]]

 [[518 137]]

 [[519 137]]

 [[520 138]]

 [[521 138]]

 [[522 138]]

 [[523 139]]

 [[524 139]]

 [[525 139]]

 [[526 139]]

 [[527 140]]

 [[528 140]]

 [[529 141]]

 [[530 141]]

 [[531 141]]

 [[532 141]]

 [[533 142]]

 [[534 142]]

 [[535 142]]

 [[536 142]]

 [[537 143]]

 [[537 144]]

 [[538 145]]

 [[537 146]]

 [[538 147]]

 [[538 148]]

 [[538 149]]

 [[538 150]]

 [[538 151]]

 [[539 152]]

 [[540 152]]

 [[541 153]]

 [[542 153]]

 [[543 154]]

 [[544 155]]

 [[545 156]]

 [[546 156]]

 [[547 157]]

 [[548 157]]

 [[549 157]]

 [[550 158]]

 [[551 159]]

 [[552 159]]

 [[553 160]]

 [[554 160]]

 [[555 160]]

 [[556 161]]

 [[557 161]]

 [[558 161]]

 [[559 161]]

 [[560 162]]

 [[561 162]]

 [[562 162]]

 [[563 162]]

 [[564 163]]

 [[565 163]]

 [[566 163]]

 [[567 164]]

 [[568 164]]

 [[569 164]]

 [[570 164]]

 [[571 164]]

 [[572 164]]

 [[573 164]]

 [[574 164]]

 [[575 164]]

 [[576 164]]

 [[577 164]]

 [[578 164]]

 [[579 164]]

 [[580 164]]

 [[581 164]]

 [[581 163]]

 [[581 162]]

 [[581 161]]

 [[581 160]]

 [[581 159]]

 [[581 158]]

 [[582 157]]

 [[582 156]]

 [[582 155]]

 [[582 154]]

 [[583 153]]

 [[583 152]]

 [[584 151]]

 [[585 150]]

 [[585 149]]

 [[584 149]]

 [[583 149]]

 [[582 149]]

 [[581 149]]

 [[580 150]]

 [[579 150]]

 [[578 150]]

 [[577 150]]

 [[576 150]]

 [[575 150]]

 [[574 150]]

 [[573 150]]

 [[572 150]]

 [[571 150]]

 [[570 150]]

 [[569 149]]

 [[568 149]]

 [[567 149]]

 [[566 149]]

 [[565 149]]

 [[564 149]]

 [[563 149]]

 [[562 148]]

 [[561 148]]

 [[560 148]]

 [[559 147]]

 [[559 146]]

 [[558 145]]

 [[557 145]]

 [[556 145]]

 [[555 145]]

 [[554 145]]

 [[553 145]]

 [[552 144]]

 [[551 144]]

 [[550 143]]

 [[549 142]]

 [[548 142]]

 [[547 141]]

 [[546 141]]

 [[545 141]]

 [[544 140]]

 [[543 140]]

 [[542 139]]

 [[541 138]]

 [[541 137]]

 [[541 136]]

 [[541 135]]

 [[541 134]]

 [[541 133]]

 [[541 132]]

 [[541 131]]

 [[541 130]]

 [[541 129]]

 [[540 129]]

 [[539 129]]

 [[538 129]]

 [[537 129]]

 [[536 129]]

 [[535 129]]

 [[534 128]]

 [[533 128]]

 [[532 128]]

 [[531 128]]

 [[530 128]]

 [[529 128]]

 [[528 128]]

 [[527 127]]

 [[526 127]]

 [[525 127]]

 [[524 126]]

 [[523 125]]

 [[522 124]]

 [[521 124]]

 [[520 124]]

 [[519 124]]

 [[518 124]]

 [[517 123]]

 [[516 123]]

 [[515 122]]

 [[514 121]]

 [[513 121]]

 [[512 120]]

 [[511 119]]

 [[510 119]]

 [[509 118]]

 [[508 118]]]
[[[  0   0]]

 [[516  91]]

 [[516  92]]

 [[516  93]]

 [[516  94]]

 [[516  95]]

 [[516  96]]

 [[516  97]]

 [[516  98]]

 [[516  99]]

 [[515 100]]

 [[515 101]]

 [[515 102]]

 [[515 103]]

 [[515 104]]

 [[516 105]]

 [[517 105]]

 [[518 105]]

 [[519 106]]

 [[520 106]]

 [[521 106]]

 [[522 107]]

 [[523 107]]

 [[524 108]]

 [[525 108]]

 [[526 108]]

 [[527 109]]

 [[528 109]]

 [[529 110]]

 [[530 110]]

 [[531 110]]

 [[532 110]]

 [[533 111]]

 [[534 111]]

 [[535 111]]

 [[536 111]]

 [[537 111]]

 [[538 112]]

 [[539 112]]

 [[540 112]]

 [[541 112]]

 [[542 112]]

 [[543 112]]

 [[544 113]]

 [[545 114]]

 [[546 115]]

 [[546 116]]

 [[546 117]]

 [[546 118]]

 [[546 119]]

 [[547 120]]

 [[547 121]]

 [[548 122]]

 [[549 122]]

 [[550 123]]

 [[551 123]]

 [[552 124]]

 [[553 124]]

 [[554 124]]

 [[555 125]]

 [[556 125]]

 [[557 126]]

 [[558 126]]

 [[559 127]]

 [[560 127]]

 [[561 127]]

 [[562 127]]

 [[563 128]]

 [[564 128]]

 [[565 129]]

 [[566 130]]

 [[567 130]]

 [[568 131]]

 [[569 131]]

 [[570 131]]

 [[571 131]]

 [[572 131]]

 [[573 131]]

 [[574 131]]

 [[575 132]]

 [[576 132]]

 [[577 132]]

 [[578 132]]

 [[579 132]]

 [[580 132]]

 [[581 132]]

 [[582 132]]

 [[583 132]]

 [[584 132]]

 [[585 132]]

 [[586 132]]

 [[587 132]]

 [[588 132]]

 [[589 131]]

 [[589 130]]

 [[589 129]]

 [[589 128]]

 [[590 127]]

 [[590 126]]

 [[590 125]]

 [[590 124]]

 [[590 123]]

 [[590 122]]

 [[590 121]]

 [[591 120]]

 [[591 119]]

 [[591 118]]

 [[591 117]]

 [[590 117]]

 [[589 117]]

 [[588 117]]

 [[587 117]]

 [[586 117]]

 [[585 117]]

 [[584 117]]

 [[583 117]]

 [[582 117]]

 [[581 117]]

 [[580 117]]

 [[579 116]]

 [[578 116]]

 [[577 116]]

 [[576 116]]

 [[575 116]]

 [[574 116]]

 [[573 116]]

 [[572 116]]

 [[571 115]]

 [[570 115]]

 [[569 115]]

 [[568 115]]

 [[567 115]]

 [[566 115]]

 [[565 114]]

 [[564 114]]

 [[563 113]]

 [[562 113]]

 [[561 113]]

 [[560 113]]

 [[559 112]]

 [[558 112]]

 [[557 111]]

 [[556 111]]

 [[555 111]]

 [[554 110]]

 [[553 109]]

 [[552 108]]

 [[552 107]]

 [[551 106]]

 [[551 105]]

 [[551 104]]

 [[551 103]]

 [[550 102]]

 [[550 101]]

 [[550 100]]

 [[549 100]]

 [[548 100]]

 [[547 100]]

 [[546 100]]

 [[545 100]]

 [[544 100]]

 [[543 100]]

 [[542  99]]

 [[541  99]]

 [[540  99]]

 [[539  99]]

 [[538  99]]

 [[537  99]]

 [[536  99]]

 [[535  98]]

 [[534  98]]

 [[533  98]]

 [[532  97]]

 [[531  97]]

 [[530  97]]

 [[529  97]]

 [[528  97]]

 [[527  96]]

 [[526  95]]

 [[525  94]]

 [[524  94]]

 [[523  94]]

 [[522  93]]

 [[521  93]]

 [[520  92]]

 [[519  91]]

 [[518  91]]]
