[[[  0   0]]

 [[ 45 155]]

 [[ 44 155]]

 [[ 43 155]]

 [[ 42 156]]

 [[ 41 156]]

 [[ 40 156]]

 [[ 39 156]]

 [[ 39 157]]

 [[ 38 158]]

 [[ 37 158]]

 [[ 36 159]]

 [[ 35 158]]

 [[ 34 158]]

 [[ 33 158]]

 [[ 33 159]]

 [[ 33 160]]

 [[ 32 161]]

 [[ 31 162]]

 [[ 30 163]]

 [[ 29 163]]

 [[ 28 164]]

 [[ 27 164]]

 [[ 26 164]]

 [[ 25 164]]

 [[ 24 164]]

 [[ 23 164]]

 [[ 22 164]]

 [[ 21 164]]

 [[ 20 164]]

 [[ 19 164]]

 [[ 18 164]]

 [[ 17 165]]

 [[ 16 165]]

 [[ 15 166]]

 [[ 14 167]]

 [[ 13 167]]

 [[ 12 167]]

 [[ 11 167]]

 [[ 10 168]]

 [[  9 168]]

 [[ 10 168]]

 [[ 11 168]]

 [[ 12 169]]

 [[ 13 169]]

 [[ 14 169]]

 [[ 15 169]]

 [[ 16 169]]

 [[ 17 169]]

 [[ 18 169]]

 [[ 19 169]]

 [[ 20 169]]

 [[ 21 169]]

 [[ 22 169]]

 [[ 23 169]]

 [[ 24 169]]

 [[ 25 168]]

 [[ 26 168]]

 [[ 27 167]]

 [[ 28 167]]

 [[ 29 167]]

 [[ 30 167]]

 [[ 31 167]]

 [[ 32 166]]

 [[ 33 166]]

 [[ 34 166]]

 [[ 35 166]]

 [[ 36 165]]

 [[ 37 165]]

 [[ 38 165]]

 [[ 39 164]]

 [[ 40 164]]

 [[ 41 164]]

 [[ 42 163]]

 [[ 43 163]]

 [[ 44 162]]

 [[ 45 162]]

 [[ 46 161]]

 [[ 47 160]]

 [[ 48 160]]

 [[ 49 159]]

 [[ 50 159]]

 [[ 51 158]]

 [[ 51 157]]

 [[ 52 156]]

 [[ 51 155]]

 [[ 50 155]]

 [[ 49 154]]

 [[ 48 154]]

 [[ 47 154]]]
[[[  0   0]]

 [[451 126]]

 [[451 127]]

 [[452 127]]

 [[453 128]]

 [[454 129]]

 [[455 129]]

 [[456 129]]

 [[457 129]]

 [[458 129]]

 [[459 129]]

 [[460 130]]

 [[461 130]]

 [[462 130]]

 [[463 131]]

 [[464 131]]

 [[465 132]]

 [[466 132]]

 [[467 133]]

 [[468 134]]

 [[469 135]]

 [[470 135]]

 [[471 136]]

 [[472 136]]

 [[473 137]]

 [[474 138]]

 [[475 139]]

 [[476 140]]

 [[476 141]]

 [[477 142]]

 [[477 143]]

 [[478 144]]

 [[478 145]]

 [[478 146]]

 [[478 147]]

 [[478 148]]

 [[477 149]]

 [[477 150]]

 [[477 151]]

 [[476 152]]

 [[475 153]]

 [[474 153]]

 [[473 153]]

 [[472 153]]

 [[471 154]]

 [[470 154]]

 [[469 154]]

 [[468 154]]

 [[467 155]]

 [[466 155]]

 [[465 155]]

 [[464 155]]

 [[463 155]]

 [[462 155]]

 [[461 155]]

 [[460 155]]

 [[459 155]]

 [[458 155]]

 [[457 155]]

 [[456 155]]

 [[455 155]]

 [[454 155]]

 [[453 155]]

 [[452 155]]

 [[451 155]]

 [[450 155]]

 [[449 154]]

 [[448 154]]

 [[447 154]]

 [[446 154]]

 [[445 154]]

 [[444 154]]

 [[443 153]]

 [[442 153]]

 [[441 153]]

 [[440 153]]

 [[439 153]]

 [[440 154]]

 [[441 154]]

 [[442 155]]

 [[443 155]]

 [[444 155]]

 [[445 155]]

 [[446 155]]

 [[447 156]]

 [[448 156]]

 [[449 156]]

 [[450 156]]

 [[451 157]]

 [[452 157]]

 [[453 157]]

 [[454 157]]

 [[455 157]]

 [[456 157]]

 [[457 157]]

 [[458 157]]

 [[459 157]]

 [[460 157]]

 [[461 157]]

 [[462 157]]

 [[463 157]]

 [[464 157]]

 [[465 157]]

 [[466 157]]

 [[467 157]]

 [[468 156]]

 [[469 156]]

 [[470 156]]

 [[471 156]]

 [[472 155]]

 [[473 155]]

 [[474 155]]

 [[475 155]]

 [[476 154]]

 [[477 154]]

 [[478 153]]

 [[479 153]]

 [[480 152]]

 [[481 152]]

 [[482 152]]

 [[483 153]]

 [[484 153]]

 [[485 154]]

 [[485 155]]

 [[485 156]]

 [[485 157]]

 [[485 158]]

 [[485 159]]

 [[484 160]]

 [[483 161]]

 [[483 162]]

 [[483 163]]

 [[483 164]]

 [[483 165]]

 [[483 166]]

 [[483 167]]

 [[483 168]]

 [[483 169]]

 [[483 170]]

 [[483 171]]

 [[482 172]]

 [[482 173]]

 [[482 174]]

 [[482 175]]

 [[481 176]]

 [[481 177]]

 [[481 178]]

 [[481 179]]

 [[481 180]]

 [[481 181]]

 [[481 182]]

 [[480 183]]

 [[480 184]]

 [[480 185]]

 [[480 186]]

 [[480 187]]

 [[479 188]]

 [[479 189]]

 [[479 190]]

 [[479 191]]

 [[479 192]]

 [[479 193]]

 [[479 194]]

 [[479 195]]

 [[478 196]]

 [[478 197]]

 [[478 198]]

 [[478 199]]

 [[478 200]]

 [[477 201]]

 [[477 202]]

 [[476 203]]

 [[476 204]]

 [[476 205]]

 [[476 206]]

 [[475 207]]

 [[475 208]]

 [[475 209]]

 [[475 210]]

 [[475 211]]

 [[475 212]]

 [[475 213]]

 [[475 214]]

 [[476 214]]

 [[477 214]]

 [[477 213]]

 [[477 212]]

 [[478 211]]

 [[478 210]]

 [[478 209]]

 [[478 208]]

 [[478 207]]

 [[479 206]]

 [[479 205]]

 [[479 204]]

 [[479 203]]

 [[479 202]]

 [[479 201]]

 [[479 200]]

 [[480 199]]

 [[480 198]]

 [[480 197]]

 [[480 196]]

 [[481 195]]

 [[481 194]]

 [[481 193]]

 [[481 192]]

 [[481 191]]

 [[481 190]]

 [[482 189]]

 [[482 188]]

 [[482 187]]

 [[483 186]]

 [[483 185]]

 [[483 184]]

 [[484 183]]

 [[484 182]]

 [[484 181]]

 [[484 180]]

 [[484 179]]

 [[485 178]]

 [[485 177]]

 [[485 176]]

 [[485 175]]

 [[485 174]]

 [[486 173]]

 [[486 172]]

 [[486 171]]

 [[486 170]]

 [[487 169]]

 [[487 168]]

 [[487 167]]

 [[487 166]]

 [[488 165]]

 [[488 164]]

 [[488 163]]

 [[488 162]]

 [[488 161]]

 [[488 160]]

 [[488 159]]

 [[488 158]]

 [[488 157]]

 [[488 156]]

 [[488 155]]

 [[489 154]]

 [[489 153]]

 [[489 152]]

 [[489 151]]

 [[488 151]]

 [[487 151]]

 [[486 151]]

 [[485 152]]

 [[484 152]]

 [[483 151]]

 [[483 150]]

 [[483 149]]

 [[483 148]]

 [[484 147]]

 [[484 146]]

 [[484 145]]

 [[484 144]]

 [[484 143]]

 [[483 143]]

 [[482 143]]

 [[481 143]]

 [[480 142]]

 [[480 141]]

 [[479 140]]

 [[478 140]]

 [[477 139]]

 [[476 138]]

 [[476 137]]

 [[476 136]]

 [[475 135]]

 [[475 134]]

 [[474 133]]

 [[474 132]]

 [[473 132]]

 [[472 131]]

 [[472 130]]

 [[472 129]]

 [[472 128]]

 [[471 128]]

 [[470 127]]

 [[469 127]]

 [[470 128]]

 [[470 129]]

 [[469 130]]

 [[468 131]]

 [[467 131]]

 [[466 131]]

 [[465 131]]

 [[464 130]]

 [[463 130]]

 [[462 129]]

 [[461 128]]

 [[460 128]]

 [[459 128]]

 [[458 127]]

 [[457 127]]

 [[456 127]]

 [[455 126]]

 [[454 126]]

 [[453 125]]]
[[[  0   0]]

 [[513  88]]

 [[512  89]]

 [[512  90]]

 [[513  91]]

 [[513  92]]

 [[513  93]]

 [[513  94]]

 [[513  95]]

 [[514  96]]

 [[514  97]]

 [[515  97]]

 [[516  97]]

 [[517  98]]

 [[518  98]]

 [[519  98]]

 [[520  99]]

 [[521  99]]

 [[522  99]]

 [[523  99]]

 [[524 100]]

 [[525 100]]

 [[526 100]]

 [[527 101]]

 [[528 101]]

 [[529 102]]

 [[530 102]]

 [[531 102]]

 [[532 102]]

 [[533 103]]

 [[534 103]]

 [[535 103]]

 [[536 103]]

 [[537 103]]

 [[538 104]]

 [[539 104]]

 [[540 104]]

 [[541 104]]

 [[542 104]]

 [[543 104]]

 [[544 104]]

 [[545 104]]

 [[546 104]]

 [[547 105]]

 [[547 106]]

 [[546 107]]

 [[545 107]]

 [[544 107]]

 [[543 108]]

 [[542 108]]

 [[542 109]]

 [[543 109]]

 [[544 109]]

 [[545 108]]

 [[546 108]]

 [[547 107]]

 [[548 107]]

 [[548 106]]

 [[548 105]]

 [[547 104]]

 [[548 103]]

 [[548 102]]

 [[548 101]]

 [[548 100]]

 [[548  99]]

 [[548  98]]

 [[549  97]]

 [[549  96]]

 [[548  96]]

 [[547  96]]

 [[546  96]]

 [[545  97]]

 [[544  97]]

 [[543  97]]

 [[542  97]]

 [[541  97]]

 [[540  97]]

 [[539  97]]

 [[538  97]]

 [[537  97]]

 [[536  96]]

 [[535  96]]

 [[534  95]]

 [[533  95]]

 [[532  95]]

 [[531  94]]

 [[530  94]]

 [[529  94]]

 [[528  94]]

 [[527  94]]

 [[526  93]]

 [[525  93]]

 [[524  93]]

 [[523  93]]

 [[522  92]]

 [[521  92]]

 [[520  91]]

 [[519  91]]

 [[518  91]]

 [[517  91]]

 [[516  90]]

 [[515  89]]

 [[515  88]]]
[[[  0   0]]

 [[425  72]]

 [[425  73]]

 [[425  74]]

 [[424  75]]

 [[423  75]]

 [[422  76]]

 [[422  77]]

 [[422  78]]

 [[421  79]]

 [[420  80]]

 [[420  81]]

 [[420  82]]

 [[419  83]]

 [[419  84]]

 [[419  85]]

 [[419  86]]

 [[420  87]]

 [[421  87]]

 [[421  86]]

 [[422  85]]

 [[421  84]]

 [[421  83]]

 [[421  82]]

 [[421  81]]

 [[421  80]]

 [[421  79]]

 [[422  78]]

 [[423  79]]

 [[424  79]]

 [[425  79]]

 [[426  79]]

 [[427  79]]

 [[428  79]]

 [[429  79]]

 [[430  80]]

 [[431  80]]

 [[432  80]]

 [[433  80]]

 [[434  80]]

 [[435  81]]

 [[436  81]]

 [[437  81]]

 [[438  81]]

 [[439  81]]

 [[440  82]]

 [[441  82]]

 [[442  82]]

 [[443  82]]

 [[444  82]]

 [[445  83]]

 [[446  83]]

 [[447  83]]

 [[448  83]]

 [[449  83]]

 [[450  83]]

 [[451  83]]

 [[452  83]]

 [[453  83]]

 [[454  83]]

 [[455  83]]

 [[456  83]]

 [[457  83]]

 [[458  83]]

 [[459  84]]

 [[459  83]]

 [[459  82]]

 [[459  81]]

 [[459  80]]

 [[459  79]]

 [[458  78]]

 [[458  77]]

 [[457  77]]

 [[456  77]]

 [[455  77]]

 [[454  77]]

 [[453  77]]

 [[452  77]]

 [[451  77]]

 [[450  77]]

 [[449  77]]

 [[448  77]]

 [[447  77]]

 [[446  76]]

 [[445  76]]

 [[444  76]]

 [[443  76]]

 [[442  76]]

 [[441  75]]

 [[440  75]]

 [[439  75]]

 [[438  75]]

 [[437  75]]

 [[436  74]]

 [[435  74]]

 [[434  73]]

 [[433  73]]

 [[432  73]]

 [[431  73]]

 [[430  73]]

 [[429  73]]

 [[428  72]]

 [[427  72]]

 [[426  71]]]
[[[  0   0]]

 [[463  64]]

 [[462  65]]

 [[462  66]]

 [[462  67]]

 [[461  68]]

 [[461  69]]

 [[461  70]]

 [[461  71]]

 [[462  71]]

 [[463  72]]

 [[464  73]]

 [[464  74]]

 [[463  75]]

 [[463  76]]

 [[463  77]]

 [[463  78]]

 [[462  79]]

 [[462  80]]

 [[462  81]]

 [[462  82]]

 [[463  81]]

 [[464  81]]

 [[465  81]]

 [[466  82]]

 [[467  83]]

 [[468  84]]

 [[468  85]]

 [[469  86]]

 [[470  86]]

 [[471  87]]

 [[472  87]]

 [[473  87]]

 [[474  87]]

 [[475  87]]

 [[476  88]]

 [[477  88]]

 [[478  89]]

 [[479  89]]

 [[480  89]]

 [[481  89]]

 [[482  89]]

 [[483  89]]

 [[484  90]]

 [[485  90]]

 [[486  90]]

 [[487  90]]

 [[488  91]]

 [[489  91]]

 [[490  91]]

 [[491  91]]

 [[492  91]]

 [[493  91]]

 [[494  91]]

 [[495  91]]

 [[496  91]]

 [[497  91]]

 [[498  90]]

 [[499  91]]

 [[500  90]]

 [[501  90]]

 [[501  89]]

 [[502  88]]

 [[502  87]]

 [[502  86]]

 [[502  85]]

 [[503  84]]

 [[504  84]]

 [[505  84]]

 [[506  84]]

 [[507  85]]

 [[508  86]]

 [[509  85]]

 [[510  84]]

 [[511  84]]

 [[512  84]]

 [[513  84]]

 [[513  83]]

 [[513  82]]

 [[513  81]]

 [[513  80]]

 [[513  79]]

 [[512  79]]

 [[511  80]]

 [[510  80]]

 [[509  80]]

 [[508  79]]

 [[507  79]]

 [[506  78]]

 [[505  77]]

 [[505  76]]

 [[505  75]]

 [[505  74]]

 [[505  73]]

 [[505  72]]

 [[504  72]]

 [[503  72]]

 [[503  73]]

 [[503  74]]

 [[503  75]]

 [[503  76]]

 [[503  77]]

 [[503  78]]

 [[503  79]]

 [[502  80]]

 [[502  81]]

 [[502  82]]

 [[501  83]]

 [[500  84]]

 [[499  84]]

 [[498  84]]

 [[497  84]]

 [[496  84]]

 [[495  84]]

 [[494  84]]

 [[493  85]]

 [[492  85]]

 [[491  85]]

 [[490  84]]

 [[489  84]]

 [[488  84]]

 [[487  84]]

 [[486  84]]

 [[485  83]]

 [[484  83]]

 [[483  83]]

 [[482  83]]

 [[481  82]]

 [[480  82]]

 [[479  82]]

 [[478  82]]

 [[477  81]]

 [[476  81]]

 [[475  80]]

 [[474  80]]

 [[473  80]]

 [[472  79]]

 [[471  79]]

 [[470  79]]

 [[469  79]]

 [[468  79]]

 [[467  78]]

 [[466  78]]

 [[465  78]]

 [[464  77]]

 [[465  76]]

 [[466  76]]

 [[467  76]]

 [[467  75]]

 [[467  74]]

 [[467  73]]

 [[467  72]]

 [[467  71]]

 [[467  70]]

 [[467  69]]

 [[467  68]]

 [[467  67]]

 [[467  66]]

 [[467  65]]

 [[466  64]]

 [[465  64]]]
[[[  0   0]]

 [[384  64]]

 [[384  65]]

 [[384  66]]

 [[384  67]]

 [[384  68]]

 [[384  69]]

 [[385  70]]

 [[386  70]]

 [[387  71]]

 [[388  71]]

 [[389  71]]

 [[390  71]]

 [[391  72]]

 [[392  72]]

 [[393  72]]

 [[394  73]]

 [[395  73]]

 [[396  73]]

 [[397  73]]

 [[398  73]]

 [[399  73]]

 [[400  74]]

 [[401  74]]

 [[402  74]]

 [[403  74]]

 [[404  74]]

 [[405  74]]

 [[406  74]]

 [[407  75]]

 [[408  75]]

 [[409  75]]

 [[410  75]]

 [[411  75]]

 [[412  75]]

 [[413  75]]

 [[414  75]]

 [[415  75]]

 [[416  74]]

 [[417  74]]

 [[418  73]]

 [[418  72]]

 [[418  71]]

 [[419  70]]

 [[419  69]]

 [[418  69]]

 [[417  69]]

 [[416  68]]

 [[415  68]]

 [[414  68]]

 [[413  68]]

 [[412  68]]

 [[411  68]]

 [[410  68]]

 [[409  68]]

 [[408  67]]

 [[407  67]]

 [[406  67]]

 [[405  67]]

 [[404  67]]

 [[403  67]]

 [[402  67]]

 [[401  67]]

 [[400  66]]

 [[399  66]]

 [[398  66]]

 [[397  66]]

 [[396  66]]

 [[395  65]]

 [[394  65]]

 [[393  65]]

 [[392  65]]

 [[391  65]]

 [[390  64]]

 [[389  64]]

 [[388  64]]

 [[387  64]]

 [[386  63]]]
[[[  0   0]]

 [[520  55]]

 [[519  56]]

 [[519  57]]

 [[519  58]]

 [[518  59]]

 [[517  60]]

 [[516  60]]

 [[516  61]]

 [[516  62]]

 [[517  63]]

 [[517  64]]

 [[517  65]]

 [[518  66]]

 [[518  67]]

 [[518  68]]

 [[518  69]]

 [[518  70]]

 [[518  71]]

 [[519  72]]

 [[519  73]]

 [[520  74]]

 [[521  74]]

 [[522  75]]

 [[523  75]]

 [[524  76]]

 [[525  76]]

 [[526  76]]

 [[527  77]]

 [[528  77]]

 [[529  77]]

 [[530  78]]

 [[531  78]]

 [[532  78]]

 [[533  78]]

 [[534  78]]

 [[535  79]]

 [[536  79]]

 [[537  79]]

 [[538  79]]

 [[539  80]]

 [[540  80]]

 [[541  80]]

 [[542  81]]

 [[543  81]]

 [[544  81]]

 [[545  81]]

 [[546  81]]

 [[547  81]]

 [[548  81]]

 [[549  81]]

 [[550  80]]

 [[551  80]]

 [[552  79]]

 [[553  79]]

 [[554  79]]

 [[555  79]]

 [[556  79]]

 [[557  79]]

 [[558  79]]

 [[559  79]]

 [[560  78]]

 [[561  78]]

 [[562  78]]

 [[563  78]]

 [[564  79]]

 [[565  79]]

 [[566  79]]

 [[566  78]]

 [[565  77]]

 [[564  77]]

 [[563  78]]

 [[562  78]]

 [[561  78]]

 [[560  78]]

 [[559  77]]

 [[558  77]]

 [[557  77]]

 [[556  76]]

 [[555  75]]

 [[555  74]]

 [[554  73]]

 [[554  72]]

 [[553  72]]

 [[552  72]]

 [[551  72]]

 [[550  73]]

 [[549  73]]

 [[548  73]]

 [[547  73]]

 [[546  73]]

 [[545  73]]

 [[544  73]]

 [[543  73]]

 [[542  73]]

 [[541  73]]

 [[540  73]]

 [[539  72]]

 [[538  72]]

 [[537  72]]

 [[536  72]]

 [[535  71]]

 [[534  71]]

 [[533  71]]

 [[532  71]]

 [[531  71]]

 [[530  70]]

 [[529  70]]

 [[528  70]]

 [[527  69]]

 [[526  69]]

 [[525  69]]

 [[524  69]]

 [[523  68]]

 [[522  68]]

 [[521  67]]

 [[520  66]]

 [[519  65]]

 [[519  64]]

 [[519  63]]

 [[519  62]]

 [[518  61]]

 [[518  60]]

 [[518  59]]

 [[519  58]]

 [[520  57]]

 [[520  56]]

 [[521  55]]

 [[521  54]]]
[[[  0   0]]

 [[338  55]]

 [[338  56]]

 [[339  57]]

 [[339  58]]

 [[340  59]]

 [[340  60]]

 [[340  61]]

 [[341  61]]

 [[342  62]]

 [[343  63]]

 [[344  63]]

 [[345  64]]

 [[346  64]]

 [[347  64]]

 [[348  64]]

 [[349  64]]

 [[350  65]]

 [[351  65]]

 [[352  65]]

 [[353  65]]

 [[354  65]]

 [[355  66]]

 [[356  66]]

 [[357  66]]

 [[358  66]]

 [[359  66]]

 [[360  66]]

 [[361  66]]

 [[362  66]]

 [[363  66]]

 [[364  66]]

 [[365  67]]

 [[366  67]]

 [[367  67]]

 [[368  66]]

 [[369  66]]

 [[370  66]]

 [[371  66]]

 [[372  66]]

 [[373  66]]

 [[374  66]]

 [[375  65]]

 [[375  64]]

 [[375  63]]

 [[375  62]]

 [[375  61]]

 [[375  60]]

 [[375  59]]

 [[374  59]]

 [[373  59]]

 [[372  59]]

 [[371  59]]

 [[370  59]]

 [[369  60]]

 [[368  59]]

 [[367  59]]

 [[366  59]]

 [[365  59]]

 [[364  59]]

 [[363  59]]

 [[362  59]]

 [[361  59]]

 [[360  59]]

 [[359  59]]

 [[358  59]]

 [[357  59]]

 [[356  59]]

 [[355  58]]

 [[354  58]]

 [[353  58]]

 [[352  58]]

 [[351  58]]

 [[350  58]]

 [[349  58]]

 [[348  58]]

 [[347  57]]

 [[346  57]]

 [[345  57]]

 [[344  56]]

 [[343  56]]

 [[342  56]]

 [[341  55]]

 [[340  55]]]
[[[  0   0]]

 [[298  47]]

 [[298  48]]

 [[298  49]]

 [[298  50]]

 [[298  51]]

 [[298  52]]

 [[298  53]]

 [[298  54]]

 [[298  55]]

 [[299  55]]

 [[300  55]]

 [[301  56]]

 [[302  56]]

 [[303  56]]

 [[304  57]]

 [[305  57]]

 [[306  57]]

 [[307  57]]

 [[308  58]]

 [[309  58]]

 [[310  58]]

 [[311  58]]

 [[312  58]]

 [[313  58]]

 [[314  58]]

 [[315  58]]

 [[316  58]]

 [[317  59]]

 [[318  59]]

 [[319  59]]

 [[320  59]]

 [[321  59]]

 [[322  59]]

 [[323  59]]

 [[324  59]]

 [[325  59]]

 [[326  58]]

 [[327  58]]

 [[328  58]]

 [[329  58]]

 [[330  57]]

 [[331  57]]

 [[331  56]]

 [[331  55]]

 [[331  54]]

 [[331  53]]

 [[331  52]]

 [[331  51]]

 [[331  50]]

 [[331  49]]

 [[331  48]]

 [[330  48]]

 [[329  48]]

 [[328  48]]

 [[327  48]]

 [[326  49]]

 [[325  49]]

 [[324  49]]

 [[323  49]]

 [[322  49]]

 [[321  49]]

 [[320  49]]

 [[319  49]]

 [[318  49]]

 [[317  49]]

 [[316  49]]

 [[315  49]]

 [[314  49]]

 [[313  49]]

 [[312  49]]

 [[311  49]]

 [[310  48]]

 [[309  48]]

 [[308  48]]

 [[307  48]]

 [[306  48]]

 [[305  47]]

 [[304  47]]

 [[303  47]]

 [[302  47]]

 [[301  47]]

 [[300  46]]

 [[299  46]]]
[[[  0   0]]

 [[252  38]]

 [[251  38]]

 [[250  39]]

 [[249  39]]

 [[248  40]]

 [[247  40]]

 [[246  41]]

 [[245  41]]

 [[244  41]]

 [[243  42]]

 [[242  42]]

 [[241  42]]

 [[240  42]]

 [[239  42]]

 [[238  42]]

 [[237  42]]

 [[236  42]]

 [[235  42]]

 [[234  41]]

 [[233  41]]

 [[232  41]]

 [[231  41]]

 [[230  41]]

 [[229  41]]

 [[228  41]]

 [[227  41]]

 [[226  41]]

 [[225  40]]

 [[224  40]]

 [[223  40]]

 [[222  40]]

 [[221  39]]

 [[220  39]]

 [[219  38]]

 [[218  39]]

 [[219  40]]

 [[219  41]]

 [[219  42]]

 [[219  43]]

 [[219  44]]

 [[219  45]]

 [[219  46]]

 [[218  47]]

 [[218  48]]

 [[219  49]]

 [[220  49]]

 [[221  49]]

 [[222  49]]

 [[223  49]]

 [[224  49]]

 [[225  49]]

 [[226  50]]

 [[227  50]]

 [[228  50]]

 [[229  50]]

 [[230  50]]

 [[231  50]]

 [[232  50]]

 [[233  50]]

 [[234  50]]

 [[235  50]]

 [[236  50]]

 [[237  50]]

 [[238  50]]

 [[239  50]]

 [[240  50]]

 [[241  50]]

 [[242  50]]

 [[243  50]]

 [[244  50]]

 [[245  50]]

 [[246  50]]

 [[247  50]]

 [[248  50]]

 [[249  49]]

 [[250  49]]

 [[251  49]]

 [[252  48]]

 [[253  48]]

 [[254  47]]

 [[254  46]]

 [[254  45]]

 [[255  44]]

 [[256  44]]

 [[257  45]]

 [[256  46]]

 [[257  47]]

 [[257  48]]

 [[257  49]]

 [[258  50]]

 [[258  51]]

 [[259  51]]

 [[260  52]]

 [[261  53]]

 [[262  53]]

 [[263  53]]

 [[264  53]]

 [[265  53]]

 [[266  53]]

 [[267  53]]

 [[268  54]]

 [[269  54]]

 [[270  54]]

 [[271  54]]

 [[272  54]]

 [[273  54]]

 [[274  54]]

 [[275  55]]

 [[276  55]]

 [[277  55]]

 [[278  54]]

 [[279  54]]

 [[280  54]]

 [[281  55]]

 [[282  55]]

 [[283  55]]

 [[284  55]]

 [[285  55]]

 [[286  55]]

 [[287  55]]

 [[288  55]]

 [[289  55]]

 [[289  54]]

 [[289  53]]

 [[290  52]]

 [[290  51]]

 [[290  50]]

 [[290  49]]

 [[290  48]]

 [[290  47]]

 [[289  46]]

 [[289  45]]

 [[288  46]]

 [[287  47]]

 [[286  47]]

 [[285  48]]

 [[284  48]]

 [[283  48]]

 [[282  48]]

 [[281  48]]

 [[280  48]]

 [[279  48]]

 [[278  48]]

 [[277  48]]

 [[276  48]]

 [[275  48]]

 [[274  47]]

 [[273  47]]

 [[272  47]]

 [[271  47]]

 [[270  47]]

 [[269  47]]

 [[268  47]]

 [[267  47]]

 [[266  47]]

 [[265  46]]

 [[264  46]]

 [[263  46]]

 [[262  46]]

 [[261  46]]

 [[260  46]]

 [[259  45]]

 [[258  45]]

 [[257  45]]

 [[256  44]]

 [[256  43]]

 [[256  42]]

 [[256  41]]

 [[256  40]]

 [[256  39]]

 [[256  38]]

 [[256  37]]

 [[255  37]]

 [[254  37]]]
[[[  0   0]]

 [[388  21]]

 [[387  22]]

 [[387  23]]

 [[387  24]]

 [[386  25]]

 [[386  26]]

 [[385  27]]

 [[384  27]]

 [[384  28]]

 [[384  29]]

 [[384  30]]

 [[383  31]]

 [[382  32]]

 [[381  32]]

 [[380  31]]

 [[380  32]]

 [[380  33]]

 [[380  34]]

 [[380  35]]

 [[379  36]]

 [[378  37]]

 [[377  38]]

 [[376  38]]

 [[375  39]]

 [[374  38]]

 [[373  38]]

 [[372  38]]

 [[371  38]]

 [[370  38]]

 [[369  38]]

 [[368  38]]

 [[367  38]]

 [[366  38]]

 [[365  38]]

 [[364  38]]

 [[363  38]]

 [[362  37]]

 [[361  37]]

 [[360  37]]

 [[359  37]]

 [[358  37]]

 [[357  36]]

 [[356  36]]

 [[355  36]]

 [[354  36]]

 [[353  36]]

 [[352  36]]

 [[351  36]]

 [[350  35]]

 [[349  35]]

 [[348  35]]

 [[347  35]]

 [[346  34]]

 [[345  34]]

 [[344  34]]

 [[343  34]]

 [[343  35]]

 [[343  36]]

 [[343  37]]

 [[343  38]]

 [[342  39]]

 [[343  40]]

 [[344  41]]

 [[345  41]]

 [[346  41]]

 [[347  42]]

 [[348  42]]

 [[349  42]]

 [[350  42]]

 [[351  43]]

 [[352  43]]

 [[353  43]]

 [[354  43]]

 [[355  43]]

 [[356  44]]

 [[357  44]]

 [[358  44]]

 [[359  44]]

 [[360  44]]

 [[361  44]]

 [[362  45]]

 [[363  45]]

 [[364  45]]

 [[365  45]]

 [[366  45]]

 [[367  46]]

 [[368  46]]

 [[369  46]]

 [[370  46]]

 [[371  46]]

 [[372  46]]

 [[373  46]]

 [[374  46]]

 [[375  46]]

 [[376  46]]

 [[377  46]]

 [[377  45]]

 [[377  44]]

 [[377  43]]

 [[377  42]]

 [[377  41]]

 [[378  40]]

 [[379  39]]

 [[380  39]]

 [[381  38]]

 [[382  38]]

 [[383  39]]

 [[383  40]]

 [[384  41]]

 [[384  42]]

 [[384  43]]

 [[384  44]]

 [[384  45]]

 [[384  46]]

 [[384  47]]

 [[384  48]]

 [[385  48]]

 [[386  48]]

 [[387  48]]

 [[388  48]]

 [[389  48]]

 [[390  49]]

 [[391  49]]

 [[392  50]]

 [[393  50]]

 [[394  51]]

 [[395  51]]

 [[396  51]]

 [[397  51]]

 [[398  51]]

 [[399  51]]

 [[400  51]]

 [[401  52]]

 [[402  52]]

 [[403  52]]

 [[404  52]]

 [[405  53]]

 [[406  53]]

 [[407  53]]

 [[408  53]]

 [[409  53]]

 [[410  53]]

 [[411  53]]

 [[412  53]]

 [[413  53]]

 [[414  53]]

 [[415  53]]

 [[416  53]]

 [[417  53]]

 [[418  53]]

 [[419  53]]

 [[420  54]]

 [[421  55]]

 [[421  56]]

 [[421  57]]

 [[421  58]]

 [[421  59]]

 [[421  60]]

 [[421  61]]

 [[421  62]]

 [[421  63]]

 [[422  64]]

 [[422  65]]

 [[422  66]]

 [[422  67]]

 [[423  68]]

 [[424  68]]

 [[424  67]]

 [[424  66]]

 [[424  65]]

 [[424  64]]

 [[424  63]]

 [[424  62]]

 [[424  61]]

 [[424  60]]

 [[425  59]]

 [[425  58]]

 [[426  57]]

 [[426  56]]

 [[425  55]]

 [[424  54]]

 [[425  53]]

 [[426  52]]

 [[427  52]]

 [[428  53]]

 [[428  54]]

 [[428  55]]

 [[428  56]]

 [[429  57]]

 [[430  57]]

 [[431  57]]

 [[432  57]]

 [[433  58]]

 [[434  58]]

 [[435  58]]

 [[436  59]]

 [[437  59]]

 [[438  59]]

 [[439  59]]

 [[440  59]]

 [[441  59]]

 [[442  60]]

 [[443  60]]

 [[444  60]]

 [[445  60]]

 [[446  61]]

 [[447  61]]

 [[448  61]]

 [[449  61]]

 [[450  62]]

 [[451  62]]

 [[452  62]]

 [[453  62]]

 [[454  62]]

 [[455  62]]

 [[456  62]]

 [[457  62]]

 [[458  61]]

 [[459  61]]

 [[460  61]]

 [[461  60]]

 [[462  60]]

 [[463  59]]

 [[463  58]]

 [[464  57]]

 [[464  56]]

 [[464  55]]

 [[465  54]]

 [[466  53]]

 [[467  54]]

 [[468  55]]

 [[468  56]]

 [[468  57]]

 [[469  58]]

 [[469  59]]

 [[469  60]]

 [[469  61]]

 [[468  62]]

 [[468  63]]

 [[469  63]]

 [[470  63]]

 [[471  63]]

 [[472  63]]

 [[473  64]]

 [[474  64]]

 [[475  65]]

 [[476  65]]

 [[477  65]]

 [[478  66]]

 [[479  66]]

 [[480  66]]

 [[481  67]]

 [[482  67]]

 [[483  68]]

 [[484  68]]

 [[485  68]]

 [[486  68]]

 [[487  68]]

 [[488  68]]

 [[489  69]]

 [[490  69]]

 [[491  69]]

 [[492  69]]

 [[493  69]]

 [[494  69]]

 [[495  69]]

 [[496  69]]

 [[497  69]]

 [[498  69]]

 [[499  69]]

 [[500  69]]

 [[501  69]]

 [[502  70]]

 [[503  70]]

 [[503  69]]

 [[504  68]]

 [[504  67]]

 [[504  66]]

 [[504  65]]

 [[504  64]]

 [[504  63]]

 [[503  63]]

 [[502  63]]

 [[501  62]]

 [[500  62]]

 [[499  62]]

 [[498  62]]

 [[497  62]]

 [[496  62]]

 [[495  62]]

 [[494  62]]

 [[493  62]]

 [[492  62]]

 [[491  62]]

 [[490  62]]

 [[489  62]]

 [[488  62]]

 [[487  61]]

 [[486  61]]

 [[485  61]]

 [[484  61]]

 [[483  61]]

 [[482  60]]

 [[481  60]]

 [[480  60]]

 [[479  59]]

 [[478  59]]

 [[477  59]]

 [[476  59]]

 [[475  59]]

 [[474  58]]

 [[473  57]]

 [[472  57]]

 [[471  56]]

 [[470  55]]

 [[470  54]]

 [[470  53]]

 [[470  52]]

 [[471  51]]

 [[471  50]]

 [[472  49]]

 [[472  48]]

 [[471  47]]

 [[471  46]]

 [[470  46]]

 [[469  46]]

 [[468  46]]

 [[467  46]]

 [[466  46]]

 [[465  46]]

 [[464  46]]

 [[464  47]]

 [[464  48]]

 [[464  49]]

 [[464  50]]

 [[463  51]]

 [[463  52]]

 [[463  53]]

 [[464  54]]

 [[463  55]]

 [[462  55]]

 [[461  55]]

 [[460  55]]

 [[459  55]]

 [[458  55]]

 [[457  55]]

 [[456  55]]

 [[455  54]]

 [[454  54]]

 [[453  54]]

 [[452  54]]

 [[451  54]]

 [[450  54]]

 [[449  54]]

 [[448  54]]

 [[447  54]]

 [[446  54]]

 [[445  54]]

 [[444  53]]

 [[443  53]]

 [[442  53]]

 [[441  53]]

 [[440  52]]

 [[439  52]]

 [[438  52]]

 [[437  52]]

 [[436  52]]

 [[435  51]]

 [[434  51]]

 [[433  51]]

 [[432  51]]

 [[431  51]]

 [[430  51]]

 [[429  51]]

 [[428  50]]

 [[427  49]]

 [[427  48]]

 [[426  47]]

 [[427  46]]

 [[428  46]]

 [[429  45]]

 [[429  44]]

 [[429  43]]

 [[429  42]]

 [[429  41]]

 [[429  40]]

 [[428  39]]

 [[427  38]]

 [[426  38]]

 [[425  37]]

 [[426  36]]

 [[427  35]]

 [[428  35]]

 [[429  35]]

 [[430  34]]

 [[431  34]]

 [[431  33]]

 [[430  33]]

 [[429  33]]

 [[428  33]]

 [[427  34]]

 [[426  33]]

 [[425  33]]

 [[424  33]]

 [[423  32]]

 [[423  31]]

 [[423  30]]

 [[422  29]]

 [[422  28]]

 [[421  27]]

 [[420  27]]

 [[419  26]]

 [[418  26]]

 [[417  26]]

 [[416  25]]

 [[415  25]]

 [[414  25]]

 [[413  25]]

 [[412  25]]

 [[411  25]]

 [[410  24]]

 [[409  23]]

 [[409  22]]

 [[408  21]]

 [[407  21]]

 [[406  21]]

 [[405  21]]

 [[404  21]]

 [[403  22]]

 [[402  22]]

 [[401  22]]

 [[400  21]]

 [[399  21]]

 [[398  21]]

 [[397  21]]

 [[396  21]]

 [[395  21]]

 [[394  21]]

 [[393  21]]

 [[392  21]]

 [[391  20]]

 [[390  20]]]
[[[  0   0]]

 [[389  25]]

 [[390  25]]

 [[391  25]]

 [[392  25]]

 [[393  26]]

 [[394  26]]

 [[395  26]]

 [[396  26]]

 [[397  27]]

 [[398  27]]

 [[399  27]]

 [[400  27]]

 [[401  27]]

 [[402  27]]

 [[403  28]]

 [[404  28]]

 [[405  28]]

 [[406  28]]

 [[407  29]]

 [[408  29]]

 [[409  29]]

 [[410  29]]

 [[411  29]]

 [[412  29]]

 [[413  29]]

 [[414  30]]

 [[415  30]]

 [[416  30]]

 [[417  30]]

 [[418  30]]

 [[419  30]]

 [[420  30]]

 [[421  30]]

 [[422  31]]

 [[423  32]]

 [[423  33]]

 [[423  34]]

 [[423  35]]

 [[423  36]]

 [[424  37]]

 [[425  38]]

 [[425  39]]

 [[425  40]]

 [[425  41]]

 [[424  42]]

 [[423  41]]

 [[423  42]]

 [[422  43]]

 [[422  44]]

 [[422  45]]

 [[421  46]]

 [[420  47]]

 [[419  47]]

 [[418  47]]

 [[417  47]]

 [[416  47]]

 [[415  47]]

 [[414  46]]

 [[413  46]]

 [[412  46]]

 [[411  46]]

 [[410  46]]

 [[409  45]]

 [[408  45]]

 [[407  45]]

 [[406  45]]

 [[405  45]]

 [[404  45]]

 [[403  45]]

 [[402  45]]

 [[401  45]]

 [[400  44]]

 [[399  44]]

 [[398  44]]

 [[397  44]]

 [[396  44]]

 [[395  43]]

 [[394  43]]

 [[393  43]]

 [[392  43]]

 [[391  43]]

 [[390  43]]

 [[389  43]]

 [[388  42]]

 [[387  42]]

 [[386  41]]

 [[386  40]]

 [[386  39]]

 [[386  38]]

 [[386  37]]

 [[386  36]]

 [[387  35]]

 [[387  34]]

 [[387  33]]

 [[387  32]]

 [[387  31]]

 [[387  30]]

 [[388  29]]

 [[388  28]]

 [[388  27]]]
[[[  0   0]]

 [[313   4]]

 [[312   4]]

 [[311   4]]

 [[310   4]]

 [[309   4]]

 [[308   4]]

 [[307   4]]

 [[306   5]]

 [[305   5]]

 [[304   5]]

 [[303   5]]

 [[302   5]]

 [[301   6]]

 [[301   7]]

 [[301   8]]

 [[302   8]]

 [[303   9]]

 [[304   9]]

 [[305   9]]

 [[306   9]]

 [[307   9]]

 [[308  10]]

 [[309  10]]

 [[310  10]]

 [[311  10]]

 [[312  10]]

 [[313  10]]

 [[314  10]]

 [[315  10]]

 [[316  11]]

 [[317  11]]

 [[318  11]]

 [[319  11]]

 [[320  11]]

 [[321  11]]

 [[322  11]]

 [[323  11]]

 [[324  12]]

 [[325  12]]

 [[326  12]]

 [[327  12]]

 [[328  12]]

 [[329  12]]

 [[330  12]]

 [[331  12]]

 [[332  13]]

 [[332  14]]

 [[333  15]]

 [[333  16]]

 [[333  17]]

 [[333  18]]

 [[333  19]]

 [[333  20]]

 [[333  21]]

 [[333  22]]

 [[333  23]]

 [[333  24]]

 [[333  25]]

 [[332  26]]

 [[331  26]]

 [[330  25]]

 [[329  25]]

 [[328  25]]

 [[327  25]]

 [[326  25]]

 [[325  25]]

 [[324  25]]

 [[323  25]]

 [[322  25]]

 [[321  26]]

 [[320  26]]

 [[319  26]]

 [[318  26]]

 [[317  26]]

 [[316  26]]

 [[315  25]]

 [[314  25]]

 [[313  25]]

 [[312  25]]

 [[311  25]]

 [[310  25]]

 [[309  24]]

 [[308  24]]

 [[307  24]]

 [[306  24]]

 [[305  24]]

 [[304  24]]

 [[303  23]]

 [[302  23]]

 [[301  23]]

 [[300  22]]

 [[300  23]]

 [[299  24]]

 [[299  25]]

 [[299  26]]

 [[299  27]]

 [[299  28]]

 [[299  29]]

 [[299  30]]

 [[300  31]]

 [[301  32]]

 [[302  32]]

 [[303  33]]

 [[304  33]]

 [[305  33]]

 [[306  33]]

 [[307  34]]

 [[308  34]]

 [[309  34]]

 [[310  34]]

 [[311  34]]

 [[312  35]]

 [[313  35]]

 [[314  35]]

 [[315  35]]

 [[316  35]]

 [[317  35]]

 [[318  35]]

 [[319  35]]

 [[320  35]]

 [[321  35]]

 [[322  36]]

 [[323  36]]

 [[324  36]]

 [[325  36]]

 [[326  36]]

 [[327  36]]

 [[328  35]]

 [[329  35]]

 [[330  35]]

 [[331  35]]

 [[332  34]]

 [[332  33]]

 [[331  32]]

 [[331  31]]

 [[331  30]]

 [[331  29]]

 [[332  28]]

 [[332  27]]

 [[333  26]]

 [[333  25]]

 [[333  24]]

 [[334  23]]

 [[335  23]]

 [[336  23]]

 [[337  22]]

 [[338  23]]

 [[339  24]]

 [[340  25]]

 [[340  26]]

 [[341  27]]

 [[341  28]]

 [[342  29]]

 [[342  28]]

 [[342  27]]

 [[342  26]]

 [[343  25]]

 [[343  24]]

 [[343  23]]

 [[343  22]]

 [[343  21]]

 [[343  20]]

 [[342  19]]

 [[341  20]]

 [[340  21]]

 [[339  21]]

 [[338  20]]

 [[337  19]]

 [[336  18]]

 [[336  17]]

 [[336  16]]

 [[337  15]]

 [[337  14]]

 [[336  13]]

 [[335  12]]

 [[334  12]]

 [[333  12]]

 [[332  11]]

 [[331  10]]

 [[330   9]]

 [[330   8]]

 [[329   8]]

 [[328   7]]

 [[327   6]]

 [[326   5]]

 [[325   4]]

 [[324   5]]

 [[323   5]]

 [[322   5]]

 [[321   5]]

 [[320   6]]

 [[320   7]]

 [[321   7]]

 [[322   8]]

 [[323   9]]

 [[322  10]]

 [[321  11]]

 [[320  10]]

 [[319  10]]

 [[318  10]]

 [[317   9]]

 [[316   9]]

 [[315   9]]

 [[314   8]]

 [[314   7]]

 [[315   6]]

 [[315   5]]

 [[315   4]]

 [[315   3]]]
[[[  0   0]]

 [[604   2]]

 [[604   3]]

 [[604   4]]

 [[603   5]]

 [[603   6]]

 [[603   7]]

 [[603   8]]

 [[604   9]]

 [[603  10]]

 [[603  11]]

 [[603  12]]

 [[603  13]]

 [[603  14]]

 [[602  15]]

 [[601  16]]

 [[600  16]]

 [[600  17]]

 [[601  18]]

 [[602  19]]

 [[603  20]]

 [[603  21]]

 [[603  22]]

 [[604  23]]

 [[605  23]]

 [[605  22]]

 [[605  21]]

 [[606  20]]

 [[607  20]]

 [[608  21]]

 [[609  22]]

 [[608  23]]

 [[609  24]]

 [[609  25]]

 [[610  25]]

 [[611  26]]

 [[612  26]]

 [[613  26]]

 [[614  27]]

 [[615  27]]

 [[616  27]]

 [[617  27]]

 [[618  28]]

 [[618  27]]

 [[617  27]]

 [[616  26]]

 [[615  25]]

 [[614  25]]

 [[613  24]]

 [[612  23]]

 [[612  22]]

 [[612  21]]

 [[612  20]]

 [[613  19]]

 [[614  19]]

 [[615  19]]

 [[616  19]]

 [[617  19]]

 [[618  19]]

 [[619  19]]

 [[620  19]]

 [[621  19]]

 [[622  19]]

 [[623  19]]

 [[624  19]]

 [[625  19]]

 [[626  19]]

 [[627  19]]

 [[628  20]]

 [[628  21]]

 [[629  22]]

 [[629  23]]

 [[629  24]]

 [[630  25]]

 [[630  26]]

 [[629  27]]

 [[628  27]]

 [[627  27]]

 [[626  27]]

 [[625  27]]

 [[625  28]]

 [[624  29]]

 [[624  30]]

 [[625  31]]

 [[626  31]]

 [[627  31]]

 [[628  31]]

 [[629  31]]

 [[630  32]]

 [[631  33]]

 [[632  34]]

 [[631  35]]

 [[631  36]]

 [[632  36]]

 [[633  35]]

 [[634  35]]

 [[635  35]]

 [[636  35]]

 [[637  35]]

 [[638  35]]

 [[637  34]]

 [[636  34]]

 [[635  34]]

 [[634  33]]

 [[633  32]]

 [[634  31]]

 [[635  30]]

 [[636  30]]

 [[637  30]]

 [[638  31]]

 [[638  30]]

 [[637  30]]

 [[636  29]]

 [[636  28]]

 [[636  27]]

 [[636  26]]

 [[636  25]]

 [[636  24]]

 [[636  23]]

 [[636  22]]

 [[635  21]]

 [[634  20]]

 [[633  20]]

 [[632  20]]

 [[631  20]]

 [[630  20]]

 [[629  19]]

 [[628  19]]

 [[627  19]]

 [[626  18]]

 [[625  18]]

 [[624  18]]

 [[623  18]]

 [[622  18]]

 [[621  18]]

 [[620  18]]

 [[619  18]]

 [[618  18]]

 [[617  18]]

 [[616  18]]

 [[615  18]]

 [[614  18]]

 [[613  17]]

 [[612  16]]

 [[612  15]]

 [[612  14]]

 [[613  13]]

 [[614  12]]

 [[614  11]]

 [[614  10]]

 [[613  11]]

 [[612  11]]

 [[611  11]]

 [[610  11]]

 [[609  11]]

 [[608  10]]

 [[607   9]]

 [[607   8]]

 [[608   7]]

 [[607   6]]

 [[607   5]]

 [[606   4]]

 [[606   3]]

 [[606   2]]

 [[606   1]]

 [[605   1]]]
[[[  0   0]]

 [[221   2]]

 [[220   2]]

 [[219   2]]

 [[218   2]]

 [[217   3]]

 [[217   4]]

 [[217   5]]

 [[216   6]]

 [[216   7]]

 [[216   8]]

 [[216   9]]

 [[216  10]]

 [[216  11]]

 [[217  11]]

 [[217  10]]

 [[218   9]]

 [[218   8]]

 [[218   7]]

 [[218   6]]

 [[218   5]]

 [[219   4]]

 [[220   3]]

 [[221   3]]

 [[222   3]]

 [[223   4]]

 [[224   4]]

 [[225   4]]

 [[226   4]]

 [[227   4]]

 [[228   5]]

 [[229   5]]

 [[230   5]]

 [[231   5]]

 [[232   5]]

 [[233   5]]

 [[234   6]]

 [[235   6]]

 [[236   6]]

 [[237   6]]

 [[238   6]]

 [[239   6]]

 [[240   6]]

 [[241   6]]

 [[242   6]]

 [[243   6]]

 [[244   6]]

 [[245   6]]

 [[246   6]]

 [[247   5]]

 [[248   4]]

 [[249   4]]

 [[250   4]]

 [[251   5]]

 [[252   6]]

 [[252   7]]

 [[253   8]]

 [[253   9]]

 [[253  10]]

 [[253  11]]

 [[254  12]]

 [[254  13]]

 [[255  14]]

 [[255  15]]

 [[255  16]]

 [[255  17]]

 [[254  18]]

 [[253  18]]

 [[252  18]]

 [[251  18]]

 [[250  18]]

 [[249  19]]

 [[248  19]]

 [[247  20]]

 [[246  20]]

 [[245  20]]

 [[244  20]]

 [[243  20]]

 [[242  20]]

 [[241  20]]

 [[240  20]]

 [[239  20]]

 [[238  20]]

 [[237  20]]

 [[236  20]]

 [[235  20]]

 [[234  20]]

 [[233  20]]

 [[232  20]]

 [[231  20]]

 [[230  20]]

 [[229  19]]

 [[228  19]]

 [[227  19]]

 [[226  19]]

 [[225  18]]

 [[224  18]]

 [[223  18]]

 [[222  18]]

 [[221  18]]

 [[220  17]]

 [[219  17]]

 [[218  17]]

 [[219  18]]

 [[218  19]]

 [[218  20]]

 [[218  21]]

 [[219  22]]

 [[219  23]]

 [[219  24]]

 [[220  25]]

 [[220  26]]

 [[221  27]]

 [[222  27]]

 [[223  28]]

 [[224  28]]

 [[225  28]]

 [[226  28]]

 [[227  28]]

 [[228  28]]

 [[229  28]]

 [[230  28]]

 [[231  28]]

 [[232  29]]

 [[233  29]]

 [[234  29]]

 [[235  29]]

 [[236  29]]

 [[237  29]]

 [[238  29]]

 [[239  29]]

 [[240  29]]

 [[241  29]]

 [[242  29]]

 [[243  29]]

 [[244  29]]

 [[245  29]]

 [[246  29]]

 [[247  29]]

 [[248  28]]

 [[249  28]]

 [[250  28]]

 [[251  28]]

 [[252  27]]

 [[253  26]]

 [[254  25]]

 [[255  26]]

 [[256  27]]

 [[256  28]]

 [[256  29]]

 [[257  30]]

 [[258  30]]

 [[259  30]]

 [[260  30]]

 [[261  30]]

 [[262  30]]

 [[263  31]]

 [[264  31]]

 [[265  31]]

 [[266  31]]

 [[267  31]]

 [[268  31]]

 [[269  31]]

 [[270  31]]

 [[271  31]]

 [[272  32]]

 [[273  32]]

 [[274  32]]

 [[275  32]]

 [[276  32]]

 [[277  32]]

 [[278  32]]

 [[279  32]]

 [[280  32]]

 [[281  32]]

 [[282  32]]

 [[283  33]]

 [[284  33]]

 [[285  33]]

 [[286  33]]

 [[287  33]]

 [[288  32]]

 [[289  32]]

 [[290  31]]

 [[290  30]]

 [[290  29]]

 [[291  28]]

 [[291  27]]

 [[291  26]]

 [[290  25]]

 [[289  24]]

 [[288  24]]

 [[287  25]]

 [[286  25]]

 [[285  26]]

 [[284  26]]

 [[283  26]]

 [[282  26]]

 [[281  26]]

 [[280  26]]

 [[279  26]]

 [[278  26]]

 [[277  26]]

 [[276  26]]

 [[275  26]]

 [[274  25]]

 [[273  25]]

 [[272  25]]

 [[271  25]]

 [[270  25]]

 [[269  25]]

 [[268  25]]

 [[267  25]]

 [[266  24]]

 [[265  24]]

 [[264  24]]

 [[263  24]]

 [[262  24]]

 [[261  23]]

 [[260  23]]

 [[259  23]]

 [[258  23]]

 [[257  22]]

 [[256  21]]

 [[256  20]]

 [[256  19]]

 [[257  18]]

 [[257  17]]

 [[257  16]]

 [[257  15]]

 [[257  14]]

 [[257  13]]

 [[257  12]]

 [[257  11]]

 [[256  10]]

 [[256   9]]

 [[256   8]]

 [[257   7]]

 [[258   7]]

 [[259   6]]

 [[260   6]]

 [[261   6]]

 [[262   7]]

 [[263   7]]

 [[264   8]]

 [[265   8]]

 [[266   8]]

 [[267   8]]

 [[268   8]]

 [[269   8]]

 [[270   8]]

 [[271   8]]

 [[272   9]]

 [[273   9]]

 [[274   9]]

 [[275   9]]

 [[276   9]]

 [[277   9]]

 [[278   9]]

 [[279   9]]

 [[280   9]]

 [[281  10]]

 [[282  10]]

 [[283  10]]

 [[284  10]]

 [[285  10]]

 [[286  10]]

 [[287  10]]

 [[288  11]]

 [[289  12]]

 [[290  12]]

 [[291  12]]

 [[292  13]]

 [[292  14]]

 [[293  14]]

 [[294  14]]

 [[295  14]]

 [[296  15]]

 [[297  15]]

 [[298  15]]

 [[299  14]]

 [[299  13]]

 [[299  12]]

 [[299  11]]

 [[299  10]]

 [[299   9]]

 [[298  10]]

 [[298  11]]

 [[297  12]]

 [[296  13]]

 [[295  12]]

 [[294  11]]

 [[293  11]]

 [[292  10]]

 [[291   9]]

 [[291   8]]

 [[290   7]]

 [[289   6]]

 [[288   6]]

 [[287   5]]

 [[286   5]]

 [[285   5]]

 [[284   5]]

 [[283   5]]

 [[282   5]]

 [[281   5]]

 [[280   4]]

 [[279   4]]

 [[278   4]]

 [[277   4]]

 [[276   4]]

 [[275   4]]

 [[274   4]]

 [[273   3]]

 [[272   3]]

 [[271   3]]

 [[270   2]]

 [[269   1]]

 [[268   1]]

 [[267   1]]

 [[267   2]]

 [[266   3]]

 [[265   4]]

 [[264   4]]

 [[263   4]]

 [[262   4]]

 [[261   4]]

 [[260   4]]

 [[259   4]]

 [[258   4]]

 [[257   4]]

 [[256   4]]

 [[255   4]]

 [[254   4]]

 [[253   4]]

 [[252   4]]

 [[251   3]]

 [[250   2]]

 [[249   2]]

 [[248   2]]

 [[247   2]]

 [[246   2]]

 [[245   2]]

 [[244   2]]

 [[243   2]]

 [[242   2]]

 [[241   2]]

 [[240   1]]

 [[239   1]]

 [[238   1]]

 [[237   1]]

 [[236   1]]

 [[235   1]]

 [[234   1]]

 [[233   1]]

 [[232   1]]

 [[231   1]]

 [[230   1]]

 [[229   1]]

 [[228   1]]

 [[227   1]]

 [[226   1]]

 [[225   1]]

 [[224   1]]

 [[223   1]]]
