[[[  0   0]]

 [[ 68  70]]

 [[ 67  70]]

 [[ 66  71]]

 [[ 65  71]]

 [[ 64  71]]

 [[ 63  72]]

 [[ 62  73]]

 [[ 61  74]]

 [[ 60  74]]

 [[ 60  75]]

 [[ 59  76]]

 [[ 58  76]]

 [[ 57  76]]

 [[ 56  76]]

 [[ 55  77]]

 [[ 54  77]]

 [[ 53  77]]

 [[ 52  78]]

 [[ 51  78]]

 [[ 50  78]]

 [[ 49  78]]

 [[ 48  78]]

 [[ 47  78]]

 [[ 47  79]]

 [[ 46  80]]

 [[ 45  80]]

 [[ 44  79]]

 [[ 43  78]]

 [[ 42  78]]

 [[ 41  78]]

 [[ 40  78]]

 [[ 39  77]]

 [[ 38  78]]

 [[ 37  78]]

 [[ 38  79]]

 [[ 38  80]]

 [[ 38  81]]

 [[ 38  82]]

 [[ 38  83]]

 [[ 37  84]]

 [[ 36  84]]

 [[ 35  84]]

 [[ 34  84]]

 [[ 33  85]]

 [[ 32  85]]

 [[ 31  85]]

 [[ 30  86]]

 [[ 29  86]]

 [[ 29  87]]

 [[ 28  88]]

 [[ 28  89]]

 [[ 27  90]]

 [[ 26  90]]

 [[ 25  90]]

 [[ 24  90]]

 [[ 23  90]]

 [[ 22  90]]

 [[ 21  90]]

 [[ 20  91]]

 [[ 19  91]]

 [[ 18  90]]

 [[ 17  91]]

 [[ 16  91]]

 [[ 15  92]]

 [[ 14  92]]

 [[ 13  93]]

 [[ 12  94]]

 [[ 11  95]]

 [[ 10  96]]

 [[  9  96]]

 [[  8  96]]

 [[  7  96]]

 [[  6  96]]

 [[  5  97]]

 [[  4  97]]

 [[  3  97]]

 [[  2  98]]

 [[  1  98]]

 [[  1  99]]

 [[  1 100]]

 [[  1 101]]

 [[  1 102]]

 [[  1 103]]

 [[  1 104]]

 [[  1 105]]

 [[  2 104]]

 [[  3 103]]

 [[  4 102]]

 [[  5 101]]

 [[  6 101]]

 [[  7 100]]

 [[  8 100]]

 [[  9 100]]

 [[ 10 100]]

 [[ 11 100]]

 [[ 12  99]]

 [[ 13  99]]

 [[ 14  99]]

 [[ 15  98]]

 [[ 16  98]]

 [[ 17  98]]

 [[ 18  98]]

 [[ 19  97]]

 [[ 20  97]]

 [[ 21  96]]

 [[ 22  96]]

 [[ 23  95]]

 [[ 24  94]]

 [[ 25  93]]

 [[ 26  93]]

 [[ 27  92]]

 [[ 28  91]]

 [[ 29  91]]

 [[ 30  91]]

 [[ 31  91]]

 [[ 32  91]]

 [[ 33  91]]

 [[ 34  91]]

 [[ 35  91]]

 [[ 36  91]]

 [[ 37  90]]

 [[ 38  90]]

 [[ 39  89]]

 [[ 39  88]]

 [[ 40  87]]

 [[ 41  86]]

 [[ 42  85]]

 [[ 43  85]]

 [[ 44  85]]

 [[ 45  85]]

 [[ 46  85]]

 [[ 47  85]]

 [[ 48  84]]

 [[ 49  84]]

 [[ 50  84]]

 [[ 51  84]]

 [[ 52  84]]

 [[ 53  83]]

 [[ 54  83]]

 [[ 55  82]]

 [[ 56  81]]

 [[ 57  81]]

 [[ 58  80]]

 [[ 59  79]]

 [[ 60  78]]

 [[ 61  78]]

 [[ 62  78]]

 [[ 63  78]]

 [[ 64  79]]

 [[ 65  79]]

 [[ 66  79]]

 [[ 66  78]]

 [[ 67  77]]

 [[ 67  76]]

 [[ 68  75]]

 [[ 69  75]]

 [[ 70  75]]

 [[ 71  75]]

 [[ 72  75]]

 [[ 73  74]]

 [[ 74  74]]

 [[ 75  74]]

 [[ 76  74]]

 [[ 77  73]]

 [[ 78  73]]

 [[ 79  73]]

 [[ 79  72]]

 [[ 78  72]]

 [[ 77  72]]

 [[ 76  72]]

 [[ 75  72]]

 [[ 74  72]]

 [[ 73  71]]

 [[ 72  71]]

 [[ 71  70]]

 [[ 71  69]]

 [[ 70  69]]]
[[[  0   0]]

 [[121  54]]

 [[120  55]]

 [[119  56]]

 [[118  57]]

 [[117  57]]

 [[116  57]]

 [[115  57]]

 [[114  57]]

 [[113  57]]

 [[112  56]]

 [[111  56]]

 [[110  56]]

 [[109  56]]

 [[108  56]]

 [[107  56]]

 [[106  57]]

 [[105  57]]

 [[104  58]]

 [[103  59]]

 [[102  59]]

 [[101  59]]

 [[100  59]]

 [[ 99  59]]

 [[ 98  59]]

 [[ 97  59]]

 [[ 96  60]]

 [[ 95  60]]

 [[ 94  60]]

 [[ 93  60]]

 [[ 92  60]]

 [[ 91  61]]

 [[ 90  61]]

 [[ 89  62]]

 [[ 88  63]]

 [[ 87  64]]

 [[ 86  64]]

 [[ 85  65]]

 [[ 84  65]]

 [[ 83  66]]

 [[ 82  66]]

 [[ 81  66]]

 [[ 80  66]]

 [[ 79  66]]

 [[ 78  66]]

 [[ 77  65]]

 [[ 76  65]]

 [[ 76  66]]

 [[ 77  66]]

 [[ 78  67]]

 [[ 79  67]]

 [[ 80  68]]

 [[ 81  68]]

 [[ 82  69]]

 [[ 83  70]]

 [[ 84  70]]

 [[ 85  70]]

 [[ 86  70]]

 [[ 87  70]]

 [[ 88  69]]

 [[ 89  69]]

 [[ 90  69]]

 [[ 91  68]]

 [[ 92  67]]

 [[ 93  67]]

 [[ 94  66]]

 [[ 95  66]]

 [[ 96  66]]

 [[ 97  66]]

 [[ 98  66]]

 [[ 99  66]]

 [[100  66]]

 [[101  66]]

 [[102  65]]

 [[103  64]]

 [[104  63]]

 [[105  63]]

 [[106  63]]

 [[107  63]]

 [[108  63]]

 [[109  63]]

 [[110  63]]

 [[111  63]]

 [[112  62]]

 [[113  62]]

 [[114  62]]

 [[115  62]]

 [[116  61]]

 [[117  60]]

 [[118  60]]

 [[119  60]]

 [[120  60]]

 [[121  60]]

 [[122  59]]

 [[123  59]]

 [[124  59]]

 [[125  59]]

 [[126  58]]

 [[127  58]]

 [[128  58]]

 [[129  58]]

 [[129  57]]

 [[129  56]]

 [[129  55]]

 [[128  55]]

 [[127  54]]

 [[126  54]]

 [[125  54]]

 [[124  53]]

 [[123  53]]]
