[[[  0   0]]

 [[385 217]]

 [[385 218]]

 [[384 219]]

 [[385 220]]

 [[386 221]]

 [[387 222]]

 [[388 222]]

 [[389 223]]

 [[390 223]]

 [[391 224]]

 [[391 225]]

 [[392 226]]

 [[393 227]]

 [[394 227]]

 [[395 228]]

 [[395 229]]

 [[396 230]]

 [[396 231]]

 [[397 232]]

 [[396 233]]

 [[396 234]]

 [[396 235]]

 [[396 236]]

 [[396 237]]

 [[395 238]]

 [[395 239]]

 [[395 240]]

 [[395 239]]

 [[396 238]]

 [[397 238]]

 [[398 237]]

 [[399 236]]

 [[400 236]]

 [[401 235]]

 [[402 235]]

 [[403 236]]

 [[404 236]]

 [[405 237]]

 [[406 238]]

 [[407 239]]

 [[408 240]]

 [[409 240]]

 [[410 241]]

 [[410 240]]

 [[409 239]]

 [[409 238]]

 [[410 237]]

 [[411 237]]

 [[412 237]]

 [[413 238]]

 [[414 238]]

 [[415 239]]

 [[415 240]]

 [[415 241]]

 [[415 242]]

 [[416 243]]

 [[417 244]]

 [[418 244]]

 [[419 244]]

 [[420 243]]

 [[419 243]]

 [[418 242]]

 [[418 241]]

 [[417 240]]

 [[418 239]]

 [[419 239]]

 [[420 240]]

 [[420 241]]

 [[421 241]]

 [[422 241]]

 [[422 240]]

 [[422 239]]

 [[422 238]]

 [[423 237]]

 [[422 237]]

 [[421 237]]

 [[420 236]]

 [[419 236]]

 [[418 236]]

 [[417 235]]

 [[416 236]]

 [[415 235]]

 [[414 235]]

 [[413 234]]

 [[412 234]]

 [[411 234]]

 [[410 234]]

 [[409 234]]

 [[408 234]]

 [[407 233]]

 [[406 233]]

 [[405 232]]

 [[404 232]]

 [[403 232]]

 [[402 232]]

 [[401 232]]

 [[400 232]]

 [[399 231]]

 [[398 230]]

 [[398 229]]

 [[398 228]]

 [[399 227]]

 [[400 228]]

 [[401 228]]

 [[402 228]]

 [[403 228]]

 [[404 229]]

 [[405 229]]

 [[406 229]]

 [[407 229]]

 [[408 228]]

 [[409 227]]

 [[410 226]]

 [[410 225]]

 [[411 224]]

 [[410 225]]

 [[409 224]]

 [[409 223]]

 [[408 224]]

 [[407 224]]

 [[406 224]]

 [[405 224]]

 [[404 223]]

 [[405 222]]

 [[404 223]]

 [[403 223]]

 [[402 223]]

 [[401 223]]

 [[400 223]]

 [[399 223]]

 [[398 223]]

 [[397 222]]

 [[398 221]]

 [[398 220]]

 [[398 221]]

 [[397 222]]

 [[396 221]]

 [[396 220]]

 [[395 220]]

 [[394 220]]

 [[393 220]]

 [[392 219]]

 [[391 218]]

 [[390 218]]

 [[389 217]]

 [[388 217]]

 [[387 216]]]
[[[  0   0]]

 [[466 192]]

 [[466 193]]

 [[466 194]]

 [[466 195]]

 [[465 196]]

 [[465 197]]

 [[465 198]]

 [[464 199]]

 [[464 200]]

 [[463 201]]

 [[463 202]]

 [[463 203]]

 [[464 204]]

 [[464 205]]

 [[463 206]]

 [[463 207]]

 [[463 208]]

 [[463 209]]

 [[463 210]]

 [[463 211]]

 [[463 212]]

 [[463 213]]

 [[463 214]]

 [[463 215]]

 [[463 216]]

 [[463 217]]

 [[463 218]]

 [[463 219]]

 [[463 220]]

 [[463 221]]

 [[463 222]]

 [[464 223]]

 [[464 224]]

 [[464 225]]

 [[464 226]]

 [[465 227]]

 [[465 228]]

 [[466 229]]

 [[466 230]]

 [[467 231]]

 [[468 232]]

 [[469 233]]

 [[470 233]]

 [[471 234]]

 [[472 234]]

 [[473 234]]

 [[474 235]]

 [[475 235]]

 [[476 236]]

 [[477 236]]

 [[478 236]]

 [[479 237]]

 [[480 237]]

 [[481 237]]

 [[482 237]]

 [[483 238]]

 [[484 238]]

 [[485 238]]

 [[486 239]]

 [[487 239]]

 [[488 240]]

 [[489 240]]

 [[490 241]]

 [[491 241]]

 [[492 242]]

 [[493 242]]

 [[494 242]]

 [[495 243]]

 [[496 243]]

 [[497 243]]

 [[498 243]]

 [[499 243]]

 [[500 244]]

 [[501 244]]

 [[502 244]]

 [[503 245]]

 [[504 246]]

 [[505 246]]

 [[506 247]]

 [[507 247]]

 [[508 247]]

 [[509 248]]

 [[510 248]]

 [[511 248]]

 [[512 249]]

 [[513 249]]

 [[514 250]]

 [[515 250]]

 [[516 250]]

 [[517 250]]

 [[518 251]]

 [[519 251]]

 [[520 251]]

 [[521 252]]

 [[522 253]]

 [[523 253]]

 [[524 253]]

 [[525 252]]

 [[526 252]]

 [[527 251]]

 [[528 251]]

 [[529 250]]

 [[530 249]]

 [[531 249]]

 [[532 248]]

 [[533 247]]

 [[534 246]]

 [[535 245]]

 [[536 244]]

 [[536 243]]

 [[537 242]]

 [[538 241]]

 [[538 240]]

 [[538 239]]

 [[539 238]]

 [[539 237]]

 [[539 236]]

 [[540 235]]

 [[541 234]]

 [[542 233]]

 [[542 232]]

 [[543 231]]

 [[544 230]]

 [[545 230]]

 [[546 229]]

 [[547 228]]

 [[548 228]]

 [[549 229]]

 [[549 230]]

 [[549 231]]

 [[549 232]]

 [[549 233]]

 [[549 234]]

 [[549 235]]

 [[549 236]]

 [[548 237]]

 [[548 238]]

 [[548 239]]

 [[548 240]]

 [[548 241]]

 [[548 242]]

 [[547 243]]

 [[547 244]]

 [[546 245]]

 [[546 246]]

 [[545 247]]

 [[545 248]]

 [[545 249]]

 [[545 250]]

 [[545 251]]

 [[545 252]]

 [[545 253]]

 [[545 254]]

 [[545 255]]

 [[546 256]]

 [[546 257]]

 [[546 258]]

 [[547 258]]

 [[548 258]]

 [[549 258]]

 [[550 258]]

 [[551 258]]

 [[552 258]]

 [[553 258]]

 [[553 257]]

 [[553 256]]

 [[554 255]]

 [[554 254]]

 [[555 253]]

 [[556 253]]

 [[557 254]]

 [[558 254]]

 [[559 255]]

 [[560 256]]

 [[561 257]]

 [[562 258]]

 [[563 258]]

 [[564 258]]

 [[565 258]]

 [[566 258]]

 [[567 258]]

 [[568 258]]

 [[569 258]]

 [[570 258]]

 [[571 258]]

 [[572 258]]

 [[573 258]]

 [[574 258]]

 [[575 258]]

 [[576 258]]

 [[577 258]]

 [[578 258]]

 [[579 258]]

 [[578 258]]

 [[577 258]]

 [[576 258]]

 [[575 258]]

 [[574 257]]

 [[573 257]]

 [[572 256]]

 [[571 255]]

 [[570 254]]

 [[569 253]]

 [[568 253]]

 [[567 252]]

 [[566 251]]

 [[565 250]]

 [[564 249]]

 [[564 248]]

 [[563 247]]

 [[562 246]]

 [[561 245]]

 [[560 244]]

 [[559 243]]

 [[559 242]]

 [[558 241]]

 [[557 240]]

 [[557 239]]

 [[556 238]]

 [[555 237]]

 [[555 236]]

 [[555 235]]

 [[554 234]]

 [[554 233]]

 [[554 232]]

 [[554 231]]

 [[554 230]]

 [[553 229]]

 [[552 228]]

 [[552 227]]

 [[552 226]]

 [[551 226]]

 [[550 226]]

 [[549 226]]

 [[548 225]]

 [[548 224]]

 [[549 223]]

 [[550 222]]

 [[551 221]]

 [[552 220]]

 [[553 219]]

 [[553 218]]

 [[554 217]]

 [[555 216]]

 [[555 215]]

 [[555 214]]

 [[556 213]]

 [[557 212]]

 [[557 211]]

 [[558 210]]

 [[558 209]]

 [[558 208]]

 [[558 207]]

 [[557 206]]

 [[556 206]]

 [[555 206]]

 [[554 206]]

 [[554 207]]

 [[554 208]]

 [[554 209]]

 [[553 210]]

 [[553 211]]

 [[552 212]]

 [[551 213]]

 [[551 214]]

 [[550 215]]

 [[550 216]]

 [[550 217]]

 [[550 218]]

 [[550 219]]

 [[550 220]]

 [[549 221]]

 [[548 221]]

 [[547 222]]

 [[546 222]]

 [[545 223]]

 [[544 224]]

 [[543 225]]

 [[542 225]]

 [[541 226]]

 [[540 227]]

 [[539 228]]

 [[538 228]]

 [[537 228]]

 [[536 228]]

 [[535 228]]

 [[534 229]]

 [[533 229]]

 [[532 229]]

 [[531 228]]

 [[530 228]]

 [[529 227]]

 [[528 226]]

 [[527 225]]

 [[526 225]]

 [[525 225]]

 [[524 225]]

 [[523 224]]

 [[522 224]]

 [[521 224]]

 [[520 223]]

 [[519 223]]

 [[518 222]]

 [[517 222]]

 [[516 222]]

 [[515 221]]

 [[514 221]]

 [[513 221]]

 [[512 220]]

 [[511 220]]

 [[510 220]]

 [[509 220]]

 [[508 219]]

 [[507 219]]

 [[506 218]]

 [[505 218]]

 [[504 218]]

 [[503 218]]

 [[502 218]]

 [[501 217]]

 [[500 217]]

 [[499 217]]

 [[498 216]]

 [[497 216]]

 [[496 215]]

 [[495 214]]

 [[494 214]]

 [[493 214]]

 [[492 214]]

 [[491 213]]

 [[490 213]]

 [[489 213]]

 [[488 212]]

 [[487 212]]

 [[486 211]]

 [[485 211]]

 [[484 211]]

 [[483 211]]

 [[482 211]]

 [[481 210]]

 [[480 210]]

 [[479 209]]

 [[478 208]]

 [[477 208]]

 [[476 208]]

 [[475 208]]

 [[474 207]]

 [[473 206]]

 [[472 205]]

 [[471 204]]

 [[471 203]]

 [[470 202]]

 [[470 201]]

 [[470 200]]

 [[469 199]]

 [[469 198]]

 [[468 197]]

 [[468 196]]

 [[468 195]]

 [[467 194]]

 [[467 193]]

 [[467 192]]

 [[467 191]]]
[[[  0   0]]

 [[474 216]]

 [[475 216]]

 [[476 217]]

 [[477 217]]

 [[478 218]]

 [[479 218]]

 [[480 218]]

 [[481 218]]

 [[482 218]]

 [[483 219]]

 [[484 219]]

 [[485 220]]

 [[486 220]]

 [[487 221]]

 [[488 221]]

 [[489 221]]

 [[490 221]]

 [[491 221]]

 [[492 222]]

 [[493 222]]

 [[494 223]]

 [[495 223]]

 [[496 223]]

 [[497 224]]

 [[498 224]]

 [[499 225]]

 [[500 225]]

 [[501 225]]

 [[502 225]]

 [[503 226]]

 [[504 226]]

 [[505 226]]

 [[506 227]]

 [[507 227]]

 [[508 227]]

 [[509 228]]

 [[510 228]]

 [[511 228]]

 [[512 229]]

 [[513 229]]

 [[514 229]]

 [[515 230]]

 [[516 230]]

 [[517 231]]

 [[518 231]]

 [[519 231]]

 [[520 232]]

 [[521 232]]

 [[522 232]]

 [[523 233]]

 [[524 233]]

 [[525 234]]

 [[526 234]]

 [[527 235]]

 [[528 235]]

 [[529 236]]

 [[529 237]]

 [[529 238]]

 [[528 239]]

 [[527 240]]

 [[526 241]]

 [[525 242]]

 [[524 242]]

 [[523 242]]

 [[522 242]]

 [[521 242]]

 [[520 242]]

 [[519 242]]

 [[518 243]]

 [[517 242]]

 [[516 242]]

 [[515 242]]

 [[514 241]]

 [[513 241]]

 [[512 240]]

 [[511 240]]

 [[510 240]]

 [[509 239]]

 [[508 239]]

 [[507 239]]

 [[506 238]]

 [[505 238]]

 [[504 238]]

 [[503 237]]

 [[502 237]]

 [[501 236]]

 [[500 236]]

 [[499 236]]

 [[498 235]]

 [[497 235]]

 [[496 235]]

 [[495 235]]

 [[494 234]]

 [[493 234]]

 [[492 234]]

 [[491 233]]

 [[490 233]]

 [[489 233]]

 [[488 232]]

 [[487 231]]

 [[486 231]]

 [[485 231]]

 [[484 230]]

 [[483 230]]

 [[482 230]]

 [[481 229]]

 [[480 229]]

 [[479 229]]

 [[478 228]]

 [[477 228]]

 [[476 227]]

 [[475 227]]

 [[474 226]]

 [[474 225]]

 [[473 224]]

 [[473 223]]

 [[472 222]]

 [[472 221]]

 [[472 220]]

 [[472 219]]

 [[472 218]]]
[[[  0   0]]

 [[365 192]]

 [[366 192]]

 [[367 192]]

 [[368 193]]

 [[369 194]]

 [[369 195]]

 [[369 196]]

 [[369 197]]

 [[369 198]]

 [[369 199]]

 [[369 200]]

 [[369 201]]

 [[369 202]]

 [[369 203]]

 [[369 204]]

 [[368 205]]

 [[368 206]]

 [[367 207]]

 [[366 208]]

 [[365 207]]

 [[364 207]]

 [[363 206]]

 [[363 207]]

 [[363 208]]

 [[362 209]]

 [[362 210]]

 [[363 211]]

 [[364 211]]

 [[365 211]]

 [[366 212]]

 [[367 213]]

 [[368 214]]

 [[368 215]]

 [[368 216]]

 [[368 217]]

 [[367 218]]

 [[366 219]]

 [[365 219]]

 [[365 220]]

 [[365 221]]

 [[365 222]]

 [[365 223]]

 [[366 224]]

 [[366 225]]

 [[367 226]]

 [[368 227]]

 [[368 226]]

 [[369 225]]

 [[370 224]]

 [[371 224]]

 [[370 223]]

 [[369 222]]

 [[369 221]]

 [[369 220]]

 [[369 219]]

 [[370 218]]

 [[370 217]]

 [[371 216]]

 [[372 215]]

 [[373 214]]

 [[374 215]]

 [[375 215]]

 [[376 214]]

 [[377 214]]

 [[377 213]]

 [[377 212]]

 [[377 211]]

 [[377 210]]

 [[377 209]]

 [[378 208]]

 [[379 208]]

 [[380 208]]

 [[381 207]]

 [[382 207]]

 [[383 206]]

 [[383 205]]

 [[382 205]]

 [[381 204]]

 [[380 204]]

 [[379 204]]

 [[378 204]]

 [[377 203]]

 [[376 203]]

 [[375 202]]

 [[374 202]]

 [[373 201]]

 [[372 200]]

 [[371 199]]

 [[370 198]]

 [[370 197]]

 [[370 196]]

 [[370 195]]

 [[369 194]]

 [[369 193]]

 [[369 192]]

 [[368 191]]

 [[367 191]]

 [[366 191]]]
[[[  0   0]]

 [[573 178]]

 [[572 178]]

 [[571 179]]

 [[571 180]]

 [[572 181]]

 [[572 182]]

 [[572 183]]

 [[572 184]]

 [[572 185]]

 [[572 186]]

 [[571 187]]

 [[571 188]]

 [[571 189]]

 [[570 190]]

 [[570 191]]

 [[571 192]]

 [[571 193]]

 [[571 194]]

 [[570 195]]

 [[569 196]]

 [[568 197]]

 [[568 198]]

 [[567 199]]

 [[567 200]]

 [[568 201]]

 [[568 202]]

 [[568 203]]

 [[568 204]]

 [[568 205]]

 [[569 206]]

 [[569 207]]

 [[569 208]]

 [[570 209]]

 [[570 210]]

 [[571 211]]

 [[571 212]]

 [[572 213]]

 [[572 214]]

 [[573 215]]

 [[573 216]]

 [[574 217]]

 [[574 218]]

 [[575 219]]

 [[576 220]]

 [[577 221]]

 [[578 222]]

 [[579 222]]

 [[580 223]]

 [[581 224]]

 [[581 225]]

 [[582 225]]

 [[583 226]]

 [[584 226]]

 [[585 227]]

 [[586 228]]

 [[586 229]]

 [[587 230]]

 [[588 231]]

 [[589 231]]

 [[590 231]]

 [[591 232]]

 [[592 233]]

 [[593 233]]

 [[594 234]]

 [[595 234]]

 [[596 235]]

 [[597 235]]

 [[598 236]]

 [[599 237]]

 [[599 238]]

 [[600 239]]

 [[601 239]]

 [[602 239]]

 [[603 239]]

 [[604 240]]

 [[605 240]]

 [[606 240]]

 [[607 241]]

 [[608 241]]

 [[609 242]]

 [[610 242]]

 [[611 243]]

 [[612 243]]

 [[613 244]]

 [[614 244]]

 [[615 244]]

 [[616 244]]

 [[617 244]]

 [[618 244]]

 [[619 245]]

 [[620 245]]

 [[621 245]]

 [[622 245]]

 [[623 245]]

 [[624 245]]

 [[625 245]]

 [[626 245]]

 [[627 245]]

 [[628 245]]

 [[629 245]]

 [[630 245]]

 [[631 245]]

 [[632 245]]

 [[633 245]]

 [[634 245]]

 [[635 245]]

 [[636 245]]

 [[637 245]]

 [[638 245]]

 [[638 244]]

 [[638 243]]

 [[638 242]]

 [[638 241]]

 [[638 240]]

 [[638 239]]

 [[638 238]]

 [[638 237]]

 [[637 237]]

 [[636 237]]

 [[635 237]]

 [[634 237]]

 [[633 238]]

 [[632 238]]

 [[631 238]]

 [[630 238]]

 [[629 238]]

 [[628 238]]

 [[627 237]]

 [[626 237]]

 [[625 237]]

 [[624 237]]

 [[623 237]]

 [[622 237]]

 [[621 236]]

 [[620 236]]

 [[619 236]]

 [[618 236]]

 [[617 236]]

 [[617 237]]

 [[616 238]]

 [[615 238]]

 [[614 237]]

 [[614 236]]

 [[615 235]]

 [[614 234]]

 [[613 234]]

 [[612 234]]

 [[611 234]]

 [[610 233]]

 [[609 233]]

 [[608 233]]

 [[607 232]]

 [[606 232]]

 [[605 231]]

 [[604 231]]

 [[603 230]]

 [[602 229]]

 [[601 229]]

 [[600 228]]

 [[599 228]]

 [[598 227]]

 [[597 226]]

 [[596 226]]

 [[595 225]]

 [[594 224]]

 [[593 223]]

 [[592 223]]

 [[591 222]]

 [[590 221]]

 [[589 220]]

 [[588 219]]

 [[587 219]]

 [[586 218]]

 [[585 217]]

 [[584 216]]

 [[583 215]]

 [[582 214]]

 [[582 213]]

 [[581 212]]

 [[580 211]]

 [[579 210]]

 [[579 209]]

 [[579 208]]

 [[578 207]]

 [[577 206]]

 [[577 205]]

 [[576 204]]

 [[576 203]]

 [[576 202]]

 [[576 201]]

 [[576 200]]

 [[576 199]]

 [[577 198]]

 [[577 197]]

 [[578 196]]

 [[579 196]]

 [[580 197]]

 [[581 197]]

 [[582 198]]

 [[583 199]]

 [[584 200]]

 [[585 201]]

 [[586 202]]

 [[587 202]]

 [[588 203]]

 [[588 204]]

 [[589 205]]

 [[590 205]]

 [[591 206]]

 [[592 207]]

 [[593 207]]

 [[594 208]]

 [[595 209]]

 [[596 209]]

 [[597 210]]

 [[598 210]]

 [[599 211]]

 [[600 212]]

 [[601 212]]

 [[602 212]]

 [[603 213]]

 [[604 214]]

 [[605 214]]

 [[606 215]]

 [[607 215]]

 [[608 216]]

 [[609 216]]

 [[610 217]]

 [[611 217]]

 [[612 218]]

 [[613 218]]

 [[614 219]]

 [[615 219]]

 [[616 219]]

 [[617 220]]

 [[618 220]]

 [[619 220]]

 [[620 221]]

 [[621 221]]

 [[622 221]]

 [[623 222]]

 [[624 222]]

 [[625 222]]

 [[626 223]]

 [[627 223]]

 [[628 223]]

 [[629 223]]

 [[630 224]]

 [[631 224]]

 [[632 224]]

 [[633 224]]

 [[634 224]]

 [[635 225]]

 [[636 225]]

 [[637 225]]

 [[638 225]]

 [[638 224]]

 [[638 223]]

 [[638 222]]

 [[638 221]]

 [[638 220]]

 [[638 219]]

 [[638 218]]

 [[637 218]]

 [[636 218]]

 [[635 218]]

 [[634 218]]

 [[633 218]]

 [[632 218]]

 [[631 217]]

 [[630 216]]

 [[629 216]]

 [[628 215]]

 [[627 215]]

 [[626 214]]

 [[625 214]]

 [[624 214]]

 [[623 213]]

 [[622 213]]

 [[621 213]]

 [[620 213]]

 [[619 213]]

 [[618 213]]

 [[617 212]]

 [[616 211]]

 [[615 210]]

 [[614 210]]

 [[613 210]]

 [[612 210]]

 [[611 209]]

 [[610 209]]

 [[609 208]]

 [[608 207]]

 [[607 206]]

 [[606 206]]

 [[605 205]]

 [[604 205]]

 [[603 204]]

 [[602 203]]

 [[601 203]]

 [[600 202]]

 [[599 202]]

 [[598 202]]

 [[597 201]]

 [[596 200]]

 [[595 199]]

 [[594 198]]

 [[593 197]]

 [[592 197]]

 [[591 196]]

 [[590 195]]

 [[589 194]]

 [[588 193]]

 [[587 192]]

 [[586 191]]

 [[585 190]]

 [[584 190]]

 [[583 189]]

 [[583 188]]

 [[582 187]]

 [[582 186]]

 [[581 186]]

 [[580 185]]

 [[580 184]]

 [[579 183]]

 [[579 182]]

 [[578 181]]

 [[577 180]]

 [[576 179]]

 [[576 178]]

 [[575 177]]]
[[[  0   0]]

 [[380 153]]

 [[380 154]]

 [[380 155]]

 [[380 156]]

 [[380 157]]

 [[379 158]]

 [[378 158]]

 [[378 159]]

 [[378 160]]

 [[378 161]]

 [[378 162]]

 [[378 163]]

 [[377 164]]

 [[377 165]]

 [[376 166]]

 [[376 167]]

 [[376 168]]

 [[377 168]]

 [[378 169]]

 [[378 170]]

 [[377 171]]

 [[377 172]]

 [[377 173]]

 [[377 174]]

 [[377 175]]

 [[377 176]]

 [[377 177]]

 [[377 178]]

 [[376 179]]

 [[376 180]]

 [[376 181]]

 [[376 182]]

 [[376 183]]

 [[375 184]]

 [[374 183]]

 [[374 182]]

 [[374 181]]

 [[374 180]]

 [[374 179]]

 [[374 178]]

 [[374 177]]

 [[374 176]]

 [[373 175]]

 [[372 175]]

 [[371 174]]

 [[371 173]]

 [[370 172]]

 [[369 172]]

 [[368 172]]

 [[367 171]]

 [[366 170]]

 [[367 169]]

 [[366 168]]

 [[365 168]]

 [[364 167]]

 [[363 167]]

 [[362 168]]

 [[361 168]]

 [[360 169]]

 [[359 168]]

 [[359 169]]

 [[359 170]]

 [[359 171]]

 [[360 172]]

 [[360 173]]

 [[359 174]]

 [[358 173]]

 [[357 172]]

 [[357 171]]

 [[357 170]]

 [[356 170]]

 [[355 169]]

 [[354 169]]

 [[354 170]]

 [[355 171]]

 [[356 172]]

 [[357 173]]

 [[357 174]]

 [[357 175]]

 [[357 176]]

 [[357 177]]

 [[357 178]]

 [[358 179]]

 [[359 178]]

 [[360 179]]

 [[360 180]]

 [[361 181]]

 [[360 182]]

 [[359 182]]

 [[358 182]]

 [[357 182]]

 [[358 183]]

 [[357 184]]

 [[358 185]]

 [[359 185]]

 [[360 185]]

 [[361 185]]

 [[362 184]]

 [[363 183]]

 [[364 183]]

 [[365 183]]

 [[366 183]]

 [[367 183]]

 [[368 183]]

 [[369 184]]

 [[370 185]]

 [[370 186]]

 [[371 185]]

 [[372 186]]

 [[373 185]]

 [[373 184]]

 [[374 183]]

 [[375 184]]

 [[375 185]]

 [[375 186]]

 [[375 187]]

 [[375 188]]

 [[375 189]]

 [[375 190]]

 [[375 191]]

 [[376 191]]

 [[377 191]]

 [[378 190]]

 [[379 189]]

 [[379 188]]

 [[378 187]]

 [[378 186]]

 [[378 185]]

 [[379 184]]

 [[379 183]]

 [[379 182]]

 [[379 181]]

 [[379 180]]

 [[380 179]]

 [[380 178]]

 [[380 177]]

 [[380 176]]

 [[380 175]]

 [[380 174]]

 [[380 173]]

 [[380 172]]

 [[381 171]]

 [[382 170]]

 [[382 169]]

 [[381 168]]

 [[381 167]]

 [[381 166]]

 [[381 165]]

 [[381 164]]

 [[382 163]]

 [[382 162]]

 [[383 161]]

 [[382 160]]

 [[382 159]]

 [[382 158]]

 [[382 157]]

 [[382 156]]

 [[382 155]]

 [[382 154]]

 [[381 153]]]
[[[  0   0]]

 [[579 139]]

 [[578 139]]

 [[577 140]]

 [[576 141]]

 [[575 142]]

 [[575 143]]

 [[574 144]]

 [[574 145]]

 [[574 146]]

 [[573 147]]

 [[573 148]]

 [[574 149]]

 [[574 150]]

 [[574 151]]

 [[573 152]]

 [[572 152]]

 [[572 153]]

 [[572 154]]

 [[573 155]]

 [[574 156]]

 [[574 157]]

 [[575 158]]

 [[574 159]]

 [[574 160]]

 [[574 161]]

 [[573 162]]

 [[572 162]]

 [[571 161]]

 [[570 161]]

 [[569 160]]

 [[568 160]]

 [[569 161]]

 [[569 162]]

 [[569 163]]

 [[569 164]]

 [[569 165]]

 [[568 166]]

 [[568 167]]

 [[568 168]]

 [[569 169]]

 [[570 170]]

 [[571 171]]

 [[571 172]]

 [[572 173]]

 [[573 172]]

 [[573 171]]

 [[574 170]]

 [[575 169]]

 [[574 168]]

 [[575 167]]

 [[575 166]]

 [[575 165]]

 [[576 164]]

 [[577 164]]

 [[578 163]]

 [[579 163]]

 [[580 162]]

 [[580 161]]

 [[581 160]]

 [[581 159]]

 [[581 158]]

 [[581 157]]

 [[580 156]]

 [[580 155]]

 [[580 154]]

 [[580 153]]

 [[580 152]]

 [[579 151]]

 [[579 150]]

 [[580 149]]

 [[581 149]]

 [[582 149]]

 [[583 148]]

 [[584 148]]

 [[585 147]]

 [[585 146]]

 [[584 145]]

 [[583 144]]

 [[582 144]]

 [[581 143]]

 [[581 142]]

 [[581 141]]

 [[581 140]]

 [[581 139]]

 [[581 138]]]
[[[  0   0]]

 [[597 125]]

 [[596 125]]

 [[596 126]]

 [[595 127]]

 [[595 128]]

 [[594 129]]

 [[593 130]]

 [[593 131]]

 [[593 132]]

 [[593 133]]

 [[593 134]]

 [[593 135]]

 [[593 136]]

 [[593 137]]

 [[594 138]]

 [[594 139]]

 [[594 140]]

 [[595 141]]

 [[595 142]]

 [[596 143]]

 [[596 144]]

 [[596 145]]

 [[597 146]]

 [[597 147]]

 [[598 148]]

 [[598 149]]

 [[599 150]]

 [[600 150]]

 [[601 150]]

 [[602 150]]

 [[603 150]]

 [[604 151]]

 [[605 152]]

 [[606 153]]

 [[606 154]]

 [[607 155]]

 [[607 156]]

 [[608 156]]

 [[609 157]]

 [[610 158]]

 [[611 158]]

 [[612 159]]

 [[613 159]]

 [[614 160]]

 [[615 161]]

 [[616 162]]

 [[617 162]]

 [[618 163]]

 [[619 163]]

 [[620 164]]

 [[621 164]]

 [[622 164]]

 [[623 164]]

 [[624 165]]

 [[625 165]]

 [[626 165]]

 [[626 164]]

 [[626 163]]

 [[626 162]]

 [[625 161]]

 [[625 160]]

 [[625 159]]

 [[625 158]]

 [[625 157]]

 [[625 156]]

 [[626 155]]

 [[627 154]]

 [[628 155]]

 [[629 155]]

 [[630 155]]

 [[631 155]]

 [[632 155]]

 [[633 155]]

 [[634 155]]

 [[635 155]]

 [[636 155]]

 [[637 156]]

 [[638 156]]

 [[638 155]]

 [[638 154]]

 [[638 153]]

 [[637 153]]

 [[636 152]]

 [[635 152]]

 [[634 152]]

 [[633 151]]

 [[632 150]]

 [[631 150]]

 [[630 151]]

 [[629 152]]

 [[628 152]]

 [[627 153]]

 [[626 152]]

 [[625 152]]

 [[624 151]]

 [[623 150]]

 [[622 150]]

 [[621 150]]

 [[620 150]]

 [[619 150]]

 [[618 150]]

 [[617 150]]

 [[616 149]]

 [[615 149]]

 [[614 149]]

 [[613 149]]

 [[612 149]]

 [[611 149]]

 [[610 148]]

 [[609 148]]

 [[608 148]]

 [[607 148]]

 [[606 148]]

 [[605 148]]

 [[604 148]]

 [[603 147]]

 [[602 146]]

 [[602 145]]

 [[602 144]]

 [[601 143]]

 [[601 142]]

 [[601 141]]

 [[601 140]]

 [[601 139]]

 [[600 138]]

 [[600 137]]

 [[600 136]]

 [[600 135]]

 [[601 134]]

 [[601 133]]

 [[602 132]]

 [[603 131]]

 [[604 130]]

 [[605 130]]

 [[606 129]]

 [[607 129]]

 [[608 128]]

 [[609 127]]

 [[610 127]]

 [[611 127]]

 [[611 126]]

 [[610 125]]

 [[609 125]]

 [[608 125]]

 [[607 126]]

 [[606 126]]

 [[605 126]]

 [[604 126]]

 [[603 125]]

 [[602 125]]

 [[601 124]]

 [[600 124]]

 [[599 124]]]
[[[  0   0]]

 [[290 125]]

 [[289 126]]

 [[289 127]]

 [[289 128]]

 [[289 129]]

 [[289 130]]

 [[289 131]]

 [[289 132]]

 [[289 133]]

 [[289 134]]

 [[289 135]]

 [[289 136]]

 [[289 137]]

 [[289 138]]

 [[289 139]]

 [[289 140]]

 [[289 141]]

 [[289 142]]

 [[290 143]]

 [[290 144]]

 [[290 145]]

 [[290 146]]

 [[289 147]]

 [[289 148]]

 [[289 149]]

 [[289 150]]

 [[289 151]]

 [[289 152]]

 [[289 153]]

 [[289 154]]

 [[289 155]]

 [[289 156]]

 [[289 157]]

 [[289 158]]

 [[290 159]]

 [[290 160]]

 [[290 161]]

 [[290 162]]

 [[291 163]]

 [[292 163]]

 [[293 164]]

 [[293 165]]

 [[292 166]]

 [[291 166]]

 [[290 167]]

 [[290 168]]

 [[291 169]]

 [[291 170]]

 [[290 171]]

 [[289 171]]

 [[288 171]]

 [[287 172]]

 [[287 173]]

 [[287 174]]

 [[287 175]]

 [[287 176]]

 [[286 177]]

 [[286 178]]

 [[287 179]]

 [[287 180]]

 [[287 181]]

 [[288 182]]

 [[288 183]]

 [[288 184]]

 [[289 185]]

 [[290 186]]

 [[291 187]]

 [[291 188]]

 [[292 188]]

 [[293 189]]

 [[294 189]]

 [[295 190]]

 [[296 191]]

 [[297 192]]

 [[298 193]]

 [[299 193]]

 [[300 194]]

 [[301 194]]

 [[302 194]]

 [[303 195]]

 [[304 195]]

 [[305 196]]

 [[306 196]]

 [[307 197]]

 [[308 198]]

 [[309 198]]

 [[310 199]]

 [[311 199]]

 [[312 199]]

 [[313 199]]

 [[314 199]]

 [[315 199]]

 [[316 198]]

 [[317 197]]

 [[318 197]]

 [[319 197]]

 [[320 197]]

 [[321 198]]

 [[321 199]]

 [[321 200]]

 [[321 201]]

 [[321 202]]

 [[322 202]]

 [[323 202]]

 [[324 202]]

 [[325 202]]

 [[326 203]]

 [[327 203]]

 [[328 202]]

 [[329 202]]

 [[330 203]]

 [[331 203]]

 [[332 203]]

 [[333 204]]

 [[334 204]]

 [[335 204]]

 [[336 205]]

 [[337 205]]

 [[337 204]]

 [[336 203]]

 [[336 202]]

 [[335 203]]

 [[334 203]]

 [[333 203]]

 [[332 202]]

 [[331 201]]

 [[331 200]]

 [[330 200]]

 [[329 199]]

 [[329 198]]

 [[328 199]]

 [[327 199]]

 [[326 200]]

 [[325 200]]

 [[324 199]]

 [[323 198]]

 [[323 197]]

 [[324 196]]

 [[325 196]]

 [[326 196]]

 [[327 195]]

 [[328 194]]

 [[327 193]]

 [[327 192]]

 [[326 191]]

 [[326 190]]

 [[325 189]]

 [[326 188]]

 [[325 189]]

 [[324 189]]

 [[323 189]]

 [[322 189]]

 [[321 188]]

 [[320 187]]

 [[320 186]]

 [[320 185]]

 [[321 184]]

 [[322 183]]

 [[323 182]]

 [[323 181]]

 [[323 180]]

 [[323 179]]

 [[323 178]]

 [[322 177]]

 [[323 176]]

 [[324 176]]

 [[325 176]]

 [[326 176]]

 [[327 176]]

 [[328 176]]

 [[329 176]]

 [[330 176]]

 [[331 175]]

 [[331 174]]

 [[332 173]]

 [[332 172]]

 [[331 171]]

 [[330 171]]

 [[329 171]]

 [[328 171]]

 [[327 171]]

 [[326 171]]

 [[325 171]]

 [[324 171]]

 [[323 171]]

 [[322 171]]

 [[321 170]]

 [[320 170]]

 [[319 170]]

 [[318 170]]

 [[317 169]]

 [[316 169]]

 [[315 168]]

 [[314 168]]

 [[313 168]]

 [[312 168]]

 [[311 168]]

 [[310 167]]

 [[309 167]]

 [[308 167]]

 [[307 167]]

 [[306 166]]

 [[305 166]]

 [[304 166]]

 [[303 166]]

 [[302 166]]

 [[301 165]]

 [[300 164]]

 [[299 164]]

 [[298 163]]

 [[297 162]]

 [[296 161]]

 [[297 160]]

 [[297 159]]

 [[298 158]]

 [[299 157]]

 [[299 156]]

 [[300 155]]

 [[300 154]]

 [[300 153]]

 [[300 152]]

 [[300 151]]

 [[299 150]]

 [[298 150]]

 [[297 150]]

 [[298 151]]

 [[298 152]]

 [[298 153]]

 [[298 154]]

 [[298 155]]

 [[298 156]]

 [[297 157]]

 [[296 158]]

 [[296 159]]

 [[295 160]]

 [[294 159]]

 [[294 158]]

 [[293 157]]

 [[292 156]]

 [[292 155]]

 [[292 154]]

 [[293 153]]

 [[293 152]]

 [[293 151]]

 [[293 150]]

 [[293 149]]

 [[293 148]]

 [[293 147]]

 [[292 146]]

 [[292 145]]

 [[292 144]]

 [[292 143]]

 [[292 142]]

 [[292 141]]

 [[292 140]]

 [[291 139]]

 [[291 138]]

 [[291 137]]

 [[291 136]]

 [[291 135]]

 [[291 134]]

 [[291 133]]

 [[291 132]]

 [[292 131]]

 [[292 130]]

 [[292 129]]

 [[292 128]]

 [[292 127]]

 [[292 126]]

 [[292 125]]

 [[291 124]]]
[[[  0   0]]

 [[485 123]]

 [[484 123]]

 [[483 123]]

 [[482 124]]

 [[481 125]]

 [[482 126]]

 [[482 127]]

 [[482 128]]

 [[481 129]]

 [[481 130]]

 [[481 131]]

 [[480 132]]

 [[480 133]]

 [[480 134]]

 [[480 135]]

 [[480 136]]

 [[481 137]]

 [[481 138]]

 [[481 139]]

 [[481 140]]

 [[481 141]]

 [[481 142]]

 [[481 143]]

 [[481 144]]

 [[481 145]]

 [[481 146]]

 [[480 147]]

 [[480 148]]

 [[480 149]]

 [[480 150]]

 [[480 151]]

 [[480 152]]

 [[480 153]]

 [[479 154]]

 [[479 155]]

 [[478 156]]

 [[478 157]]

 [[478 158]]

 [[478 159]]

 [[478 160]]

 [[478 161]]

 [[478 162]]

 [[478 163]]

 [[478 164]]

 [[478 165]]

 [[478 166]]

 [[478 167]]

 [[478 168]]

 [[478 169]]

 [[479 170]]

 [[479 171]]

 [[479 172]]

 [[480 173]]

 [[480 174]]

 [[481 175]]

 [[481 176]]

 [[482 177]]

 [[482 178]]

 [[483 179]]

 [[484 180]]

 [[485 181]]

 [[486 181]]

 [[487 181]]

 [[488 181]]

 [[489 182]]

 [[490 182]]

 [[491 183]]

 [[492 183]]

 [[493 183]]

 [[494 183]]

 [[495 183]]

 [[496 184]]

 [[497 184]]

 [[498 184]]

 [[499 185]]

 [[500 186]]

 [[501 186]]

 [[502 187]]

 [[503 187]]

 [[504 187]]

 [[505 187]]

 [[506 187]]

 [[507 188]]

 [[508 188]]

 [[509 189]]

 [[510 189]]

 [[511 190]]

 [[512 190]]

 [[513 191]]

 [[514 191]]

 [[515 191]]

 [[516 191]]

 [[517 192]]

 [[518 192]]

 [[519 192]]

 [[520 192]]

 [[521 193]]

 [[522 193]]

 [[523 194]]

 [[524 194]]

 [[525 194]]

 [[526 195]]

 [[527 195]]

 [[528 195]]

 [[529 196]]

 [[530 196]]

 [[531 197]]

 [[532 198]]

 [[533 198]]

 [[534 198]]

 [[535 198]]

 [[536 198]]

 [[537 199]]

 [[538 199]]

 [[539 199]]

 [[540 200]]

 [[541 200]]

 [[542 200]]

 [[543 200]]

 [[544 200]]

 [[545 200]]

 [[546 200]]

 [[547 199]]

 [[548 199]]

 [[549 198]]

 [[550 197]]

 [[551 197]]

 [[552 196]]

 [[553 196]]

 [[553 195]]

 [[554 194]]

 [[555 193]]

 [[555 192]]

 [[556 191]]

 [[556 190]]

 [[557 189]]

 [[558 188]]

 [[559 188]]

 [[559 187]]

 [[559 186]]

 [[559 185]]

 [[559 184]]

 [[559 183]]

 [[559 182]]

 [[560 181]]

 [[561 180]]

 [[561 179]]

 [[562 178]]

 [[562 177]]

 [[562 176]]

 [[563 175]]

 [[563 174]]

 [[563 173]]

 [[564 172]]

 [[565 171]]

 [[565 170]]

 [[564 170]]

 [[563 170]]

 [[562 170]]

 [[561 171]]

 [[560 171]]

 [[559 172]]

 [[558 172]]

 [[557 173]]

 [[556 173]]

 [[555 173]]

 [[554 172]]

 [[553 172]]

 [[552 172]]

 [[551 173]]

 [[550 172]]

 [[549 172]]

 [[548 172]]

 [[547 171]]

 [[546 171]]

 [[545 171]]

 [[544 170]]

 [[543 170]]

 [[542 170]]

 [[541 169]]

 [[540 169]]

 [[539 169]]

 [[538 168]]

 [[537 167]]

 [[536 167]]

 [[535 167]]

 [[534 167]]

 [[533 167]]

 [[532 166]]

 [[531 166]]

 [[530 166]]

 [[529 165]]

 [[528 165]]

 [[527 164]]

 [[526 164]]

 [[525 164]]

 [[524 164]]

 [[523 164]]

 [[522 163]]

 [[521 162]]

 [[520 162]]

 [[519 162]]

 [[518 162]]

 [[517 162]]

 [[516 162]]

 [[515 161]]

 [[514 161]]

 [[513 160]]

 [[512 159]]

 [[511 159]]

 [[510 158]]

 [[509 158]]

 [[508 158]]

 [[507 158]]

 [[506 157]]

 [[505 157]]

 [[504 156]]

 [[503 156]]

 [[502 156]]

 [[501 156]]

 [[500 155]]

 [[499 155]]

 [[498 154]]

 [[497 154]]

 [[496 154]]

 [[495 154]]

 [[494 154]]

 [[493 154]]

 [[492 153]]

 [[491 152]]

 [[490 151]]

 [[489 150]]

 [[488 149]]

 [[488 148]]

 [[487 147]]

 [[486 146]]

 [[486 145]]

 [[486 144]]

 [[485 143]]

 [[484 142]]

 [[484 141]]

 [[483 140]]

 [[483 139]]

 [[483 138]]

 [[483 137]]

 [[483 136]]

 [[483 135]]

 [[483 134]]

 [[483 133]]

 [[483 132]]

 [[483 131]]

 [[482 130]]

 [[483 129]]

 [[484 129]]

 [[485 129]]

 [[486 129]]

 [[486 128]]

 [[486 127]]

 [[486 126]]

 [[486 125]]

 [[486 124]]

 [[486 123]]]
[[[  0   0]]

 [[488 160]]

 [[489 160]]

 [[490 161]]

 [[491 161]]

 [[492 161]]

 [[493 161]]

 [[494 161]]

 [[495 162]]

 [[496 162]]

 [[497 162]]

 [[498 163]]

 [[499 163]]

 [[500 163]]

 [[501 164]]

 [[502 164]]

 [[503 164]]

 [[504 165]]

 [[505 165]]

 [[506 166]]

 [[507 166]]

 [[508 166]]

 [[509 167]]

 [[510 167]]

 [[511 167]]

 [[512 168]]

 [[513 168]]

 [[514 169]]

 [[515 168]]

 [[516 169]]

 [[517 169]]

 [[518 169]]

 [[519 169]]

 [[520 170]]

 [[521 170]]

 [[522 171]]

 [[523 171]]

 [[524 172]]

 [[525 172]]

 [[526 172]]

 [[527 173]]

 [[528 173]]

 [[529 173]]

 [[530 173]]

 [[531 174]]

 [[532 174]]

 [[533 174]]

 [[534 175]]

 [[535 175]]

 [[536 175]]

 [[537 176]]

 [[538 176]]

 [[539 176]]

 [[540 177]]

 [[541 177]]

 [[542 177]]

 [[543 178]]

 [[544 178]]

 [[545 178]]

 [[546 179]]

 [[547 179]]

 [[548 180]]

 [[549 181]]

 [[550 182]]

 [[550 183]]

 [[550 184]]

 [[550 185]]

 [[549 186]]

 [[549 187]]

 [[549 188]]

 [[550 189]]

 [[550 190]]

 [[549 191]]

 [[548 191]]

 [[547 192]]

 [[546 192]]

 [[545 191]]

 [[544 191]]

 [[543 190]]

 [[542 191]]

 [[541 191]]

 [[540 191]]

 [[539 190]]

 [[538 190]]

 [[537 190]]

 [[536 190]]

 [[535 190]]

 [[534 189]]

 [[533 189]]

 [[532 189]]

 [[531 188]]

 [[530 188]]

 [[529 187]]

 [[528 187]]

 [[527 187]]

 [[526 186]]

 [[525 186]]

 [[524 185]]

 [[523 185]]

 [[522 185]]

 [[521 184]]

 [[520 184]]

 [[519 184]]

 [[518 183]]

 [[517 183]]

 [[516 183]]

 [[515 182]]

 [[514 182]]

 [[513 182]]

 [[512 181]]

 [[511 181]]

 [[510 181]]

 [[509 180]]

 [[508 180]]

 [[507 180]]

 [[506 179]]

 [[505 179]]

 [[504 178]]

 [[503 178]]

 [[502 178]]

 [[501 177]]

 [[500 177]]

 [[499 176]]

 [[498 176]]

 [[497 176]]

 [[496 175]]

 [[495 175]]

 [[494 174]]

 [[493 174]]

 [[492 173]]

 [[491 173]]

 [[490 172]]

 [[489 171]]

 [[488 170]]

 [[488 169]]

 [[487 168]]

 [[487 167]]

 [[487 166]]

 [[487 165]]

 [[486 164]]

 [[486 163]]

 [[486 162]]]
[[[  0   0]]

 [[572 115]]

 [[572 116]]

 [[571 117]]

 [[571 118]]

 [[570 119]]

 [[570 120]]

 [[570 121]]

 [[569 122]]

 [[568 123]]

 [[567 124]]

 [[566 124]]

 [[565 125]]

 [[564 125]]

 [[563 125]]

 [[562 125]]

 [[561 125]]

 [[560 125]]

 [[559 125]]

 [[558 124]]

 [[557 123]]

 [[557 122]]

 [[556 121]]

 [[556 120]]

 [[555 119]]

 [[555 118]]

 [[554 117]]

 [[553 117]]

 [[552 117]]

 [[551 117]]

 [[550 117]]

 [[549 117]]

 [[550 118]]

 [[550 119]]

 [[550 120]]

 [[550 121]]

 [[549 122]]

 [[550 123]]

 [[550 124]]

 [[550 125]]

 [[550 126]]

 [[550 127]]

 [[550 128]]

 [[550 129]]

 [[551 130]]

 [[552 130]]

 [[553 131]]

 [[554 131]]

 [[555 132]]

 [[556 132]]

 [[557 132]]

 [[558 132]]

 [[559 133]]

 [[560 133]]

 [[561 133]]

 [[562 134]]

 [[563 134]]

 [[564 134]]

 [[565 134]]

 [[566 134]]

 [[567 133]]

 [[568 133]]

 [[569 132]]

 [[570 131]]

 [[571 131]]

 [[572 130]]

 [[573 130]]

 [[574 129]]

 [[575 128]]

 [[575 127]]

 [[576 126]]

 [[576 125]]

 [[576 124]]

 [[576 123]]

 [[576 122]]

 [[576 121]]

 [[576 120]]

 [[576 119]]

 [[575 118]]

 [[575 117]]

 [[575 116]]

 [[575 115]]

 [[574 114]]]
[[[  0   0]]

 [[416  97]]

 [[415  97]]

 [[414  97]]

 [[413  98]]

 [[412  98]]

 [[411  98]]

 [[412  99]]

 [[413 100]]

 [[414 100]]

 [[415 101]]

 [[416 101]]

 [[417 101]]

 [[418 102]]

 [[419 103]]

 [[420 103]]

 [[421 103]]

 [[422 104]]

 [[423 104]]

 [[424 104]]

 [[425 104]]

 [[426 105]]

 [[427 105]]

 [[428 105]]

 [[429 106]]

 [[430 106]]

 [[431 106]]

 [[432 106]]

 [[433 107]]

 [[434 107]]

 [[435 107]]

 [[436 107]]

 [[437 107]]

 [[438 107]]

 [[439 107]]

 [[440 108]]

 [[441 108]]

 [[442 108]]

 [[443 108]]

 [[444 108]]

 [[445 109]]

 [[446 109]]

 [[447 109]]

 [[448 109]]

 [[449 109]]

 [[450 108]]

 [[450 107]]

 [[449 106]]

 [[448 105]]

 [[447 105]]

 [[446 104]]

 [[445 104]]

 [[444 103]]

 [[443 103]]

 [[442 103]]

 [[441 102]]

 [[440 102]]

 [[439 101]]

 [[438 101]]

 [[437 101]]

 [[436 101]]

 [[435 100]]

 [[434 100]]

 [[433 100]]

 [[432 100]]

 [[431 100]]

 [[430 100]]

 [[429  99]]

 [[428  99]]

 [[427  98]]

 [[426  98]]

 [[425  97]]

 [[424  97]]

 [[423  97]]

 [[422  97]]

 [[421  97]]

 [[420  97]]

 [[419  97]]

 [[418  96]]]
[[[  0   0]]

 [[378  95]]

 [[378  96]]

 [[378  97]]

 [[378  98]]

 [[378  99]]

 [[378 100]]

 [[378 101]]

 [[378 102]]

 [[378 103]]

 [[377 104]]

 [[377 105]]

 [[377 106]]

 [[377 107]]

 [[377 108]]

 [[377 109]]

 [[377 110]]

 [[377 111]]

 [[377 112]]

 [[377 113]]

 [[377 114]]

 [[377 115]]

 [[376 116]]

 [[376 117]]

 [[376 118]]

 [[376 119]]

 [[376 120]]

 [[376 121]]

 [[376 122]]

 [[376 123]]

 [[376 124]]

 [[376 125]]

 [[376 126]]

 [[376 127]]

 [[376 128]]

 [[375 129]]

 [[375 130]]

 [[375 131]]

 [[376 132]]

 [[376 133]]

 [[376 134]]

 [[376 135]]

 [[376 136]]

 [[376 137]]

 [[375 138]]

 [[375 139]]

 [[374 140]]

 [[374 141]]

 [[374 142]]

 [[374 143]]

 [[374 144]]

 [[374 145]]

 [[374 146]]

 [[373 147]]

 [[372 148]]

 [[371 147]]

 [[371 146]]

 [[371 145]]

 [[371 146]]

 [[371 147]]

 [[371 148]]

 [[372 149]]

 [[372 150]]

 [[373 151]]

 [[373 152]]

 [[373 153]]

 [[372 154]]

 [[372 155]]

 [[372 156]]

 [[371 157]]

 [[371 158]]

 [[371 159]]

 [[370 160]]

 [[370 161]]

 [[369 162]]

 [[369 163]]

 [[368 164]]

 [[368 165]]

 [[369 166]]

 [[370 167]]

 [[371 166]]

 [[372 166]]

 [[373 165]]

 [[373 164]]

 [[373 163]]

 [[374 162]]

 [[374 161]]

 [[374 160]]

 [[374 159]]

 [[374 158]]

 [[375 157]]

 [[376 156]]

 [[376 155]]

 [[376 154]]

 [[377 153]]

 [[378 152]]

 [[378 151]]

 [[377 150]]

 [[377 149]]

 [[377 148]]

 [[378 147]]

 [[379 147]]

 [[380 146]]

 [[380 145]]

 [[380 144]]

 [[381 143]]

 [[382 142]]

 [[382 141]]

 [[382 140]]

 [[382 139]]

 [[382 138]]

 [[381 138]]

 [[380 137]]

 [[381 136]]

 [[382 136]]

 [[382 135]]

 [[383 134]]

 [[382 133]]

 [[381 134]]

 [[380 133]]

 [[380 132]]

 [[381 131]]

 [[381 130]]

 [[382 129]]

 [[382 128]]

 [[382 127]]

 [[382 126]]

 [[383 125]]

 [[384 124]]

 [[384 123]]

 [[383 122]]

 [[383 121]]

 [[383 120]]

 [[383 119]]

 [[383 118]]

 [[383 117]]

 [[383 116]]

 [[383 115]]

 [[384 114]]

 [[384 113]]

 [[384 112]]

 [[384 111]]

 [[384 110]]

 [[384 109]]

 [[384 108]]

 [[384 107]]

 [[384 106]]

 [[384 105]]

 [[385 104]]

 [[385 103]]

 [[384 102]]

 [[383 102]]

 [[383 103]]

 [[383 104]]

 [[383 105]]

 [[383 106]]

 [[383 107]]

 [[382 108]]

 [[382 109]]

 [[381 110]]

 [[380 109]]

 [[379 108]]

 [[379 107]]

 [[379 106]]

 [[379 105]]

 [[379 104]]

 [[380 103]]

 [[380 102]]

 [[380 101]]

 [[380 100]]

 [[380  99]]

 [[380  98]]

 [[380  97]]

 [[380  96]]

 [[380  95]]

 [[380  94]]]
[[[  0   0]]

 [[499  91]]

 [[498  91]]

 [[498  92]]

 [[497  93]]

 [[497  94]]

 [[496  95]]

 [[495  96]]

 [[495  97]]

 [[495  98]]

 [[495  99]]

 [[495 100]]

 [[495 101]]

 [[495 102]]

 [[495 103]]

 [[495 104]]

 [[496 105]]

 [[496 106]]

 [[497 107]]

 [[498 108]]

 [[499 109]]

 [[499 110]]

 [[500 111]]

 [[500 112]]

 [[501 113]]

 [[501 114]]

 [[502 115]]

 [[503 115]]

 [[504 115]]

 [[505 115]]

 [[506 116]]

 [[507 116]]

 [[508 116]]

 [[509 116]]

 [[510 116]]

 [[511 116]]

 [[512 117]]

 [[513 117]]

 [[514 118]]

 [[515 119]]

 [[516 119]]

 [[517 118]]

 [[518 118]]

 [[519 117]]

 [[520 116]]

 [[520 115]]

 [[520 114]]

 [[520 113]]

 [[520 112]]

 [[521 111]]

 [[521 110]]

 [[521 109]]

 [[521 108]]

 [[520 108]]

 [[519 108]]

 [[518 108]]

 [[517 108]]

 [[516 108]]

 [[515 108]]

 [[514 108]]

 [[513 108]]

 [[512 108]]

 [[511 108]]

 [[510 108]]

 [[509 108]]

 [[508 108]]

 [[507 108]]

 [[506 107]]

 [[505 106]]

 [[505 105]]

 [[505 104]]

 [[504 103]]

 [[504 102]]

 [[503 101]]

 [[503 100]]

 [[503  99]]

 [[502  98]]

 [[502  97]]

 [[502  96]]

 [[503  95]]

 [[503  94]]

 [[502  93]]

 [[503  92]]

 [[503  91]]

 [[502  91]]

 [[501  90]]]
[[[  0   0]]

 [[411  83]]

 [[410  83]]

 ..., 
 [[415  83]]

 [[414  83]]

 [[413  82]]]
[[[  0   0]]

 [[210  48]]

 [[209  48]]

 ..., 
 [[214  48]]

 [[213  47]]

 [[212  47]]]
[[[  0   0]]

 [[322  56]]

 [[323  56]]

 [[324  56]]

 [[325  57]]

 [[326  58]]

 [[325  59]]

 [[324  60]]

 [[325  60]]

 [[326  60]]

 [[327  60]]

 [[328  59]]

 [[329  59]]

 [[330  59]]

 [[331  59]]

 [[332  59]]

 [[333  59]]

 [[334  59]]

 [[335  59]]

 [[336  59]]

 [[337  59]]

 [[338  60]]

 [[339  60]]

 [[340  61]]

 [[341  61]]

 [[342  62]]

 [[343  62]]

 [[344  62]]

 [[345  62]]

 [[346  62]]

 [[347  63]]

 [[348  63]]

 [[349  64]]

 [[350  64]]

 [[351  64]]

 [[352  64]]

 [[353  64]]

 [[354  64]]

 [[355  65]]

 [[356  65]]

 [[357  64]]

 [[358  65]]

 [[359  66]]

 [[360  67]]

 [[361  67]]

 [[362  68]]

 [[362  67]]

 [[361  66]]

 [[362  65]]

 [[363  65]]

 [[364  66]]

 [[365  67]]

 [[366  68]]

 [[366  69]]

 [[366  70]]

 [[365  71]]

 [[366  71]]

 [[367  71]]

 [[368  71]]

 [[369  72]]

 [[370  72]]

 [[371  72]]

 [[372  73]]

 [[372  74]]

 [[373  75]]

 [[373  76]]

 [[372  77]]

 [[371  78]]

 [[370  79]]

 [[369  79]]

 [[368  80]]

 [[367  81]]

 [[366  81]]

 [[365  82]]

 [[364  82]]

 [[363  82]]

 [[362  82]]

 [[361  81]]

 [[361  80]]

 [[361  79]]

 [[361  78]]

 [[361  77]]

 [[362  76]]

 [[362  75]]

 [[362  74]]

 [[362  73]]

 [[362  72]]

 [[361  73]]

 [[361  74]]

 [[360  75]]

 [[359  76]]

 [[358  77]]

 [[357  78]]

 [[356  78]]

 [[355  79]]

 [[354  80]]

 [[353  80]]

 [[352  80]]

 [[351  80]]

 [[350  80]]

 [[349  81]]

 [[348  81]]

 [[347  81]]

 [[346  81]]

 [[345  80]]

 [[344  80]]

 [[343  81]]

 [[342  80]]

 [[341  80]]

 [[340  80]]

 [[340  81]]

 [[339  82]]

 [[338  82]]

 [[337  82]]

 [[336  82]]

 [[335  82]]

 [[334  82]]

 [[333  82]]

 [[332  82]]

 [[331  81]]

 [[330  81]]

 [[329  81]]

 [[328  80]]

 [[327  80]]

 [[326  80]]

 [[325  79]]

 [[324  80]]

 [[323  81]]

 [[322  81]]

 [[321  81]]

 [[320  81]]

 [[319  80]]

 [[318  80]]

 [[317  80]]

 [[316  80]]

 [[315  79]]

 [[314  78]]

 [[314  77]]

 [[313  76]]

 [[312  76]]

 [[311  76]]

 [[310  76]]

 [[309  75]]

 [[308  75]]

 [[307  74]]

 [[306  73]]

 [[305  73]]

 [[304  74]]

 [[303  73]]

 [[302  72]]

 [[302  71]]

 [[302  70]]

 [[302  69]]

 [[302  68]]

 [[302  67]]

 [[303  66]]

 [[304  65]]

 [[305  65]]

 [[306  65]]

 [[307  65]]

 [[307  64]]

 [[306  64]]

 [[305  63]]

 [[305  62]]

 [[306  61]]

 [[307  60]]

 [[308  60]]

 [[309  60]]

 [[310  60]]

 [[311  61]]

 [[312  61]]

 [[313  60]]

 [[314  60]]

 [[315  59]]

 [[316  58]]

 [[317  58]]

 [[318  58]]

 [[319  58]]

 [[320  57]]]
