[[[  0   0]]

 [[248   3]]

 [[247   3]]

 [[246   3]]

 [[245   3]]

 [[244   3]]

 [[243   3]]

 [[242   3]]

 [[241   3]]

 [[240   3]]

 [[239   3]]

 [[238   4]]

 [[237   4]]

 [[236   5]]

 [[235   5]]

 [[234   6]]

 [[233   6]]

 [[232   7]]

 [[231   7]]

 [[230   7]]

 [[229   7]]

 [[228   8]]

 [[227   8]]

 [[226   8]]

 [[225   9]]

 [[224   9]]

 [[224  10]]

 [[223  11]]

 [[222  12]]

 [[221  13]]

 [[220  14]]

 [[220  15]]

 [[220  16]]

 [[220  17]]

 [[220  18]]

 [[219  19]]

 [[219  20]]

 [[219  21]]

 [[219  22]]

 [[219  23]]

 [[219  24]]

 [[220  25]]

 [[221  25]]

 [[222  26]]

 [[223  27]]

 [[224  28]]

 [[225  29]]

 [[226  30]]

 [[227  30]]

 [[228  31]]

 [[229  31]]

 [[230  32]]

 [[231  32]]

 [[232  33]]

 [[233  34]]

 [[234  35]]

 [[235  36]]

 [[236  36]]

 [[237  37]]

 [[238  37]]

 [[238  36]]

 [[238  35]]

 [[239  34]]

 [[239  33]]

 [[239  32]]

 [[240  31]]

 [[240  30]]

 [[239  29]]

 [[238  29]]

 [[237  28]]

 [[236  28]]

 [[235  28]]

 [[234  27]]

 [[233  27]]

 [[232  26]]

 [[231  26]]

 [[230  26]]

 [[229  26]]

 [[228  26]]

 [[227  25]]

 [[227  24]]

 [[226  23]]

 [[226  22]]

 [[226  21]]

 [[226  20]]

 [[226  19]]

 [[226  18]]

 [[226  17]]

 [[227  16]]

 [[228  15]]

 [[229  14]]

 [[229  13]]

 [[230  12]]

 [[231  11]]

 [[232  10]]

 [[233  10]]

 [[234   9]]

 [[235   9]]

 [[236   9]]

 [[237   8]]

 [[238   8]]

 [[239   7]]

 [[240   7]]

 [[241   7]]

 [[242   6]]

 [[243   6]]

 [[244   6]]

 [[245   6]]

 [[246   6]]

 [[247   5]]

 [[248   4]]

 [[249   4]]

 [[250   4]]

 [[251   4]]

 [[252   4]]

 [[253   4]]

 [[254   4]]

 [[255   4]]

 [[256   4]]

 [[257   3]]

 [[258   4]]

 [[259   4]]

 [[260   4]]

 [[261   4]]

 [[262   4]]

 [[263   3]]

 [[264   2]]

 [[265   2]]

 [[266   2]]

 [[265   2]]

 [[264   2]]

 [[263   2]]

 [[262   2]]

 [[261   2]]

 [[260   2]]

 [[259   2]]

 [[258   2]]

 [[257   3]]

 [[256   3]]

 [[255   3]]

 [[254   3]]

 [[253   3]]

 [[252   3]]

 [[251   2]]

 [[250   2]]]
