[[[  0   0]]

 [[447  64]]

 [[446  65]]

 [[446  66]]

 [[446  67]]

 [[446  68]]

 [[446  69]]

 [[446  70]]

 [[446  71]]

 [[446  72]]

 [[445  73]]

 [[445  74]]

 [[444  75]]

 [[444  76]]

 [[444  77]]

 [[445  78]]

 [[445  79]]

 [[445  80]]

 [[444  81]]

 [[444  82]]

 [[444  83]]

 [[444  84]]

 [[444  85]]

 [[443  86]]

 [[443  87]]

 [[443  88]]

 [[443  89]]

 [[442  90]]

 [[442  91]]

 [[442  92]]

 [[441  93]]

 [[441  94]]

 [[441  95]]

 [[441  96]]

 [[440  97]]

 [[440  98]]

 [[440  99]]

 [[440 100]]

 [[440 101]]

 [[440 102]]

 [[440 103]]

 [[439 104]]

 [[439 105]]

 [[439 106]]

 [[439 107]]

 [[439 108]]

 [[439 109]]

 [[438 110]]

 [[437 110]]

 [[437 111]]

 [[437 112]]

 [[436 113]]

 [[436 114]]

 [[436 115]]

 [[436 116]]

 [[435 117]]

 [[435 118]]

 [[435 119]]

 [[434 120]]

 [[433 121]]

 [[433 122]]

 [[433 123]]

 [[433 124]]

 [[433 125]]

 [[432 126]]

 [[432 127]]

 [[433 127]]

 [[433 126]]

 [[434 125]]

 [[435 126]]

 [[436 127]]

 [[437 128]]

 [[437 129]]

 [[438 130]]

 [[439 130]]

 [[440 131]]

 [[441 131]]

 [[442 130]]

 [[443 130]]

 [[444 130]]

 [[445 130]]

 [[446 131]]

 [[446 132]]

 [[447 133]]

 [[448 133]]

 [[449 133]]

 [[450 133]]

 [[451 132]]

 [[452 133]]

 [[453 134]]

 [[454 135]]

 [[455 135]]

 [[456 136]]

 [[457 136]]

 [[458 136]]

 [[459 136]]

 [[460 136]]

 [[461 136]]

 [[462 136]]

 [[463 136]]

 [[464 135]]

 [[465 135]]

 [[466 135]]

 [[467 135]]

 [[468 135]]

 [[469 136]]

 [[470 136]]

 [[471 136]]

 [[472 135]]

 [[473 135]]

 [[474 135]]

 [[475 135]]

 [[476 135]]

 [[476 134]]

 [[476 133]]

 [[477 132]]

 [[477 131]]

 [[478 130]]

 [[478 129]]

 [[478 128]]

 [[477 127]]

 [[477 126]]

 [[477 125]]

 [[478 124]]

 [[478 123]]

 [[479 122]]

 [[479 121]]

 [[479 120]]

 [[478 119]]

 [[478 118]]

 [[478 117]]

 [[478 116]]

 [[478 115]]

 [[478 114]]

 [[478 113]]

 [[478 112]]

 [[478 111]]

 [[479 110]]

 [[479 109]]

 [[480 108]]

 [[480 107]]

 [[481 106]]

 [[480 105]]

 [[480 104]]

 [[480 103]]

 [[481 102]]

 [[481 101]]

 [[481 100]]

 [[481  99]]

 [[481  98]]

 [[481  97]]

 [[481  96]]

 [[482  95]]

 [[482  94]]

 [[482  93]]

 [[482  92]]

 [[482  91]]

 [[482  90]]

 [[482  89]]

 [[482  88]]

 [[483  87]]

 [[483  86]]

 [[483  85]]

 [[483  84]]

 [[483  83]]

 [[484  82]]

 [[484  81]]

 [[483  80]]

 [[484  79]]

 [[484  78]]

 [[484  77]]

 [[484  76]]

 [[484  75]]

 [[484  74]]

 [[484  73]]

 [[484  72]]

 [[483  71]]

 [[482  70]]

 [[481  70]]

 [[480  70]]

 [[479  70]]

 [[478  70]]

 [[477  70]]

 [[476  70]]

 [[475  69]]

 [[474  69]]

 [[473  68]]

 [[472  68]]

 [[471  67]]

 [[470  67]]

 [[469  67]]

 [[468  66]]

 [[467  66]]

 [[466  65]]

 [[465  65]]

 [[464  65]]

 [[463  65]]

 [[462  65]]

 [[461  65]]

 [[460  65]]

 [[459  65]]

 [[458  65]]

 [[457  65]]

 [[456  65]]

 [[455  64]]

 [[454  64]]

 [[453  64]]

 [[452  63]]

 [[451  63]]

 [[450  63]]

 [[449  63]]]
[[[  0   0]]

 [[473  71]]

 [[474  71]]

 [[475  72]]

 [[476  73]]

 [[477  74]]

 [[477  75]]

 [[478  76]]

 [[477  77]]

 [[478  78]]

 [[477  79]]

 [[477  80]]

 [[476  81]]

 [[476  82]]

 [[476  83]]

 [[476  84]]

 [[475  85]]

 [[476  86]]

 [[475  87]]

 [[475  88]]

 [[476  89]]

 [[476  90]]

 [[475  91]]

 [[475  92]]

 [[474  93]]

 [[474  94]]

 [[474  95]]

 [[474  96]]

 [[474  97]]

 [[474  98]]

 [[474  99]]

 [[474 100]]

 [[474 101]]

 [[474 102]]

 [[474 103]]

 [[473 104]]

 [[474 105]]

 [[474 106]]

 [[473 107]]

 [[472 108]]

 [[472 109]]

 [[472 110]]

 [[472 111]]

 [[472 112]]

 [[472 113]]

 [[472 114]]

 [[472 115]]

 [[471 116]]

 [[471 117]]

 [[471 118]]

 [[471 119]]

 [[470 120]]

 [[470 121]]

 [[469 122]]

 [[468 122]]

 [[468 123]]

 [[468 124]]

 [[467 125]]

 [[466 125]]

 [[465 126]]

 [[464 126]]

 [[463 126]]

 [[462 125]]

 [[461 125]]

 [[460 125]]

 [[459 126]]

 [[458 126]]

 [[457 126]]

 [[456 125]]

 [[455 124]]

 [[454 123]]

 [[453 123]]

 [[452 123]]

 [[451 122]]

 [[450 122]]

 [[449 122]]

 [[448 123]]

 [[447 124]]

 [[447 125]]

 [[446 126]]

 [[445 126]]

 [[444 126]]

 [[443 126]]

 [[442 126]]

 [[441 125]]

 [[441 124]]

 [[441 123]]

 [[441 122]]

 [[441 121]]

 [[442 120]]

 [[443 120]]

 [[444 119]]

 [[445 118]]

 [[446 118]]

 [[445 117]]

 [[444 117]]

 [[443 117]]

 [[442 117]]

 [[441 116]]

 [[441 115]]

 [[440 114]]

 [[441 113]]

 [[442 112]]

 [[443 111]]

 [[443 110]]

 [[443 109]]

 [[443 108]]

 [[443 107]]

 [[443 106]]

 [[444 105]]

 [[444 104]]

 [[444 103]]

 [[444 102]]

 [[445 101]]

 [[446 101]]

 [[447 101]]

 [[447 100]]

 [[447  99]]

 [[447  98]]

 [[447  97]]

 [[447  96]]

 [[446  97]]

 [[445  96]]

 [[444  95]]

 [[444  94]]

 [[444  93]]

 [[444  92]]

 [[445  91]]

 [[446  91]]

 [[447  91]]

 [[448  91]]

 [[449  92]]

 [[450  93]]

 [[450  92]]

 [[449  91]]

 [[449  90]]

 [[448  89]]

 [[448  88]]

 [[447  87]]

 [[448  86]]

 [[447  85]]

 [[448  84]]

 [[447  83]]

 [[447  82]]

 [[447  81]]

 [[448  80]]

 [[448  79]]

 [[448  78]]

 [[448  77]]

 [[449  76]]

 [[449  75]]

 [[450  74]]

 [[451  74]]

 [[452  75]]

 [[453  75]]

 [[454  75]]

 [[454  74]]

 [[455  73]]

 [[456  72]]

 [[457  72]]

 [[458  72]]

 [[459  72]]

 [[460  73]]

 [[461  73]]

 [[462  74]]

 [[463  75]]

 [[463  76]]

 [[463  75]]

 [[464  74]]

 [[465  75]]

 [[466  74]]

 [[467  74]]

 [[468  74]]

 [[469  74]]

 [[470  75]]

 [[471  74]]

 [[471  73]]]
