[[[  0   0]]

 [[551 180]]

 [[552 181]]

 [[552 182]]

 [[552 183]]

 [[552 184]]

 [[553 185]]

 [[553 186]]

 [[554 186]]

 [[555 187]]

 [[555 188]]

 [[556 189]]

 [[557 190]]

 [[558 190]]

 [[559 191]]

 [[560 192]]

 [[561 193]]

 [[562 194]]

 [[562 195]]

 [[563 195]]

 [[564 196]]

 [[565 197]]

 [[566 198]]

 [[567 198]]

 [[568 199]]

 [[568 200]]

 [[568 201]]

 [[569 202]]

 [[570 203]]

 [[571 204]]

 [[571 205]]

 [[572 206]]

 [[572 207]]

 [[571 208]]

 [[570 209]]

 [[569 210]]

 [[568 211]]

 [[567 212]]

 [[566 213]]

 [[565 214]]

 [[564 215]]

 [[563 216]]

 [[562 217]]

 [[562 218]]

 [[561 219]]

 [[560 220]]

 [[559 220]]

 [[558 220]]

 [[557 219]]

 [[556 219]]

 [[555 218]]

 [[554 217]]

 [[553 217]]

 [[552 216]]

 [[551 216]]

 [[550 215]]

 [[549 214]]

 [[548 213]]

 [[547 213]]

 [[546 212]]

 [[545 211]]

 [[545 210]]

 [[545 209]]

 [[545 208]]

 [[546 207]]

 [[546 206]]

 [[546 205]]

 [[546 204]]

 [[547 203]]

 [[547 202]]

 [[547 201]]

 [[547 200]]

 [[548 199]]

 [[548 198]]

 [[549 197]]

 [[549 196]]

 [[549 195]]

 [[549 194]]

 [[549 193]]

 [[549 192]]

 [[548 192]]

 [[547 193]]

 [[546 193]]

 [[545 193]]

 [[545 194]]

 [[546 195]]

 [[546 196]]

 [[546 197]]

 [[545 198]]

 [[545 199]]

 [[544 200]]

 [[543 201]]

 [[542 201]]

 [[541 202]]

 [[540 202]]

 [[539 202]]

 [[538 202]]

 [[537 201]]

 [[536 200]]

 [[535 199]]

 [[534 198]]

 [[533 199]]

 [[532 200]]

 [[532 201]]

 [[532 202]]

 [[533 203]]

 [[534 204]]

 [[535 204]]

 [[536 204]]

 [[537 204]]

 [[538 205]]

 [[539 205]]

 [[540 205]]

 [[541 206]]

 [[542 207]]

 [[543 208]]

 [[542 209]]

 [[541 210]]

 [[541 211]]

 [[541 212]]

 [[542 212]]

 [[543 213]]

 [[544 214]]

 [[545 215]]

 [[546 216]]

 [[547 217]]

 [[548 217]]

 [[549 218]]

 [[550 219]]

 [[551 220]]

 [[552 219]]

 [[553 220]]

 [[554 220]]

 [[555 221]]

 [[555 222]]

 [[556 222]]

 [[557 223]]

 [[558 223]]

 [[559 223]]

 [[560 222]]

 [[561 221]]

 [[562 221]]

 [[563 221]]

 [[564 220]]

 [[565 220]]

 [[566 219]]

 [[567 218]]

 [[568 217]]

 [[569 217]]

 [[570 216]]

 [[571 216]]

 [[572 216]]

 [[573 216]]

 [[574 216]]

 [[575 215]]

 [[575 214]]

 [[575 213]]

 [[574 213]]

 [[573 212]]

 [[573 211]]

 [[572 210]]

 [[573 209]]

 [[574 208]]

 [[575 209]]

 [[575 208]]

 [[575 207]]

 [[575 206]]

 [[575 205]]

 [[575 204]]

 [[575 203]]

 [[574 202]]

 [[574 201]]

 [[574 200]]

 [[573 200]]

 [[572 199]]

 [[572 198]]

 [[571 197]]

 [[570 196]]

 [[569 195]]

 [[568 194]]

 [[568 193]]

 [[568 192]]

 [[568 191]]

 [[567 190]]

 [[567 189]]

 [[566 188]]

 [[566 187]]

 [[566 186]]

 [[565 185]]

 [[564 184]]

 [[563 183]]

 [[562 184]]

 [[561 185]]

 [[560 186]]

 [[559 185]]

 [[558 184]]

 [[557 183]]

 [[556 183]]

 [[555 182]]

 [[555 181]]

 [[554 180]]

 [[553 179]]

 [[552 179]]]
[[[  0   0]]

 [[  9 159]]

 [[  9 160]]

 [[  8 161]]

 [[  7 162]]

 [[  6 163]]

 [[  5 163]]

 [[  4 164]]

 [[  3 164]]

 [[  2 165]]

 [[  1 164]]

 [[  1 165]]

 [[  1 166]]

 [[  1 167]]

 [[  1 168]]

 [[  1 169]]

 [[  1 170]]

 [[  2 170]]

 [[  3 170]]

 [[  4 169]]

 [[  5 168]]

 [[  6 168]]

 [[  7 168]]

 [[  8 168]]

 [[  9 168]]

 [[ 10 168]]

 [[ 11 168]]

 [[ 12 168]]

 [[ 13 168]]

 [[ 14 168]]

 [[ 15 168]]

 [[ 16 168]]

 [[ 17 168]]

 [[ 18 168]]

 [[ 19 168]]

 [[ 20 168]]

 [[ 21 168]]

 [[ 22 168]]

 [[ 23 168]]

 [[ 24 167]]

 [[ 25 167]]

 [[ 26 168]]

 [[ 27 168]]

 [[ 28 169]]

 [[ 29 169]]

 [[ 30 169]]

 [[ 31 169]]

 [[ 32 169]]

 [[ 33 170]]

 [[ 34 170]]

 [[ 35 170]]

 [[ 36 171]]

 [[ 37 171]]

 [[ 38 171]]

 [[ 39 172]]

 [[ 40 173]]

 [[ 40 174]]

 [[ 41 175]]

 [[ 41 176]]

 [[ 41 177]]

 [[ 41 178]]

 [[ 41 179]]

 [[ 41 180]]

 [[ 40 181]]

 [[ 39 181]]

 [[ 38 180]]

 [[ 38 179]]

 [[ 38 178]]

 [[ 38 179]]

 [[ 38 180]]

 [[ 38 181]]

 [[ 38 182]]

 [[ 38 183]]

 [[ 39 184]]

 [[ 39 185]]

 [[ 39 186]]

 [[ 38 187]]

 [[ 37 187]]

 [[ 36 187]]

 [[ 35 188]]

 [[ 34 189]]

 [[ 34 190]]

 [[ 34 191]]

 [[ 34 192]]

 [[ 33 193]]

 [[ 32 192]]

 [[ 31 192]]

 [[ 30 192]]

 [[ 29 193]]

 [[ 28 194]]

 [[ 27 195]]

 [[ 26 195]]

 [[ 25 196]]

 [[ 24 196]]

 [[ 23 197]]

 [[ 22 196]]

 [[ 22 195]]

 [[ 21 194]]

 [[ 21 195]]

 [[ 22 196]]

 [[ 22 197]]

 [[ 22 198]]

 [[ 21 199]]

 [[ 20 199]]

 [[ 19 200]]

 [[ 18 200]]

 [[ 17 200]]

 [[ 16 199]]

 [[ 15 199]]

 [[ 14 200]]

 [[ 13 200]]

 [[ 13 201]]

 [[ 13 202]]

 [[ 13 203]]

 [[ 12 204]]

 [[ 11 204]]

 [[ 10 203]]

 [[  9 203]]

 [[  8 203]]

 [[  7 203]]

 [[  6 204]]

 [[  5 205]]

 [[  4 205]]

 [[  3 205]]

 [[  2 205]]

 [[  2 206]]

 [[  2 207]]

 [[  2 208]]

 [[  1 209]]

 [[  1 210]]

 [[  1 211]]

 [[  2 210]]

 [[  3 210]]

 [[  4 209]]

 [[  5 209]]

 [[  6 208]]

 [[  7 208]]

 [[  8 208]]

 [[  9 207]]

 [[ 10 206]]

 [[ 11 206]]

 [[ 12 206]]

 [[ 13 205]]

 [[ 14 205]]

 [[ 15 204]]

 [[ 16 203]]

 [[ 17 203]]

 [[ 18 203]]

 [[ 19 203]]

 [[ 20 202]]

 [[ 21 202]]

 [[ 22 203]]

 [[ 21 204]]

 [[ 20 205]]

 [[ 19 206]]

 [[ 18 207]]

 [[ 17 207]]

 [[ 16 207]]

 [[ 15 208]]

 [[ 14 209]]

 [[ 13 209]]

 [[ 12 210]]

 [[ 11 210]]

 [[ 10 211]]

 [[  9 211]]

 [[  8 212]]

 [[  7 212]]

 [[  6 212]]

 [[  5 213]]

 [[  4 213]]

 [[  3 214]]

 [[  2 214]]

 [[  1 214]]

 [[  1 215]]

 [[  2 215]]

 [[  3 215]]

 [[  4 214]]

 [[  5 214]]

 [[  6 213]]

 [[  7 213]]

 [[  8 212]]

 [[  9 211]]

 [[ 10 211]]

 [[ 11 211]]

 [[ 12 210]]

 [[ 13 210]]

 [[ 14 209]]

 [[ 15 209]]

 [[ 16 209]]

 [[ 17 209]]

 [[ 18 208]]

 [[ 19 208]]

 [[ 20 207]]

 [[ 21 207]]

 [[ 22 207]]

 [[ 23 206]]

 [[ 24 206]]

 [[ 25 205]]

 [[ 26 205]]

 [[ 27 204]]

 [[ 28 203]]

 [[ 29 202]]

 [[ 30 202]]

 [[ 31 201]]

 [[ 32 200]]

 [[ 33 200]]

 [[ 34 199]]

 [[ 35 198]]

 [[ 36 197]]

 [[ 36 196]]

 [[ 37 195]]

 [[ 37 194]]

 [[ 37 193]]

 [[ 36 192]]

 [[ 37 191]]

 [[ 38 191]]

 [[ 38 190]]

 [[ 38 189]]

 [[ 38 188]]

 [[ 39 187]]

 [[ 40 186]]

 [[ 40 185]]

 [[ 40 184]]

 [[ 41 183]]

 [[ 42 182]]

 [[ 43 181]]

 [[ 44 181]]

 [[ 45 180]]

 [[ 46 179]]

 [[ 47 180]]

 [[ 48 181]]

 [[ 48 182]]

 [[ 48 183]]

 [[ 48 184]]

 [[ 48 185]]

 [[ 49 186]]

 [[ 49 187]]

 [[ 49 188]]

 [[ 49 189]]

 [[ 49 190]]

 [[ 50 191]]

 [[ 50 192]]

 [[ 51 193]]

 [[ 51 194]]

 [[ 51 195]]

 [[ 52 196]]

 [[ 52 197]]

 [[ 52 198]]

 [[ 53 199]]

 [[ 53 200]]

 [[ 54 201]]

 [[ 54 202]]

 [[ 54 203]]

 [[ 54 204]]

 [[ 54 205]]

 [[ 54 206]]

 [[ 55 207]]

 [[ 55 208]]

 [[ 56 209]]

 [[ 57 210]]

 [[ 58 211]]

 [[ 58 212]]

 [[ 58 213]]

 [[ 58 214]]

 [[ 58 215]]

 [[ 58 216]]

 [[ 58 217]]

 [[ 59 218]]

 [[ 59 219]]

 [[ 59 220]]

 [[ 59 221]]

 [[ 59 222]]

 [[ 60 223]]

 [[ 60 224]]

 [[ 60 225]]

 [[ 61 226]]

 [[ 61 227]]

 [[ 61 228]]

 [[ 61 229]]

 [[ 61 230]]

 [[ 61 231]]

 [[ 62 232]]

 [[ 62 233]]

 [[ 63 234]]

 [[ 63 235]]

 [[ 63 236]]

 [[ 63 237]]

 [[ 63 238]]

 [[ 64 239]]

 [[ 65 240]]

 [[ 65 241]]

 [[ 66 242]]

 [[ 66 243]]

 [[ 66 244]]

 [[ 66 245]]

 [[ 66 246]]

 [[ 66 247]]

 [[ 66 248]]

 [[ 66 249]]

 [[ 67 250]]

 [[ 68 251]]

 [[ 68 252]]

 [[ 69 253]]

 [[ 69 254]]

 [[ 69 255]]

 [[ 70 256]]

 [[ 70 257]]

 [[ 70 258]]

 [[ 71 258]]

 [[ 72 258]]

 [[ 73 258]]

 [[ 74 258]]

 [[ 74 257]]

 [[ 73 257]]

 [[ 72 256]]

 [[ 71 255]]

 [[ 72 254]]

 [[ 72 253]]

 [[ 73 252]]

 [[ 72 251]]

 [[ 72 250]]

 [[ 72 249]]

 [[ 73 248]]

 [[ 74 247]]

 [[ 75 247]]

 [[ 76 246]]

 [[ 76 245]]

 [[ 76 244]]

 [[ 75 244]]

 [[ 74 244]]

 [[ 73 244]]

 [[ 72 244]]

 [[ 71 243]]

 [[ 71 242]]

 [[ 70 242]]

 [[ 69 241]]

 [[ 68 240]]

 [[ 68 239]]

 [[ 67 238]]

 [[ 67 237]]

 [[ 67 236]]

 [[ 66 235]]

 [[ 66 234]]

 [[ 66 233]]

 [[ 65 232]]

 [[ 65 231]]

 [[ 64 230]]

 [[ 64 229]]

 [[ 64 228]]

 [[ 63 227]]

 [[ 63 226]]

 [[ 63 225]]

 [[ 63 224]]

 [[ 63 223]]

 [[ 63 222]]

 [[ 63 221]]

 [[ 62 220]]

 [[ 62 219]]

 [[ 63 218]]

 [[ 63 217]]

 [[ 63 216]]

 [[ 63 215]]

 [[ 63 214]]

 [[ 63 213]]

 [[ 62 212]]

 [[ 62 211]]

 [[ 62 210]]

 [[ 62 209]]

 [[ 61 209]]

 [[ 60 208]]

 [[ 59 207]]

 [[ 59 206]]

 [[ 58 205]]

 [[ 58 204]]

 [[ 58 203]]

 [[ 58 202]]

 [[ 58 201]]

 [[ 57 200]]

 [[ 56 199]]

 [[ 56 198]]

 [[ 56 197]]

 [[ 56 196]]

 [[ 55 195]]

 [[ 55 194]]

 [[ 54 193]]

 [[ 54 192]]

 [[ 54 191]]

 [[ 53 190]]

 [[ 52 189]]

 [[ 52 188]]

 [[ 51 187]]

 [[ 51 186]]

 [[ 50 185]]

 [[ 50 184]]

 [[ 50 183]]

 [[ 50 182]]

 [[ 50 181]]

 [[ 49 180]]

 [[ 48 179]]

 [[ 48 178]]

 [[ 48 177]]

 [[ 49 176]]

 [[ 50 175]]

 [[ 50 174]]

 [[ 49 174]]

 [[ 48 174]]

 [[ 47 175]]

 [[ 46 175]]

 [[ 45 175]]

 [[ 44 174]]

 [[ 44 173]]

 [[ 44 172]]

 [[ 44 171]]

 [[ 45 170]]

 [[ 45 169]]

 [[ 44 169]]

 [[ 43 169]]

 [[ 42 169]]

 [[ 41 170]]

 [[ 40 169]]

 [[ 39 169]]

 [[ 38 168]]

 [[ 37 168]]

 [[ 36 167]]

 [[ 35 167]]

 [[ 34 167]]

 [[ 33 167]]

 [[ 32 167]]

 [[ 31 166]]

 [[ 32 165]]

 [[ 33 165]]

 [[ 34 165]]

 [[ 35 165]]

 [[ 35 164]]

 [[ 34 163]]

 [[ 33 163]]

 [[ 32 163]]

 [[ 31 163]]

 [[ 30 163]]

 [[ 29 164]]

 [[ 28 164]]

 [[ 27 164]]

 [[ 26 163]]

 [[ 25 162]]

 [[ 25 161]]

 [[ 24 161]]

 [[ 23 162]]

 [[ 22 163]]

 [[ 21 163]]

 [[ 20 163]]

 [[ 19 164]]

 [[ 18 164]]

 [[ 17 164]]

 [[ 16 164]]

 [[ 15 164]]

 [[ 14 164]]

 [[ 13 163]]

 [[ 12 162]]

 [[ 11 161]]

 [[ 11 160]]

 [[ 10 159]]

 [[ 10 158]]]
[[[  0   0]]

 [[ 90 142]]

 [[ 89 142]]

 [[ 88 142]]

 [[ 87 142]]

 [[ 86 143]]

 [[ 85 144]]

 [[ 84 145]]

 [[ 83 145]]

 [[ 82 145]]

 [[ 81 145]]

 [[ 80 146]]

 [[ 79 146]]

 [[ 78 146]]

 [[ 77 147]]

 [[ 76 147]]

 [[ 75 146]]

 [[ 74 146]]

 [[ 73 147]]

 [[ 72 147]]

 [[ 71 148]]

 [[ 70 148]]

 [[ 69 148]]

 [[ 68 149]]

 [[ 67 149]]

 [[ 66 150]]

 [[ 65 150]]

 [[ 64 151]]

 [[ 63 151]]

 [[ 62 152]]

 [[ 61 152]]

 [[ 60 151]]

 [[ 59 151]]

 [[ 58 151]]

 [[ 57 151]]

 [[ 56 151]]

 [[ 55 151]]

 [[ 54 151]]

 [[ 53 151]]

 [[ 52 151]]

 [[ 51 152]]

 [[ 50 152]]

 [[ 49 153]]

 [[ 48 153]]

 [[ 47 154]]

 [[ 46 155]]

 [[ 45 155]]

 [[ 44 155]]

 [[ 43 154]]

 [[ 42 154]]

 [[ 41 153]]

 [[ 40 152]]

 [[ 39 152]]

 [[ 38 151]]

 [[ 37 151]]

 [[ 36 151]]

 [[ 35 152]]

 [[ 35 153]]

 [[ 35 154]]

 [[ 34 155]]

 [[ 33 155]]

 [[ 32 156]]

 [[ 32 157]]

 [[ 33 157]]

 [[ 34 157]]

 [[ 35 156]]

 [[ 36 156]]

 [[ 36 155]]

 [[ 37 154]]

 [[ 38 153]]

 [[ 39 152]]

 [[ 40 153]]

 [[ 41 154]]

 [[ 41 155]]

 [[ 41 156]]

 [[ 40 157]]

 [[ 41 158]]

 [[ 42 158]]

 [[ 43 158]]

 [[ 44 157]]

 [[ 45 158]]

 [[ 46 157]]

 [[ 47 158]]

 [[ 48 159]]

 [[ 47 160]]

 [[ 46 161]]

 [[ 45 161]]

 [[ 46 162]]

 [[ 47 162]]

 [[ 48 162]]

 [[ 48 161]]

 [[ 48 160]]

 [[ 48 159]]

 [[ 49 158]]

 [[ 50 158]]

 [[ 51 157]]

 [[ 52 156]]

 [[ 52 155]]

 [[ 53 154]]

 [[ 54 154]]

 [[ 55 155]]

 [[ 56 155]]

 [[ 57 156]]

 [[ 58 156]]

 [[ 59 156]]

 [[ 60 155]]

 [[ 61 155]]

 [[ 62 155]]

 [[ 63 155]]

 [[ 64 155]]

 [[ 65 155]]

 [[ 66 155]]

 [[ 67 154]]

 [[ 67 153]]

 [[ 67 152]]

 [[ 68 151]]

 [[ 69 150]]

 [[ 70 150]]

 [[ 71 150]]

 [[ 72 150]]

 [[ 73 150]]

 [[ 74 150]]

 [[ 75 150]]

 [[ 76 149]]

 [[ 77 150]]

 [[ 78 150]]

 [[ 79 150]]

 [[ 80 151]]

 [[ 81 151]]

 [[ 81 150]]

 [[ 82 149]]

 [[ 83 148]]

 [[ 84 147]]

 [[ 85 147]]

 [[ 86 147]]

 [[ 87 147]]

 [[ 88 147]]

 [[ 89 146]]

 [[ 90 146]]

 [[ 91 146]]

 [[ 91 145]]

 [[ 91 144]]

 [[ 91 143]]

 [[ 91 142]]]
[[[  0   0]]

 [[421  97]]

 [[420  97]]

 [[419  98]]

 [[418  98]]

 [[418  99]]

 [[419 100]]

 [[420 100]]

 [[421 100]]

 [[422 100]]

 [[423 100]]

 [[424 100]]

 [[425 100]]

 [[426 100]]

 [[427 100]]

 [[428 100]]

 [[429 100]]

 [[430 100]]

 [[431 100]]

 [[432 100]]

 [[433 100]]

 [[434 101]]

 [[435 101]]

 [[436 101]]

 [[437 101]]

 [[438 101]]

 [[439 102]]

 [[440 102]]

 [[441 102]]

 [[442 103]]

 [[443 103]]

 [[444 103]]

 [[445 104]]

 [[446 104]]

 [[447 104]]

 [[448 105]]

 [[449 105]]

 [[450 106]]

 [[451 106]]

 [[452 106]]

 [[453 106]]

 [[454 107]]

 [[455 107]]

 [[456 107]]

 [[457 107]]

 [[458 108]]

 [[459 108]]

 [[460 108]]

 [[461 109]]

 [[462 110]]

 [[463 111]]

 [[463 112]]

 [[463 113]]

 [[464 114]]

 [[464 115]]

 [[464 116]]

 [[463 117]]

 [[463 118]]

 [[462 119]]

 [[462 120]]

 [[462 121]]

 [[463 121]]

 [[464 120]]

 [[465 119]]

 [[466 118]]

 [[467 118]]

 [[467 117]]

 [[466 116]]

 [[465 115]]

 [[465 114]]

 [[465 113]]

 [[465 112]]

 [[466 111]]

 [[466 110]]

 [[466 109]]

 [[466 108]]

 [[465 107]]

 [[464 106]]

 [[463 106]]

 [[462 106]]

 [[461 106]]

 [[460 105]]

 [[459 104]]

 [[458 103]]

 [[457 102]]

 [[456 101]]

 [[456 100]]

 [[456  99]]

 [[456  98]]

 [[455  98]]

 [[454  98]]

 [[453  97]]

 [[452  98]]

 [[451  99]]

 [[451 100]]

 [[450 101]]

 [[449 101]]

 [[448 100]]

 [[447  99]]

 [[446  98]]

 [[445  97]]

 [[445  96]]

 [[444  96]]

 [[443  97]]

 [[442  98]]

 [[441  98]]

 [[440  97]]

 [[439  98]]

 [[438  97]]

 [[437  97]]

 [[436  97]]

 [[435  97]]

 [[434  97]]

 [[433  97]]

 [[432  97]]

 [[431  96]]

 [[430  96]]

 [[429  96]]

 [[428  96]]

 [[427  96]]

 [[426  96]]

 [[425  97]]

 [[424  97]]

 [[423  96]]]
[[[  0   0]]

 [[576  73]]

 [[575  74]]

 [[574  75]]

 [[573  74]]

 [[572  74]]

 [[571  74]]

 [[570  73]]

 [[569  74]]

 [[568  74]]

 [[568  75]]

 [[568  76]]

 [[569  77]]

 [[569  78]]

 [[570  79]]

 [[570  80]]

 [[570  81]]

 [[569  82]]

 [[569  83]]

 [[570  83]]

 [[571  83]]

 [[572  83]]

 [[573  84]]

 [[572  85]]

 [[571  86]]

 [[570  87]]

 [[569  88]]

 [[569  89]]

 [[569  90]]

 [[570  90]]

 [[571  89]]

 [[572  88]]

 [[573  87]]

 [[573  86]]

 [[573  85]]

 [[573  84]]

 [[574  83]]

 [[575  82]]

 [[576  81]]

 [[577  81]]

 [[578  81]]

 [[579  81]]

 [[580  81]]

 [[581  82]]

 [[582  83]]

 [[582  84]]

 [[582  85]]

 [[582  86]]

 [[583  87]]

 [[584  88]]

 [[585  88]]

 [[586  88]]

 [[587  88]]

 [[588  88]]

 [[589  89]]

 [[590  89]]

 [[591  89]]

 [[592  89]]

 [[593  90]]

 [[594  90]]

 [[595  90]]

 [[596  90]]

 [[597  91]]

 [[598  91]]

 [[599  90]]

 [[600  90]]

 [[601  90]]

 [[602  90]]

 [[603  91]]

 [[604  92]]

 [[605  93]]

 [[605  94]]

 [[605  95]]

 [[606  96]]

 [[607  96]]

 [[608  95]]

 [[608  94]]

 [[609  93]]

 [[610  93]]

 [[611  92]]

 [[611  91]]

 [[611  90]]

 [[611  89]]

 [[611  88]]

 [[611  87]]

 [[612  86]]

 [[613  85]]

 [[614  85]]

 [[615  85]]

 [[616  86]]

 [[615  87]]

 [[616  88]]

 [[617  88]]

 [[618  88]]

 [[619  87]]

 [[620  86]]

 [[621  86]]

 [[621  85]]

 [[620  85]]

 [[619  84]]

 [[618  84]]

 [[617  83]]

 [[616  82]]

 [[615  82]]

 [[614  81]]

 [[613  81]]

 [[612  82]]

 [[612  83]]

 [[611  84]]

 [[610  84]]

 [[609  83]]

 [[608  83]]

 [[607  83]]

 [[606  84]]

 [[605  84]]

 [[604  84]]

 [[603  85]]

 [[602  84]]

 [[601  83]]

 [[600  83]]

 [[599  83]]

 [[598  82]]

 [[597  82]]

 [[596  82]]

 [[595  81]]

 [[594  81]]

 [[593  80]]

 [[592  80]]

 [[591  79]]

 [[590  79]]

 [[589  79]]

 [[588  79]]

 [[587  78]]

 [[586  77]]

 [[586  76]]

 [[586  75]]

 [[585  75]]

 [[585  76]]

 [[585  77]]

 [[584  78]]

 [[583  79]]

 [[582  79]]

 [[581  79]]

 [[580  78]]

 [[580  77]]

 [[581  76]]

 [[581  75]]

 [[582  74]]

 [[581  73]]

 [[580  73]]

 [[579  73]]

 [[578  73]]

 [[577  73]]]
[[[  0   0]]

 [[ 53  59]]

 [[ 52  59]]

 [[ 51  59]]

 [[ 50  59]]

 [[ 49  59]]

 [[ 48  59]]

 [[ 47  60]]

 [[ 46  60]]

 [[ 45  61]]

 [[ 44  61]]

 [[ 43  60]]

 [[ 42  61]]

 [[ 41  62]]

 [[ 41  63]]

 [[ 40  64]]

 [[ 39  64]]

 [[ 38  64]]

 [[ 37  63]]

 [[ 36  63]]

 [[ 35  63]]

 [[ 34  63]]

 [[ 34  64]]

 [[ 34  65]]

 [[ 34  66]]

 [[ 34  67]]

 [[ 34  68]]

 [[ 33  69]]

 [[ 33  70]]

 [[ 33  71]]

 [[ 32  72]]

 [[ 31  73]]

 [[ 30  73]]

 [[ 29  74]]

 [[ 29  75]]

 [[ 29  76]]

 [[ 28  77]]

 [[ 28  78]]

 [[ 28  79]]

 [[ 27  80]]

 [[ 26  81]]

 [[ 25  81]]

 [[ 24  81]]

 [[ 23  81]]

 [[ 22  80]]

 [[ 22  79]]

 [[ 22  78]]

 [[ 22  77]]

 [[ 22  76]]

 [[ 22  75]]

 [[ 22  74]]

 [[ 21  74]]

 [[ 20  73]]

 [[ 19  72]]

 [[ 18  72]]

 [[ 17  71]]

 [[ 16  71]]

 [[ 15  71]]

 [[ 14  71]]

 [[ 13  70]]

 [[ 12  70]]

 [[ 11  70]]

 [[ 10  70]]

 [[  9  70]]

 [[  8  70]]

 [[  7  70]]

 [[  6  69]]

 [[  5  68]]

 [[  5  67]]

 [[  5  66]]

 [[  4  66]]

 [[  4  67]]

 [[  4  68]]

 [[  4  69]]

 [[  5  70]]

 [[  4  71]]

 [[  3  71]]

 [[  2  71]]

 [[  1  72]]

 [[  1  73]]

 [[  1  74]]

 [[  2  74]]

 [[  3  73]]

 [[  4  73]]

 [[  5  73]]

 [[  6  73]]

 [[  7  73]]

 [[  8  73]]

 [[  9  73]]

 [[ 10  73]]

 [[ 11  73]]

 [[ 12  73]]

 [[ 13  73]]

 [[ 14  73]]

 [[ 15  73]]

 [[ 16  74]]

 [[ 17  75]]

 [[ 18  76]]

 [[ 19  77]]

 [[ 20  78]]

 [[ 21  79]]

 [[ 21  80]]

 [[ 22  80]]

 [[ 23  81]]

 [[ 24  82]]

 [[ 24  83]]

 [[ 23  84]]

 [[ 23  85]]

 [[ 24  86]]

 [[ 24  87]]

 [[ 24  88]]

 [[ 24  89]]

 [[ 24  90]]

 [[ 24  91]]

 [[ 24  92]]

 [[ 25  93]]

 [[ 26  94]]

 [[ 26  95]]

 [[ 26  96]]

 [[ 26  97]]

 [[ 27  98]]

 [[ 27  99]]

 [[ 28 100]]

 [[ 28 101]]

 [[ 29 102]]

 [[ 29 103]]

 [[ 29 104]]

 [[ 29 105]]

 [[ 29 106]]

 [[ 29 107]]

 [[ 29 108]]

 [[ 30 109]]

 [[ 30 110]]

 [[ 30 111]]

 [[ 31 112]]

 [[ 31 113]]

 [[ 31 114]]

 [[ 31 115]]

 [[ 31 116]]

 [[ 31 117]]

 [[ 31 118]]

 [[ 32 119]]

 [[ 32 120]]

 [[ 32 121]]

 [[ 32 122]]

 [[ 33 123]]

 [[ 33 124]]

 [[ 33 125]]

 [[ 33 126]]

 [[ 33 127]]

 [[ 33 128]]

 [[ 33 129]]

 [[ 34 130]]

 [[ 35 131]]

 [[ 35 132]]

 [[ 36 133]]

 [[ 36 134]]

 [[ 36 135]]

 [[ 36 136]]

 [[ 37 137]]

 [[ 37 138]]

 [[ 37 139]]

 [[ 37 140]]

 [[ 37 141]]

 [[ 38 142]]

 [[ 38 143]]

 [[ 39 144]]

 [[ 39 145]]

 [[ 39 146]]

 [[ 39 147]]

 [[ 39 148]]

 [[ 40 148]]

 [[ 40 147]]

 [[ 39 146]]

 [[ 40 145]]

 [[ 40 144]]

 [[ 40 143]]

 [[ 40 142]]

 [[ 40 141]]

 [[ 40 140]]

 [[ 40 139]]

 [[ 40 138]]

 [[ 40 137]]

 [[ 40 136]]

 [[ 39 135]]

 [[ 39 134]]

 [[ 39 133]]

 [[ 39 132]]

 [[ 38 131]]

 [[ 38 130]]

 [[ 39 129]]

 [[ 39 128]]

 [[ 39 127]]

 [[ 39 126]]

 [[ 38 125]]

 [[ 38 124]]

 [[ 38 123]]

 [[ 38 122]]

 [[ 38 121]]

 [[ 38 120]]

 [[ 37 119]]

 [[ 37 118]]

 [[ 37 117]]

 [[ 37 116]]

 [[ 36 115]]

 [[ 36 114]]

 [[ 36 113]]

 [[ 36 112]]

 [[ 36 111]]

 [[ 36 110]]

 [[ 36 109]]

 [[ 36 108]]

 [[ 36 107]]

 [[ 35 106]]

 [[ 35 105]]

 [[ 35 104]]

 [[ 35 103]]

 [[ 35 102]]

 [[ 35 101]]

 [[ 34 100]]

 [[ 34  99]]

 [[ 34  98]]

 [[ 34  97]]

 [[ 34  96]]

 [[ 33  95]]

 [[ 33  94]]

 [[ 33  93]]

 [[ 33  92]]

 [[ 33  91]]

 [[ 33  90]]

 [[ 32  89]]

 [[ 32  88]]

 [[ 32  87]]

 [[ 32  86]]

 [[ 32  85]]

 [[ 32  84]]

 [[ 32  83]]

 [[ 32  82]]

 [[ 32  81]]

 [[ 32  80]]

 [[ 32  79]]

 [[ 32  78]]

 [[ 32  77]]

 [[ 32  76]]

 [[ 32  75]]

 [[ 33  74]]

 [[ 34  74]]

 [[ 35  73]]

 [[ 36  72]]

 [[ 36  71]]

 [[ 37  70]]

 [[ 38  69]]

 [[ 38  68]]

 [[ 38  67]]

 [[ 39  66]]

 [[ 40  67]]

 [[ 41  67]]

 [[ 42  67]]

 [[ 43  67]]

 [[ 44  67]]

 [[ 45  67]]

 [[ 46  66]]

 [[ 47  66]]

 [[ 48  65]]

 [[ 49  65]]

 [[ 50  65]]

 [[ 51  64]]

 [[ 52  64]]

 [[ 53  64]]

 [[ 54  64]]

 [[ 55  64]]

 [[ 56  64]]

 [[ 57  63]]

 [[ 58  63]]

 [[ 59  62]]

 [[ 59  61]]

 [[ 58  60]]

 [[ 57  59]]

 [[ 56  58]]

 [[ 55  58]]]
[[[  0   0]]

 [[280  32]]

 [[279  32]]

 [[278  32]]

 [[277  32]]

 [[276  32]]

 [[275  32]]

 [[274  32]]

 [[273  32]]

 [[272  32]]

 [[271  32]]

 [[270  32]]

 [[269  32]]

 [[268  33]]

 [[267  34]]

 [[266  34]]

 [[265  35]]

 [[264  35]]

 [[263  36]]

 [[262  37]]

 [[261  37]]

 [[260  38]]

 [[259  39]]

 [[258  40]]

 [[258  41]]

 [[258  42]]

 [[258  43]]

 [[257  44]]

 [[257  45]]

 [[257  46]]

 [[256  47]]

 [[256  48]]

 [[256  49]]

 [[256  50]]

 [[257  51]]

 [[257  52]]

 [[257  53]]

 [[257  54]]

 [[257  55]]

 [[256  56]]

 [[256  57]]

 [[256  58]]

 [[255  59]]

 [[254  60]]

 [[253  60]]

 [[252  61]]

 [[251  61]]

 [[252  62]]

 [[252  63]]

 [[253  63]]

 [[254  64]]

 [[255  65]]

 [[256  66]]

 [[256  67]]

 [[256  68]]

 [[256  69]]

 [[256  70]]

 [[256  71]]

 [[256  72]]

 [[256  73]]

 [[256  74]]

 [[257  75]]

 [[257  76]]

 [[257  77]]

 [[257  78]]

 [[257  79]]

 [[257  80]]

 [[257  81]]

 [[257  82]]

 [[257  83]]

 [[257  84]]

 [[257  85]]

 [[257  86]]

 [[257  87]]

 [[257  88]]

 [[257  89]]

 [[257  90]]

 [[257  91]]

 [[256  92]]

 [[256  93]]

 [[256  94]]

 [[256  95]]

 [[256  96]]

 [[256  97]]

 [[256  98]]

 [[256  99]]

 [[256 100]]

 [[257 101]]

 [[257 102]]

 [[258 103]]

 [[258 104]]

 [[258 105]]

 [[258 106]]

 [[258 107]]

 [[258 108]]

 [[258 109]]

 [[258 110]]

 [[258 111]]

 [[258 112]]

 [[258 113]]

 [[259 114]]

 [[260 113]]

 [[261 114]]

 [[262 113]]

 [[263 112]]

 [[264 112]]

 [[265 111]]

 [[266 111]]

 [[267 111]]

 [[268 112]]

 [[269 113]]

 [[270 113]]

 [[271 114]]

 [[272 114]]

 [[273 115]]

 [[274 115]]

 [[275 116]]

 [[276 116]]

 [[277 116]]

 [[278 115]]

 [[279 115]]

 [[280 115]]

 [[281 114]]

 [[282 114]]

 [[283 114]]

 [[284 114]]

 [[285 114]]

 [[286 114]]

 [[287 115]]

 [[288 115]]

 [[289 115]]

 [[290 115]]

 [[291 115]]

 [[292 114]]

 [[293 114]]

 [[294 114]]

 [[295 114]]

 [[296 114]]

 [[297 113]]

 [[298 112]]

 [[299 112]]

 [[300 112]]

 [[301 111]]

 [[302 111]]

 [[303 111]]

 [[304 111]]

 [[305 111]]

 [[306 110]]

 [[307 109]]

 [[308 109]]

 [[309 108]]

 [[309 107]]

 [[309 106]]

 [[309 105]]

 [[309 104]]

 [[310 103]]

 [[310 102]]

 [[310 101]]

 [[310 100]]

 [[310  99]]

 [[310  98]]

 [[310  97]]

 [[310  96]]

 [[310  95]]

 [[310  94]]

 [[309  93]]

 [[308  92]]

 [[308  91]]

 [[308  90]]

 [[308  89]]

 [[308  88]]

 [[308  87]]

 [[308  86]]

 [[308  85]]

 [[307  84]]

 [[308  83]]

 [[308  82]]

 [[308  81]]

 [[308  80]]

 [[307  79]]

 [[307  78]]

 [[307  77]]

 [[307  76]]

 [[307  75]]

 [[307  74]]

 [[307  73]]

 [[307  72]]

 [[307  71]]

 [[306  70]]

 [[306  69]]

 [[306  68]]

 [[306  67]]

 [[306  66]]

 [[306  65]]

 [[306  64]]

 [[306  63]]

 [[306  62]]

 [[307  61]]

 [[307  60]]

 [[306  59]]

 [[307  58]]

 [[307  57]]

 [[307  56]]

 [[307  55]]

 [[308  54]]

 [[308  53]]

 [[308  52]]

 [[307  51]]

 [[307  50]]

 [[307  49]]

 [[306  48]]

 [[305  47]]

 [[304  46]]

 [[304  45]]

 [[304  44]]

 [[304  43]]

 [[304  42]]

 [[304  41]]

 [[304  40]]

 [[303  39]]

 [[303  38]]

 [[303  37]]

 [[302  36]]

 [[302  35]]

 [[301  35]]

 [[300  34]]

 [[299  34]]

 [[298  34]]

 [[297  34]]

 [[296  34]]

 [[295  34]]

 [[294  33]]

 [[293  33]]

 [[292  33]]

 [[291  33]]

 [[290  32]]

 [[289  32]]

 [[288  32]]

 [[287  32]]

 [[286  31]]

 [[285  31]]

 [[284  31]]

 [[283  31]]

 [[282  31]]]
[[[  0   0]]

 [[274  34]]

 [[275  34]]

 [[276  35]]

 [[277  35]]

 [[278  35]]

 [[279  35]]

 [[280  35]]

 [[281  35]]

 [[282  35]]

 [[283  35]]

 [[284  35]]

 [[285  35]]

 [[286  35]]

 [[287  35]]

 [[288  35]]

 [[289  35]]

 [[290  36]]

 [[291  36]]

 [[292  36]]

 [[293  36]]

 [[294  36]]

 [[295  36]]

 [[296  37]]

 [[297  38]]

 [[297  39]]

 [[298  40]]

 [[299  40]]

 [[300  40]]

 [[301  41]]

 [[302  42]]

 [[302  43]]

 [[302  44]]

 [[302  45]]

 [[302  46]]

 [[302  47]]

 [[302  48]]

 [[302  49]]

 [[303  50]]

 [[303  51]]

 [[303  52]]

 [[303  53]]

 [[303  54]]

 [[303  55]]

 [[303  56]]

 [[303  57]]

 [[303  58]]

 [[303  59]]

 [[303  60]]

 [[303  61]]

 [[303  62]]

 [[303  63]]

 [[303  64]]

 [[303  65]]

 [[303  66]]

 [[303  67]]

 [[303  68]]

 [[303  69]]

 [[303  70]]

 [[303  71]]

 [[303  72]]

 [[303  73]]

 [[304  74]]

 [[304  75]]

 [[304  76]]

 [[304  77]]

 [[304  78]]

 [[303  79]]

 [[303  80]]

 [[303  81]]

 [[304  82]]

 [[304  83]]

 [[304  84]]

 [[304  85]]

 [[304  86]]

 [[304  87]]

 [[304  88]]

 [[304  89]]

 [[304  90]]

 [[303  91]]

 [[302  91]]

 [[301  91]]

 [[300  92]]

 [[299  92]]

 [[298  92]]

 [[297  92]]

 [[296  93]]

 [[295  93]]

 [[294  93]]

 [[293  94]]

 [[292  94]]

 [[291  94]]

 [[290  94]]

 [[290  95]]

 [[291  96]]

 [[292  96]]

 [[293  96]]

 [[294  96]]

 [[295  95]]

 [[296  95]]

 [[297  95]]

 [[298  95]]

 [[299  94]]

 [[300  94]]

 [[301  93]]

 [[302  93]]

 [[303  92]]

 [[304  92]]

 [[305  92]]

 [[306  93]]

 [[307  94]]

 [[307  95]]

 [[307  96]]

 [[307  97]]

 [[307  98]]

 [[307  99]]

 [[307 100]]

 [[307 101]]

 [[307 102]]

 [[306 103]]

 [[306 104]]

 [[305 105]]

 [[304 105]]

 [[303 106]]

 [[302 107]]

 [[301 108]]

 [[300 108]]

 [[299 109]]

 [[298 109]]

 [[297 109]]

 [[296 109]]

 [[295 110]]

 [[294 110]]

 [[293 110]]

 [[292 111]]

 [[291 111]]

 [[290 111]]

 [[289 111]]

 [[288 111]]

 [[287 112]]

 [[286 112]]

 [[285 112]]

 [[284 112]]

 [[283 112]]

 [[282 112]]

 [[281 113]]

 [[280 113]]

 [[279 113]]

 [[278 113]]

 [[277 113]]

 [[276 113]]

 [[275 112]]

 [[274 112]]

 [[273 112]]

 [[272 111]]

 [[271 111]]

 [[270 110]]

 [[269 110]]

 [[268 110]]

 [[267 109]]

 [[267 108]]

 [[267 107]]

 [[267 106]]

 [[267 105]]

 [[267 104]]

 [[266 103]]

 [[265 103]]

 [[264 103]]

 [[263 103]]

 [[262 103]]

 [[261 103]]

 [[260 102]]

 [[260 101]]

 [[260 100]]

 [[260  99]]

 [[260  98]]

 [[259  97]]

 [[259  96]]

 [[259  95]]

 [[260  94]]

 [[260  93]]

 [[260  92]]

 [[260  91]]

 [[260  90]]

 [[260  89]]

 [[260  88]]

 [[260  87]]

 [[260  86]]

 [[261  85]]

 [[261  84]]

 [[261  83]]

 [[261  82]]

 [[260  81]]

 [[260  80]]

 [[260  79]]

 [[259  78]]

 [[259  77]]

 [[259  76]]

 [[259  75]]

 [[259  74]]

 [[259  73]]

 [[259  72]]

 [[259  71]]

 [[259  70]]

 [[259  69]]

 [[259  68]]

 [[259  67]]

 [[259  66]]

 [[259  65]]

 [[259  64]]

 [[259  63]]

 [[259  62]]

 [[259  61]]

 [[259  60]]

 [[259  59]]

 [[259  58]]

 [[259  57]]

 [[259  56]]

 [[259  55]]

 [[259  54]]

 [[259  53]]

 [[259  52]]

 [[259  51]]

 [[259  50]]

 [[259  49]]

 [[259  48]]

 [[259  47]]

 [[259  46]]

 [[259  45]]

 [[259  44]]

 [[259  43]]

 [[260  42]]

 [[261  41]]

 [[262  41]]

 [[263  40]]

 [[264  39]]

 [[265  38]]

 [[266  38]]

 [[267  38]]

 [[268  38]]

 [[269  38]]

 [[270  37]]

 [[271  36]]

 [[272  36]]]
[[[  0   0]]

 [[519  20]]

 [[519  21]]

 [[518  22]]

 [[517  23]]

 [[516  23]]

 [[515  23]]

 [[514  23]]

 [[514  24]]

 [[514  25]]

 [[514  26]]

 [[513  27]]

 [[514  26]]

 [[515  27]]

 [[515  28]]

 [[515  29]]

 [[516  30]]

 [[515  31]]

 [[514  31]]

 [[513  30]]

 [[513  29]]

 [[512  29]]

 [[511  29]]

 [[510  30]]

 [[510  31]]

 [[511  31]]

 [[512  31]]

 [[513  31]]

 [[514  31]]

 [[515  31]]

 [[516  32]]

 [[516  33]]

 [[517  33]]

 [[518  34]]

 [[519  35]]

 [[520  35]]

 [[521  35]]

 [[522  35]]

 [[523  36]]

 [[524  36]]

 [[525  36]]

 [[526  37]]

 [[527  37]]

 [[528  38]]

 [[529  38]]

 [[530  39]]

 [[531  40]]

 [[532  40]]

 [[533  40]]

 [[534  40]]

 [[535  40]]

 [[536  40]]

 [[537  40]]

 [[538  40]]

 [[539  40]]

 [[540  40]]

 [[541  40]]

 [[542  41]]

 [[543  41]]

 [[544  40]]

 [[545  40]]

 [[546  40]]

 [[547  39]]

 [[548  39]]

 [[548  38]]

 [[547  38]]

 [[546  38]]

 [[545  37]]

 [[544  37]]

 [[543  36]]

 [[542  36]]

 [[541  35]]

 [[540  35]]

 [[539  35]]

 [[538  35]]

 [[537  34]]

 [[536  33]]

 [[535  32]]

 [[536  31]]

 [[537  31]]

 [[538  30]]

 [[539  30]]

 [[540  30]]

 [[539  30]]

 [[538  29]]

 [[537  29]]

 [[536  28]]

 [[535  28]]

 [[534  29]]

 [[534  30]]

 [[535  31]]

 [[534  32]]

 [[533  32]]

 [[532  32]]

 [[531  31]]

 [[530  31]]

 [[529  30]]

 [[528  30]]

 [[527  29]]

 [[526  29]]

 [[525  28]]

 [[525  27]]

 [[525  26]]

 [[525  25]]

 [[526  24]]

 [[527  25]]

 [[528  26]]

 [[529  27]]

 [[530  26]]

 [[531  25]]

 [[532  25]]

 [[533  24]]

 [[533  23]]

 [[533  22]]

 [[533  21]]

 [[532  20]]

 [[531  20]]

 [[531  21]]

 [[530  22]]

 [[529  23]]

 [[528  24]]

 [[527  24]]

 [[526  24]]

 [[525  24]]

 [[524  24]]

 [[523  24]]

 [[522  23]]

 [[521  22]]

 [[521  21]]

 [[520  20]]]
[[[  0   0]]

 [[498  19]]

 [[497  20]]

 [[496  21]]

 [[495  22]]

 [[494  22]]

 [[493  23]]

 [[492  23]]

 [[491  24]]

 [[490  25]]

 [[489  25]]

 [[488  25]]

 [[487  25]]

 [[486  25]]

 [[485  26]]

 [[484  26]]

 [[483  26]]

 [[482  26]]

 [[481  25]]

 [[480  24]]

 [[480  23]]

 [[479  22]]

 [[478  22]]

 [[477  22]]

 [[476  22]]

 [[475  22]]

 [[474  23]]

 [[473  23]]

 [[472  22]]

 [[471  22]]

 [[470  21]]

 [[469  21]]

 [[468  21]]

 [[468  22]]

 [[468  23]]

 [[469  24]]

 [[470  24]]

 [[471  25]]

 [[472  26]]

 [[472  27]]

 [[472  28]]

 [[472  29]]

 [[471  30]]

 [[470  30]]

 [[469  30]]

 [[468  30]]

 [[468  31]]

 [[468  32]]

 [[468  33]]

 [[467  34]]

 [[466  35]]

 [[466  36]]

 [[466  37]]

 [[466  38]]

 [[466  39]]

 [[466  40]]

 [[467  40]]

 [[468  39]]

 [[469  39]]

 [[470  38]]

 [[470  37]]

 [[471  36]]

 [[472  35]]

 [[472  34]]

 [[472  33]]

 [[472  32]]

 [[473  31]]

 [[474  30]]

 [[475  30]]

 [[476  29]]

 [[477  29]]

 [[478  29]]

 [[479  28]]

 [[480  28]]

 [[481  28]]

 [[482  28]]

 [[483  29]]

 [[483  30]]

 [[483  31]]

 [[483  32]]

 [[483  33]]

 [[482  34]]

 [[482  35]]

 [[482  36]]

 [[481  37]]

 [[480  38]]

 [[479  39]]

 [[478  40]]

 [[477  41]]

 [[477  42]]

 [[478  43]]

 [[478  44]]

 [[479  45]]

 [[479  46]]

 [[479  47]]

 [[480  47]]

 [[481  46]]

 [[481  45]]

 [[480  44]]

 [[481  43]]

 [[481  42]]

 [[481  41]]

 [[481  40]]

 [[482  39]]

 [[481  38]]

 [[482  37]]

 [[483  36]]

 [[484  36]]

 [[485  36]]

 [[485  35]]

 [[486  34]]

 [[487  33]]

 [[488  33]]

 [[489  33]]

 [[490  32]]

 [[490  31]]

 [[490  30]]

 [[491  29]]

 [[491  28]]

 [[492  27]]

 [[493  27]]

 [[494  27]]

 [[495  27]]

 [[496  27]]

 [[497  28]]

 [[498  29]]

 [[499  29]]

 [[500  29]]

 [[501  28]]

 [[501  27]]

 [[501  26]]

 [[501  25]]

 [[501  24]]

 [[501  23]]

 [[502  22]]

 [[503  21]]

 [[503  20]]

 [[502  19]]

 [[501  19]]

 [[500  19]]

 [[499  18]]]
[[[ 0  0]]

 [[66 18]]

 [[65 19]]

 [[64 19]]

 [[63 20]]

 [[64 21]]

 [[64 22]]

 [[64 23]]

 [[64 24]]

 [[65 25]]

 [[66 26]]

 [[66 27]]

 [[66 28]]

 [[66 29]]

 [[66 30]]

 [[66 31]]

 [[66 32]]

 [[66 33]]

 [[66 34]]

 [[66 35]]

 [[67 36]]

 [[67 37]]

 [[67 38]]

 [[67 39]]

 [[67 40]]

 [[67 41]]

 [[67 42]]

 [[67 43]]

 [[67 44]]

 [[67 45]]

 [[67 46]]

 [[67 47]]

 [[67 48]]

 [[68 49]]

 [[69 50]]

 [[70 51]]

 [[70 52]]

 [[70 53]]

 [[71 54]]

 [[72 53]]

 [[73 52]]

 [[74 51]]

 [[74 50]]

 [[75 49]]

 [[74 48]]

 [[74 47]]

 [[74 46]]

 [[73 45]]

 [[73 44]]

 [[73 43]]

 [[73 42]]

 [[73 41]]

 [[73 40]]

 [[73 39]]

 [[72 38]]

 [[72 37]]

 [[72 36]]

 [[72 35]]

 [[72 34]]

 [[72 33]]

 [[72 32]]

 [[72 31]]

 [[72 30]]

 [[71 29]]

 [[70 29]]

 [[69 28]]

 [[69 27]]

 [[69 26]]

 [[69 25]]

 [[70 24]]

 [[71 23]]

 [[72 22]]

 [[72 21]]

 [[72 20]]

 [[72 19]]

 [[72 18]]

 [[71 18]]

 [[70 18]]

 [[69 18]]

 [[68 18]]

 [[67 17]]]
[[[  0   0]]

 [[395   9]]

 [[394  10]]

 [[393  10]]

 [[392  11]]

 [[391  12]]

 [[390  12]]

 [[389  13]]

 [[388  12]]

 [[387  12]]

 [[386  12]]

 [[385  11]]

 [[384  11]]

 [[384  12]]

 [[385  13]]

 [[386  14]]

 [[387  14]]

 [[388  14]]

 [[389  14]]

 [[390  14]]

 [[391  14]]

 [[392  15]]

 [[392  16]]

 [[392  17]]

 [[391  18]]

 [[390  19]]

 [[389  19]]

 [[389  20]]

 [[389  21]]

 [[390  21]]

 [[391  22]]

 [[392  22]]

 [[393  23]]

 [[393  24]]

 [[392  25]]

 [[392  26]]

 [[393  26]]

 [[394  26]]

 [[395  26]]

 [[396  26]]

 [[397  26]]

 [[398  27]]

 [[399  27]]

 [[400  27]]

 [[401  27]]

 [[402  27]]

 [[403  27]]

 [[404  27]]

 [[405  27]]

 [[406  27]]

 [[407  27]]

 [[408  27]]

 [[409  26]]

 [[410  25]]

 [[410  24]]

 [[410  23]]

 [[411  22]]

 [[412  21]]

 [[413  21]]

 [[414  20]]

 [[415  20]]

 [[416  19]]

 [[417  20]]

 [[418  20]]

 [[419  21]]

 [[419  22]]

 [[419  23]]

 [[419  24]]

 [[419  25]]

 [[420  25]]

 [[421  24]]

 [[422  24]]

 [[423  25]]

 [[424  24]]

 [[425  23]]

 [[424  22]]

 [[424  21]]

 [[423  21]]

 [[422  21]]

 [[421  21]]

 [[420  21]]

 [[419  21]]

 [[418  20]]

 [[417  19]]

 [[416  19]]

 [[415  19]]

 [[414  19]]

 [[413  19]]

 [[412  18]]

 [[412  17]]

 [[412  16]]

 [[411  15]]

 [[410  14]]

 [[410  13]]

 [[410  12]]

 [[410  11]]

 [[409  11]]

 [[408  10]]

 [[407  10]]

 [[406  10]]

 [[405   9]]

 [[404   9]]

 [[403   8]]

 [[402   8]]

 [[401   8]]

 [[400   8]]

 [[399   8]]

 [[398   8]]

 [[397   8]]]
[[[  0   0]]

 [[586   2]]

 [[586   3]]

 [[586   4]]

 [[587   4]]

 [[588   3]]

 [[589   4]]

 [[590   5]]

 [[590   6]]

 [[591   6]]

 [[592   6]]

 [[593   6]]

 [[594   7]]

 [[595   8]]

 [[595   9]]

 [[595  10]]

 [[594  11]]

 [[593  12]]

 [[593  13]]

 [[594  14]]

 [[593  15]]

 [[593  16]]

 [[592  17]]

 [[591  17]]

 [[590  18]]

 [[589  18]]

 [[589  19]]

 [[590  20]]

 [[590  21]]

 [[589  22]]

 [[588  22]]

 [[587  23]]

 [[587  24]]

 [[587  25]]

 [[588  26]]

 [[588  27]]

 [[589  28]]

 [[589  29]]

 [[589  30]]

 [[589  31]]

 [[590  32]]

 [[590  33]]

 [[590  34]]

 [[590  35]]

 [[590  36]]

 [[590  37]]

 [[590  38]]

 [[590  39]]

 [[590  40]]

 [[589  41]]

 [[588  42]]

 [[587  42]]

 [[586  41]]

 [[585  41]]

 [[585  42]]

 [[585  43]]

 [[586  43]]

 [[587  43]]

 [[588  43]]

 [[589  43]]

 [[590  43]]

 [[591  43]]

 [[592  43]]

 [[593  43]]

 [[594  43]]

 [[595  43]]

 [[596  44]]

 [[597  45]]

 [[596  46]]

 [[596  47]]

 [[596  48]]

 [[596  49]]

 [[596  50]]

 [[595  51]]

 [[595  52]]

 [[595  53]]

 [[594  54]]

 [[593  54]]

 [[592  54]]

 [[591  54]]

 [[590  53]]

 [[589  52]]

 [[588  51]]

 [[587  51]]

 [[586  51]]

 [[586  52]]

 [[585  53]]

 [[584  54]]

 [[584  55]]

 [[585  56]]

 [[586  57]]

 [[587  57]]

 [[588  57]]

 [[589  58]]

 [[590  58]]

 [[591  58]]

 [[592  58]]

 [[593  58]]

 [[594  59]]

 [[595  59]]

 [[596  59]]

 [[597  59]]

 [[598  59]]

 [[599  60]]

 [[600  60]]

 [[601  61]]

 [[602  61]]

 [[603  61]]

 [[604  62]]

 [[605  63]]

 [[606  63]]

 [[607  63]]

 [[608  63]]

 [[609  63]]

 [[610  63]]

 [[611  63]]

 [[612  63]]

 [[613  63]]

 [[614  63]]

 [[615  64]]

 [[616  64]]

 [[616  63]]

 [[615  63]]

 [[614  62]]

 [[613  62]]

 [[612  61]]

 [[611  60]]

 [[611  59]]

 [[610  59]]

 [[609  58]]

 [[609  57]]

 [[609  56]]

 [[608  55]]

 [[608  54]]

 [[608  53]]

 [[608  52]]

 [[608  51]]

 [[607  50]]

 [[606  49]]

 [[606  48]]

 [[605  47]]

 [[606  46]]

 [[607  46]]

 [[608  47]]

 [[609  48]]

 [[610  49]]

 [[611  50]]

 [[612  51]]

 [[613  51]]

 [[614  50]]

 [[615  50]]

 [[616  50]]

 [[617  51]]

 [[618  51]]

 [[619  51]]

 [[620  51]]

 [[621  50]]

 [[621  49]]

 [[621  48]]

 [[621  47]]

 [[620  46]]

 [[619  45]]

 [[618  45]]

 [[617  44]]

 [[616  43]]

 [[617  42]]

 [[617  41]]

 [[617  40]]

 [[617  39]]

 [[617  38]]

 [[617  37]]

 [[617  36]]

 [[617  35]]

 [[617  34]]

 [[616  33]]

 [[615  33]]

 [[614  34]]

 [[613  34]]

 [[612  34]]

 [[611  35]]

 [[610  35]]

 [[609  34]]

 [[610  33]]

 [[611  32]]

 [[611  31]]

 [[610  30]]

 [[609  30]]

 [[608  30]]

 [[608  31]]

 [[607  32]]

 [[606  32]]

 [[606  33]]

 [[606  34]]

 [[605  35]]

 [[605  36]]

 [[605  37]]

 [[605  38]]

 [[605  39]]

 [[604  40]]

 [[603  41]]

 [[602  41]]

 [[601  41]]

 [[600  41]]

 [[599  42]]

 [[598  41]]

 [[597  40]]

 [[596  39]]

 [[595  40]]

 [[594  40]]

 [[593  39]]

 [[593  38]]

 [[594  37]]

 [[595  36]]

 [[596  36]]

 [[597  36]]

 [[598  35]]

 [[598  34]]

 [[599  33]]

 [[600  32]]

 [[600  31]]

 [[600  30]]

 [[599  30]]

 [[598  30]]

 [[597  31]]

 [[596  31]]

 [[595  32]]

 [[594  32]]

 [[593  32]]

 [[592  31]]

 [[592  30]]

 [[592  29]]

 [[591  28]]

 [[591  27]]

 [[592  26]]

 [[592  25]]

 [[593  24]]

 [[593  23]]

 [[592  22]]

 [[592  21]]

 [[592  20]]

 [[593  19]]

 [[594  18]]

 [[594  17]]

 [[594  16]]

 [[594  15]]

 [[594  14]]

 [[594  13]]

 [[595  12]]

 [[596  12]]

 [[597  12]]

 [[598  12]]

 [[599  12]]

 [[600  11]]

 [[601  11]]

 [[602  11]]

 [[603  12]]

 [[604  13]]

 [[605  14]]

 [[606  14]]

 [[607  14]]

 [[608  15]]

 [[609  14]]

 [[610  14]]

 [[610  13]]

 [[611  12]]

 [[610  11]]

 [[609  11]]

 [[608  11]]

 [[607  11]]

 [[606  10]]

 [[605  10]]

 [[604  10]]

 [[603  10]]

 [[602  10]]

 [[601   9]]

 [[600   8]]

 [[600   7]]

 [[601   6]]

 [[601   5]]

 [[601   4]]

 [[601   3]]

 [[600   2]]

 [[600   1]]

 [[599   1]]

 [[598   1]]

 [[597   1]]

 [[597   2]]

 [[596   3]]

 [[595   4]]

 [[594   5]]

 [[593   5]]

 [[592   4]]

 [[591   3]]

 [[591   2]]

 [[591   1]]

 [[590   1]]

 [[589   1]]

 [[588   1]]

 [[587   1]]]
[[[  0   0]]

 [[548   2]]

 [[549   3]]

 [[549   4]]

 [[550   5]]

 [[550   6]]

 [[551   7]]

 [[551   8]]

 [[550   9]]

 [[550  10]]

 [[550  11]]

 [[549  12]]

 [[549  13]]

 [[548  14]]

 [[547  15]]

 [[546  15]]

 [[546  16]]

 [[547  16]]

 [[548  17]]

 [[549  18]]

 [[549  19]]

 [[550  19]]

 [[551  19]]

 [[552  19]]

 [[553  20]]

 [[553  21]]

 [[553  22]]

 [[553  23]]

 [[552  24]]

 [[552  25]]

 [[552  26]]

 [[551  27]]

 [[551  28]]

 [[551  29]]

 [[551  30]]

 [[551  31]]

 [[550  32]]

 [[549  32]]

 [[548  32]]

 [[547  31]]

 [[546  31]]

 [[545  31]]

 [[544  31]]

 [[543  31]]

 [[542  31]]

 [[543  32]]

 [[544  32]]

 [[545  32]]

 [[546  33]]

 [[547  33]]

 [[548  33]]

 [[549  34]]

 [[549  35]]

 [[550  36]]

 [[551  36]]

 [[552  35]]

 [[552  34]]

 [[552  33]]

 [[553  32]]

 [[554  32]]

 [[554  31]]

 [[555  30]]

 [[556  29]]

 [[557  29]]

 [[557  28]]

 [[558  27]]

 [[559  27]]

 [[560  26]]

 [[561  26]]

 [[562  26]]

 [[563  25]]

 [[564  25]]

 [[565  26]]

 [[566  27]]

 [[567  28]]

 [[567  29]]

 [[568  30]]

 [[568  31]]

 [[568  32]]

 [[567  33]]

 [[567  34]]

 [[568  33]]

 [[569  32]]

 [[570  32]]

 [[571  32]]

 [[572  33]]

 [[573  33]]

 [[574  34]]

 [[575  34]]

 [[576  33]]

 [[577  33]]

 [[578  34]]

 [[579  35]]

 [[579  36]]

 [[579  37]]

 [[579  38]]

 [[580  39]]

 [[580  40]]

 [[580  41]]

 [[581  41]]

 [[581  40]]

 [[582  39]]

 [[582  38]]

 [[582  37]]

 [[581  36]]

 [[581  35]]

 [[581  34]]

 [[580  33]]

 [[580  32]]

 [[580  31]]

 [[579  30]]

 [[579  29]]

 [[578  29]]

 [[577  28]]

 [[576  27]]

 [[575  27]]

 [[574  26]]

 [[573  26]]

 [[572  25]]

 [[571  25]]

 [[570  26]]

 [[569  27]]

 [[568  26]]

 [[568  25]]

 [[568  24]]

 [[569  23]]

 [[568  24]]

 [[567  23]]

 [[567  22]]

 [[568  21]]

 [[569  20]]

 [[568  19]]

 [[569  18]]

 [[569  17]]

 [[569  16]]

 [[570  15]]

 [[571  15]]

 [[572  15]]

 [[573  15]]

 [[574  16]]

 [[574  17]]

 [[574  18]]

 [[575  19]]

 [[575  20]]

 [[576  20]]

 [[577  20]]

 [[578  19]]

 [[579  18]]

 [[580  17]]

 [[581  17]]

 [[582  17]]

 [[583  17]]

 [[584  16]]

 [[584  15]]

 [[583  15]]

 [[582  15]]

 [[581  15]]

 [[580  15]]

 [[579  15]]

 [[578  15]]

 [[577  15]]

 [[576  14]]

 [[576  13]]

 [[576  12]]

 [[575  12]]

 [[574  11]]

 [[573  11]]

 [[572  11]]

 [[571  11]]

 [[570  11]]

 [[569  11]]

 [[568  11]]

 [[567  11]]

 [[566  11]]

 [[565  12]]

 [[564  13]]

 [[563  14]]

 [[563  15]]

 [[563  16]]

 [[563  17]]

 [[564  18]]

 [[565  19]]

 [[566  20]]

 [[566  21]]

 [[566  22]]

 [[565  23]]

 [[564  23]]

 [[563  24]]

 [[562  24]]

 [[561  24]]

 [[560  24]]

 [[559  25]]

 [[558  25]]

 [[557  26]]

 [[556  26]]

 [[555  26]]

 [[554  25]]

 [[553  24]]

 [[554  23]]

 [[555  22]]

 [[556  21]]

 [[556  20]]

 [[556  19]]

 [[556  18]]

 [[556  17]]

 [[556  16]]

 [[557  15]]

 [[556  14]]

 [[556  13]]

 [[556  12]]

 [[557  11]]

 [[558  10]]

 [[559  10]]

 [[560  11]]

 [[561  10]]

 [[562  10]]

 [[563   9]]

 [[563   8]]

 [[562   7]]

 [[561   7]]

 [[560   8]]

 [[559   9]]

 [[558  10]]

 [[557   9]]

 [[556   8]]

 [[555   8]]

 [[554   8]]

 [[553   8]]

 [[552   7]]

 [[552   6]]

 [[552   5]]

 [[552   4]]

 [[551   3]]

 [[551   2]]

 [[551   1]]

 [[550   1]]

 [[549   1]]]
[[[  0   0]]

 [[433   2]]

 [[434   3]]

 [[434   4]]

 [[433   5]]

 [[432   6]]

 [[431   7]]

 [[430   8]]

 [[430   9]]

 [[430  10]]

 [[430  11]]

 [[430  12]]

 [[430  13]]

 [[430  14]]

 [[429  15]]

 [[428  16]]

 [[427  17]]

 [[426  17]]

 [[425  18]]

 [[425  19]]

 [[426  19]]

 [[427  19]]

 [[428  19]]

 [[429  18]]

 [[430  18]]

 [[431  18]]

 [[432  18]]

 [[433  17]]

 [[434  16]]

 [[435  17]]

 [[436  17]]

 [[437  18]]

 [[438  19]]

 [[439  20]]

 [[439  21]]

 [[439  20]]

 [[439  19]]

 [[440  18]]

 [[441  18]]

 [[442  18]]

 [[443  19]]

 [[443  20]]

 [[444  21]]

 [[444  22]]

 [[444  23]]

 [[445  23]]

 [[446  23]]

 [[447  23]]

 [[448  23]]

 [[449  23]]

 [[450  23]]

 [[451  23]]

 [[452  24]]

 [[453  24]]

 [[454  23]]

 [[454  22]]

 [[454  21]]

 [[455  20]]

 [[456  20]]

 [[457  20]]

 [[458  20]]

 [[459  21]]

 [[460  22]]

 [[461  22]]

 [[462  23]]

 [[463  23]]

 [[464  23]]

 [[465  22]]

 [[466  21]]

 [[466  20]]

 [[466  19]]

 [[465  18]]

 [[465  17]]

 [[464  17]]

 [[463  18]]

 [[462  18]]

 [[461  19]]

 [[460  19]]

 [[459  18]]

 [[458  18]]

 [[457  17]]

 [[457  16]]

 [[457  15]]

 [[458  14]]

 [[458  13]]

 [[459  12]]

 [[460  12]]

 [[461  12]]

 [[462  12]]

 [[463  12]]

 [[464  12]]

 [[465  12]]

 [[466  11]]

 [[467  10]]

 [[467   9]]

 [[467   8]]

 [[466   7]]

 [[465   7]]

 [[464   8]]

 [[463   9]]

 [[462   9]]

 [[461   9]]

 [[460   9]]

 [[459   8]]

 [[458   7]]

 [[457   7]]

 [[456   7]]

 [[455   6]]

 [[456   7]]

 [[456   8]]

 [[456   9]]

 [[456  10]]

 [[456  11]]

 [[456  12]]

 [[456  13]]

 [[455  14]]

 [[456  15]]

 [[455  16]]

 [[454  17]]

 [[453  17]]

 [[452  16]]

 [[451  15]]

 [[450  15]]

 [[449  14]]

 [[448  14]]

 [[447  14]]

 [[446  14]]

 [[445  14]]

 [[444  14]]

 [[443  14]]

 [[442  14]]

 [[441  14]]

 [[440  14]]

 [[439  14]]

 [[438  14]]

 [[437  13]]

 [[436  12]]

 [[436  11]]

 [[436  10]]

 [[436   9]]

 [[436   8]]

 [[436   7]]

 [[436   6]]

 [[436   5]]

 [[435   4]]

 [[435   3]]

 [[435   2]]

 [[435   1]]

 [[434   1]]

 [[433   1]]]
[[[ 0  0]]

 [[83  2]]

 [[82  3]]

 ..., 
 [[85  2]]

 [[85  1]]

 [[84  1]]]
[[[  0   0]]

 [[186   2]]

 [[187   2]]

 [[188   2]]

 [[189   2]]

 [[190   3]]

 [[191   3]]

 [[192   4]]

 [[193   4]]

 [[194   3]]

 [[195   3]]

 [[196   4]]

 [[197   5]]

 [[198   6]]

 [[198   7]]

 [[198   8]]

 [[198   9]]

 [[198  10]]

 [[198  11]]

 [[198  12]]

 [[198  13]]

 [[198  14]]

 [[198  15]]

 [[198  16]]

 [[198  17]]

 [[198  18]]

 [[198  19]]

 [[198  20]]

 [[198  21]]

 [[199  22]]

 [[199  23]]

 [[199  24]]

 [[199  25]]

 [[199  26]]

 [[199  27]]

 [[199  28]]

 [[199  29]]

 [[200  30]]

 [[200  31]]

 [[200  32]]

 [[199  33]]

 [[198  33]]

 [[197  33]]

 [[196  33]]

 [[195  33]]

 [[194  34]]

 [[194  35]]

 [[193  36]]

 [[192  36]]

 [[191  36]]

 [[190  36]]

 [[189  37]]

 [[188  36]]

 [[187  36]]

 [[186  36]]

 [[185  36]]

 [[184  36]]

 [[183  36]]

 [[182  36]]

 [[181  36]]

 [[180  35]]

 [[179  34]]

 [[179  33]]

 [[179  32]]

 [[179  31]]

 [[179  30]]

 [[178  29]]

 [[178  28]]

 [[178  27]]

 [[178  26]]

 [[179  25]]

 [[178  24]]

 [[178  23]]

 [[178  22]]

 [[177  21]]

 [[177  20]]

 [[177  19]]

 [[177  18]]

 [[177  17]]

 [[177  16]]

 [[177  15]]

 [[177  14]]

 [[177  13]]

 [[177  12]]

 [[177  11]]

 [[177  10]]

 [[177   9]]

 [[177   8]]

 [[177   9]]

 [[176  10]]

 [[176  11]]

 [[175  12]]

 [[174  13]]

 [[173  13]]

 [[172  13]]

 [[171  14]]

 [[170  14]]

 [[169  14]]

 [[168  14]]

 [[167  14]]

 [[166  14]]

 [[165  13]]

 [[164  12]]

 [[164  11]]

 [[164  10]]

 [[164   9]]

 [[164   8]]

 [[164   7]]

 [[164   6]]

 [[165   5]]

 [[166   4]]

 [[167   4]]

 [[168   4]]

 [[169   4]]

 [[170   4]]

 [[171   4]]

 [[172   4]]

 [[173   4]]

 [[174   4]]

 [[175   5]]

 [[176   5]]

 [[177   6]]

 [[178   5]]

 [[179   5]]

 [[180   4]]

 [[181   4]]

 [[182   4]]

 [[183   3]]

 [[184   3]]]
