[[[  0   0]]

 [[537 225]]

 [[536 225]]

 [[535 225]]

 [[534 225]]

 [[533 225]]

 [[532 225]]

 [[531 225]]

 [[530 225]]

 [[529 225]]

 [[528 226]]

 [[527 226]]

 [[526 226]]

 [[525 226]]

 [[524 227]]

 [[524 228]]

 [[524 229]]

 [[524 230]]

 [[525 231]]

 [[526 231]]

 [[527 232]]

 [[528 232]]

 [[529 232]]

 [[530 233]]

 [[530 234]]

 [[531 235]]

 [[532 235]]

 [[533 236]]

 [[534 236]]

 [[535 236]]

 [[536 237]]

 [[537 237]]

 [[538 237]]

 [[539 237]]

 [[540 238]]

 [[540 239]]

 [[541 240]]

 [[542 241]]

 [[543 242]]

 [[543 243]]

 [[544 244]]

 [[545 245]]

 [[546 245]]

 [[547 246]]

 [[548 247]]

 [[548 248]]

 [[549 249]]

 [[549 250]]

 [[550 250]]

 [[551 250]]

 [[552 250]]

 [[553 250]]

 [[554 249]]

 [[555 249]]

 [[556 249]]

 [[556 248]]

 [[555 247]]

 [[554 247]]

 [[553 247]]

 [[552 247]]

 [[551 247]]

 [[550 246]]

 [[549 246]]

 [[548 245]]

 [[547 244]]

 [[547 243]]

 [[546 242]]

 [[545 241]]

 [[545 240]]

 [[544 240]]

 [[543 239]]

 [[542 238]]

 [[541 237]]

 [[542 236]]

 [[543 235]]

 [[544 235]]

 [[545 235]]

 [[546 235]]

 [[547 235]]

 [[548 235]]

 [[549 235]]

 [[550 235]]

 [[551 235]]

 [[552 235]]

 [[553 235]]

 [[554 236]]

 [[553 237]]

 [[552 238]]

 [[551 238]]

 [[550 238]]

 [[549 239]]

 [[549 240]]

 [[550 240]]

 [[551 240]]

 [[552 240]]

 [[553 240]]

 [[554 241]]

 [[555 242]]

 [[556 243]]

 [[557 243]]

 [[558 243]]

 [[559 244]]

 [[560 245]]

 [[561 245]]

 [[562 245]]

 [[563 246]]

 [[564 247]]

 [[565 247]]

 [[566 248]]

 [[567 249]]

 [[568 249]]

 [[569 250]]

 [[568 251]]

 [[569 251]]

 [[570 252]]

 [[571 252]]

 [[572 252]]

 [[573 252]]

 [[574 253]]

 [[573 254]]

 [[573 255]]

 [[573 256]]

 [[574 257]]

 [[574 258]]

 [[575 258]]

 [[576 258]]

 [[577 258]]

 [[578 258]]

 [[579 258]]

 [[580 257]]

 [[580 256]]

 [[580 255]]

 [[580 254]]

 [[579 253]]

 [[580 252]]

 [[581 251]]

 [[581 250]]

 [[581 249]]

 [[582 248]]

 [[583 247]]

 [[583 246]]

 [[582 245]]

 [[581 245]]

 [[580 244]]

 [[579 244]]

 [[578 243]]

 [[577 242]]

 [[576 241]]

 [[575 240]]

 [[575 239]]

 [[574 239]]

 [[573 238]]

 [[572 238]]

 [[571 237]]

 [[570 237]]

 [[569 237]]

 [[568 237]]

 [[567 237]]

 [[566 237]]

 [[565 237]]

 [[564 237]]

 [[563 237]]

 [[562 237]]

 [[561 237]]

 [[560 237]]

 [[559 237]]

 [[558 236]]

 [[557 235]]

 [[557 234]]

 [[557 233]]

 [[557 232]]

 [[556 231]]

 [[555 231]]

 [[554 230]]

 [[553 230]]

 [[552 229]]

 [[551 229]]

 [[550 228]]

 [[549 227]]

 [[548 227]]

 [[547 226]]

 [[546 225]]

 [[545 225]]

 [[544 224]]

 [[543 224]]

 [[542 224]]

 [[541 224]]

 [[540 224]]

 [[539 224]]]
[[[  0   0]]

 [[541  48]]

 [[540  48]]

 [[539  48]]

 [[538  49]]

 [[537  50]]

 [[536  51]]

 [[536  52]]

 [[537  53]]

 [[538  54]]

 [[538  55]]

 [[538  56]]

 [[538  57]]

 [[538  58]]

 [[538  59]]

 [[539  59]]

 [[540  58]]

 [[541  57]]

 [[542  57]]

 [[543  57]]

 [[544  58]]

 [[545  59]]

 [[546  59]]

 [[547  59]]

 [[548  58]]

 [[549  58]]

 [[550  59]]

 [[551  59]]

 [[552  59]]

 [[553  60]]

 [[554  60]]

 [[555  60]]

 [[556  59]]

 [[557  60]]

 [[558  60]]

 [[559  60]]

 [[560  61]]

 [[561  61]]

 [[562  62]]

 [[563  62]]

 [[564  61]]

 [[565  61]]

 [[566  62]]

 [[567  62]]

 [[568  62]]

 [[569  62]]

 [[570  63]]

 [[570  64]]

 [[571  64]]

 [[572  65]]

 [[573  65]]

 [[574  66]]

 [[575  67]]

 [[576  67]]

 [[577  67]]

 [[578  67]]

 [[579  67]]

 [[580  68]]

 [[581  68]]

 [[582  68]]

 [[582  67]]

 [[583  66]]

 [[584  65]]

 [[585  64]]

 [[586  64]]

 [[587  63]]

 [[588  63]]

 [[589  64]]

 [[590  64]]

 [[591  64]]

 [[592  64]]

 [[593  64]]

 [[594  64]]

 [[595  65]]

 [[596  65]]

 [[597  65]]

 [[598  65]]

 [[599  64]]

 [[600  64]]

 [[601  65]]

 [[602  66]]

 [[603  67]]

 [[603  68]]

 [[603  69]]

 [[604  70]]

 [[605  71]]

 [[606  71]]

 [[607  71]]

 [[608  71]]

 [[608  70]]

 [[609  69]]

 [[610  69]]

 [[611  69]]

 [[612  70]]

 [[613  70]]

 [[612  69]]

 [[611  68]]

 [[611  67]]

 [[611  66]]

 [[611  65]]

 [[612  64]]

 [[611  64]]

 [[610  65]]

 [[609  65]]

 [[608  65]]

 [[607  64]]

 [[606  64]]

 [[605  64]]

 [[604  64]]

 [[603  64]]

 [[602  63]]

 [[601  62]]

 [[600  61]]

 [[599  61]]

 [[598  61]]

 [[597  61]]

 [[596  61]]

 [[595  61]]

 [[594  61]]

 [[593  61]]

 [[592  61]]

 [[591  61]]

 [[590  60]]

 [[589  60]]

 [[588  60]]

 [[587  60]]

 [[586  60]]

 [[585  60]]

 [[584  60]]

 [[583  60]]

 [[582  60]]

 [[581  61]]

 [[580  61]]

 [[579  62]]

 [[578  61]]

 [[578  60]]

 [[578  59]]

 [[579  58]]

 [[578  59]]

 [[577  59]]

 [[576  58]]

 [[575  57]]

 [[574  56]]

 [[573  56]]

 [[572  56]]

 [[571  57]]

 [[570  57]]

 [[569  58]]

 [[568  59]]

 [[567  60]]

 [[566  59]]

 [[566  58]]

 [[565  57]]

 [[565  56]]

 [[564  55]]

 [[564  54]]

 [[564  53]]

 [[563  52]]

 [[562  52]]

 [[561  52]]

 [[560  52]]

 [[559  52]]

 [[558  52]]

 [[557  52]]

 [[556  52]]

 [[555  52]]

 [[554  51]]

 [[553  51]]

 [[552  52]]

 [[551  51]]

 [[551  52]]

 [[550  53]]

 [[549  52]]

 [[549  51]]

 [[548  51]]

 [[547  50]]

 [[546  49]]

 [[545  49]]

 [[544  48]]

 [[543  48]]]
[[[  0   0]]

 [[481  36]]

 [[482  37]]

 [[481  38]]

 [[480  39]]

 [[479  39]]

 [[478  39]]

 [[477  39]]

 [[476  39]]

 [[475  38]]

 [[474  38]]

 [[473  38]]

 [[472  39]]

 [[471  39]]

 [[471  40]]

 [[470  41]]

 [[471  41]]

 [[472  42]]

 [[473  42]]

 [[474  42]]

 [[475  41]]

 [[476  41]]

 [[477  41]]

 [[478  41]]

 [[479  41]]

 [[480  41]]

 [[481  41]]

 [[482  41]]

 [[483  41]]

 [[484  42]]

 [[485  42]]

 [[486  42]]

 [[487  43]]

 [[488  43]]

 [[489  44]]

 [[490  44]]

 [[491  43]]

 [[492  43]]

 [[493  44]]

 [[493  45]]

 [[494  46]]

 [[494  47]]

 [[494  48]]

 [[494  49]]

 [[495  50]]

 [[494  51]]

 [[493  52]]

 [[492  52]]

 [[491  52]]

 [[490  51]]

 [[491  50]]

 [[490  50]]

 [[489  50]]

 [[488  50]]

 [[487  50]]

 [[486  49]]

 [[486  48]]

 [[486  47]]

 [[485  46]]

 [[484  46]]

 [[483  47]]

 [[482  48]]

 [[481  49]]

 [[480  48]]

 [[479  49]]

 [[478  49]]

 [[477  48]]

 [[477  47]]

 [[476  46]]

 [[475  45]]

 [[474  45]]

 [[473  46]]

 [[473  47]]

 [[472  48]]

 [[471  48]]

 [[470  48]]

 [[470  49]]

 [[470  50]]

 [[471  50]]

 [[472  50]]

 [[473  50]]

 [[474  51]]

 [[475  52]]

 [[476  52]]

 [[477  51]]

 [[478  51]]

 [[479  51]]

 [[480  50]]

 [[481  50]]

 [[482  50]]

 [[483  50]]

 [[484  51]]

 [[485  51]]

 [[486  51]]

 [[487  51]]

 [[488  52]]

 [[489  52]]

 [[490  52]]

 [[491  52]]

 [[492  52]]

 [[493  52]]

 [[494  51]]

 [[495  51]]

 [[496  51]]

 [[497  50]]

 [[498  50]]

 [[499  50]]

 [[500  49]]

 [[501  49]]

 [[502  49]]

 [[503  49]]

 [[504  48]]

 [[505  48]]

 [[506  47]]

 [[505  46]]

 [[504  46]]

 [[503  45]]

 [[502  44]]

 [[501  44]]

 [[500  43]]

 [[499  43]]

 [[498  42]]

 [[498  41]]

 [[498  40]]

 [[499  39]]

 [[499  38]]

 [[498  38]]

 [[497  37]]

 [[497  38]]

 [[496  39]]

 [[496  40]]

 [[495  41]]

 [[494  42]]

 [[493  41]]

 [[492  40]]

 [[491  40]]

 [[490  40]]

 [[489  40]]

 [[488  41]]

 [[487  40]]

 [[486  40]]

 [[485  39]]

 [[486  38]]

 [[487  37]]

 [[488  38]]

 [[489  38]]

 [[488  38]]

 [[487  37]]

 [[487  36]]

 [[486  36]]

 [[485  36]]

 [[484  36]]

 [[483  35]]

 [[482  35]]

 [[481  35]]]
[[[  0   0]]

 [[411  23]]

 [[411  24]]

 [[411  25]]

 [[412  25]]

 [[413  26]]

 [[413  27]]

 [[412  28]]

 [[411  29]]

 [[411  30]]

 [[411  31]]

 [[410  32]]

 [[409  32]]

 [[408  33]]

 [[408  34]]

 [[409  34]]

 [[410  35]]

 [[409  36]]

 [[408  36]]

 [[407  37]]

 [[406  37]]

 [[407  37]]

 [[408  37]]

 [[409  38]]

 [[410  38]]

 [[411  39]]

 [[412  39]]

 [[413  40]]

 [[414  40]]

 [[415  40]]

 [[416  40]]

 [[417  40]]

 [[418  41]]

 [[419  41]]

 [[420  41]]

 [[421  41]]

 [[422  41]]

 [[423  41]]

 [[424  41]]

 [[425  41]]

 [[426  41]]

 [[427  42]]

 [[427  43]]

 [[428  43]]

 [[429  43]]

 [[430  43]]

 [[431  43]]

 [[432  43]]

 [[433  44]]

 [[434  44]]

 [[435  44]]

 [[436  44]]

 [[437  44]]

 [[438  44]]

 [[439  43]]

 [[440  43]]

 [[441  43]]

 [[442  44]]

 [[443  45]]

 [[444  45]]

 [[445  45]]

 [[446  45]]

 [[447  45]]

 [[447  44]]

 [[448  43]]

 [[449  44]]

 [[449  45]]

 [[450  45]]

 [[451  45]]

 [[452  45]]

 [[453  46]]

 [[454  47]]

 [[455  48]]

 [[456  48]]

 [[457  48]]

 [[458  47]]

 [[459  47]]

 [[460  47]]

 [[461  47]]

 [[462  47]]

 [[463  47]]

 [[464  47]]

 [[465  48]]

 [[466  48]]

 [[467  48]]

 [[468  48]]

 [[468  47]]

 [[469  46]]

 [[469  45]]

 [[469  44]]

 [[468  43]]

 [[468  42]]

 [[468  41]]

 [[467  41]]

 [[466  41]]

 [[465  41]]

 [[465  42]]

 [[465  43]]

 [[465  44]]

 [[464  45]]

 [[463  45]]

 [[462  45]]

 [[461  45]]

 [[460  45]]

 [[459  44]]

 [[458  44]]

 [[457  43]]

 [[457  42]]

 [[458  41]]

 [[459  42]]

 [[460  42]]

 [[461  41]]

 [[461  40]]

 [[461  39]]

 [[460  38]]

 [[459  38]]

 [[458  38]]

 [[458  39]]

 [[457  40]]

 [[456  39]]

 [[455  39]]

 [[454  40]]

 [[453  40]]

 [[452  41]]

 [[451  41]]

 [[450  40]]

 [[450  39]]

 [[449  39]]

 [[448  39]]

 [[447  38]]

 [[446  38]]

 [[445  38]]

 [[444  38]]

 [[443  38]]

 [[442  38]]

 [[441  38]]

 [[440  38]]

 [[439  38]]

 [[438  37]]

 [[437  37]]

 [[436  36]]

 [[435  36]]

 [[434  36]]

 [[433  37]]

 [[432  37]]

 [[431  37]]

 [[430  37]]

 [[429  38]]

 [[428  39]]

 [[427  40]]

 [[426  39]]

 [[425  39]]

 [[424  39]]

 [[423  39]]

 [[422  39]]

 [[421  39]]

 [[420  39]]

 [[419  39]]

 [[418  38]]

 [[417  38]]

 [[416  38]]

 [[415  38]]

 [[414  38]]

 [[413  37]]

 [[412  37]]

 [[411  36]]

 [[410  35]]

 [[411  34]]

 [[412  34]]

 [[413  33]]

 [[414  33]]

 [[415  33]]

 [[416  33]]

 [[416  32]]

 [[416  31]]

 [[415  30]]

 [[416  29]]

 [[415  28]]

 [[414  27]]

 [[415  26]]

 [[415  25]]

 [[415  24]]

 [[415  23]]

 [[414  22]]

 [[413  22]]

 [[412  22]]]
[[[ 0  0]]

 [[11 23]]

 [[11 24]]

 [[11 25]]

 [[11 26]]

 [[11 27]]

 [[11 28]]

 [[11 29]]

 [[11 30]]

 [[10 31]]

 [[ 9 32]]

 [[ 8 33]]

 [[ 7 33]]

 [[ 6 32]]

 [[ 5 33]]

 [[ 4 33]]

 [[ 3 34]]

 [[ 2 34]]

 [[ 1 34]]

 [[ 1 35]]

 [[ 1 36]]

 [[ 1 37]]

 [[ 1 38]]

 [[ 1 39]]

 [[ 1 40]]

 [[ 1 41]]

 [[ 1 42]]

 [[ 1 43]]

 [[ 1 44]]

 [[ 1 45]]

 [[ 2 45]]

 [[ 3 45]]

 [[ 4 45]]

 [[ 5 45]]

 [[ 6 45]]

 [[ 7 44]]

 [[ 8 44]]

 [[ 9 45]]

 [[10 45]]

 [[11 45]]

 [[12 45]]

 [[13 45]]

 [[14 46]]

 [[15 46]]

 [[16 46]]

 [[17 45]]

 [[16 44]]

 [[15 43]]

 [[15 42]]

 [[15 41]]

 [[16 40]]

 [[17 41]]

 [[18 41]]

 [[19 41]]

 [[20 41]]

 [[21 40]]

 [[20 39]]

 [[21 38]]

 [[22 38]]

 [[21 38]]

 [[20 37]]

 [[19 36]]

 [[19 35]]

 [[19 34]]

 [[18 33]]

 [[17 33]]

 [[16 33]]

 [[15 34]]

 [[14 33]]

 [[14 32]]

 [[13 31]]

 [[13 30]]

 [[13 29]]

 [[13 28]]

 [[13 27]]

 [[13 26]]

 [[13 25]]

 [[13 24]]

 [[13 23]]

 [[13 22]]]
[[[  0   0]]

 [[202  13]]

 [[201  14]]

 ..., 
 [[206  13]]

 [[205  13]]

 [[204  12]]]
[[[ 0  0]]

 [[27 10]]

 [[26 11]]

 [[26 12]]

 [[26 13]]

 [[25 14]]

 [[25 15]]

 [[24 16]]

 [[25 16]]

 [[26 17]]

 [[27 18]]

 [[27 19]]

 [[27 20]]

 [[28 21]]

 [[29 22]]

 [[30 22]]

 [[31 23]]

 [[32 23]]

 [[33 23]]

 [[34 23]]

 [[35 22]]

 [[34 22]]

 [[33 22]]

 [[32 22]]

 [[31 21]]

 [[30 20]]

 [[30 19]]

 [[31 18]]

 [[32 18]]

 [[33 18]]

 [[34 18]]

 [[35 18]]

 [[36 17]]

 [[36 16]]

 [[37 15]]

 [[38 15]]

 [[39 14]]

 [[40 14]]

 [[41 13]]

 [[42 12]]

 [[43 12]]

 [[44 13]]

 [[45 14]]

 [[44 15]]

 [[45 16]]

 [[45 17]]

 [[45 18]]

 [[46 19]]

 [[47 19]]

 [[48 19]]

 [[49 19]]

 [[50 19]]

 [[51 19]]

 [[52 18]]

 [[53 18]]

 [[54 17]]

 [[55 17]]

 [[56 18]]

 [[57 19]]

 [[58 20]]

 [[59 20]]

 [[60 20]]

 [[61 21]]

 [[62 20]]

 [[63 20]]

 [[64 21]]

 [[65 22]]

 [[65 23]]

 [[66 24]]

 [[66 25]]

 [[66 26]]

 [[66 27]]

 [[66 28]]

 [[66 29]]

 [[67 30]]

 [[66 31]]

 [[66 32]]

 [[65 33]]

 [[64 34]]

 [[63 34]]

 [[62 33]]

 [[61 33]]

 [[60 33]]

 [[60 34]]

 [[61 35]]

 [[62 36]]

 [[63 37]]

 [[64 38]]

 [[65 38]]

 [[66 38]]

 [[67 38]]

 [[68 38]]

 [[69 38]]

 [[69 37]]

 [[70 36]]

 [[71 35]]

 [[72 35]]

 [[73 36]]

 [[74 36]]

 [[75 36]]

 [[76 35]]

 [[76 34]]

 [[77 33]]

 [[77 32]]

 [[76 31]]

 [[76 30]]

 [[76 29]]

 [[75 30]]

 [[74 30]]

 [[74 31]]

 [[74 32]]

 [[73 33]]

 [[72 34]]

 [[71 33]]

 [[71 32]]

 [[70 31]]

 [[71 30]]

 [[72 30]]

 [[71 29]]

 [[70 28]]

 [[70 27]]

 [[70 26]]

 [[70 25]]

 [[69 24]]

 [[68 23]]

 [[68 22]]

 [[68 21]]

 [[69 20]]

 [[69 19]]

 [[69 18]]

 [[69 17]]

 [[70 16]]

 [[69 16]]

 [[68 16]]

 [[67 17]]

 [[66 17]]

 [[65 17]]

 [[64 17]]

 [[63 16]]

 [[62 16]]

 [[61 16]]

 [[60 16]]

 [[59 15]]

 [[58 15]]

 [[57 15]]

 [[56 14]]

 [[55 13]]

 [[54 14]]

 [[53 15]]

 [[53 16]]

 [[52 17]]

 [[51 17]]

 [[50 17]]

 [[49 17]]

 [[48 17]]

 [[47 17]]

 [[46 16]]

 [[46 15]]

 [[45 14]]

 [[45 13]]

 [[45 12]]

 [[45 11]]

 [[44 10]]

 [[44  9]]

 [[43  9]]

 [[42 10]]

 [[41 10]]

 [[40  9]]

 [[39 10]]

 [[38 10]]

 [[37 10]]

 [[36 10]]

 [[35 10]]

 [[34 10]]

 [[33 10]]

 [[32 10]]

 [[31 10]]

 [[30 10]]

 [[29 10]]

 [[28  9]]]
[[[  0   0]]

 [[372   2]]

 [[373   2]]

 [[374   2]]

 [[375   3]]

 [[376   3]]

 [[377   4]]

 [[378   5]]

 [[379   6]]

 [[379   7]]

 [[380   8]]

 [[379   9]]

 [[379  10]]

 [[378  11]]

 [[377  11]]

 [[378  11]]

 [[379  10]]

 [[380  10]]

 [[381  11]]

 [[382  10]]

 [[383   9]]

 [[383   8]]

 [[382   7]]

 [[382   6]]

 [[382   5]]

 [[382   4]]

 [[382   3]]

 [[383   2]]

 [[384   1]]

 [[385   1]]

 [[386   1]]

 [[387   2]]

 [[388   2]]

 [[389   2]]

 [[390   3]]

 [[391   4]]

 [[391   5]]

 [[392   6]]

 [[393   7]]

 [[392   8]]

 [[391   9]]

 [[390   8]]

 [[390   7]]

 [[389   7]]

 [[388   7]]

 [[388   8]]

 [[389   9]]

 [[390  10]]

 [[391  11]]

 [[392  12]]

 [[393  12]]

 [[393  11]]

 [[394  10]]

 [[395   9]]

 [[396  10]]

 [[396  11]]

 [[397  11]]

 [[398  12]]

 [[399  13]]

 [[400  14]]

 [[401  14]]

 [[402  15]]

 [[403  15]]

 [[404  15]]

 [[405  16]]

 [[405  15]]

 [[405  14]]

 [[404  14]]

 [[403  13]]

 [[403  12]]

 [[404  11]]

 [[405  11]]

 [[406  11]]

 [[407  10]]

 [[408  10]]

 [[409  10]]

 [[410  11]]

 [[411  12]]

 [[411  13]]

 [[412  13]]

 [[413  13]]

 [[414  13]]

 [[415  13]]

 [[416  12]]

 [[417  12]]

 [[418  12]]

 [[419  12]]

 [[420  13]]

 [[421  13]]

 [[422  13]]

 [[423  14]]

 [[424  14]]

 [[425  14]]

 [[426  15]]

 [[427  16]]

 [[428  17]]

 [[429  17]]

 [[430  17]]

 [[431  16]]

 [[432  16]]

 [[433  15]]

 [[434  15]]

 [[435  15]]

 [[436  16]]

 [[437  16]]

 [[438  17]]

 [[439  18]]

 [[440  19]]

 [[441  19]]

 [[442  20]]

 [[442  21]]

 [[443  21]]

 [[444  21]]

 [[445  22]]

 [[446  23]]

 [[446  24]]

 [[445  25]]

 [[446  26]]

 [[447  26]]

 [[448  27]]

 [[449  28]]

 [[449  29]]

 [[450  30]]

 [[451  30]]

 [[452  31]]

 [[453  32]]

 [[454  31]]

 [[455  31]]

 [[456  32]]

 [[457  32]]

 [[458  33]]

 [[459  34]]

 [[460  34]]

 [[460  33]]

 [[459  32]]

 [[458  32]]

 [[457  31]]

 [[456  30]]

 [[455  30]]

 [[454  30]]

 [[453  31]]

 [[452  30]]

 [[451  30]]

 [[450  29]]

 [[451  28]]

 [[451  27]]

 [[450  28]]

 [[449  27]]

 [[449  26]]

 [[450  25]]

 [[451  25]]

 [[452  25]]

 [[453  25]]

 [[454  25]]

 [[455  25]]

 [[456  25]]

 [[457  25]]

 [[458  24]]

 [[459  23]]

 [[460  23]]

 [[461  23]]

 [[462  23]]

 [[463  23]]

 [[464  22]]

 [[465  22]]

 [[466  22]]

 [[467  22]]

 [[468  22]]

 [[469  23]]

 [[470  22]]

 [[471  22]]

 [[472  22]]

 [[473  22]]

 [[474  23]]

 [[475  23]]

 [[476  24]]

 [[477  25]]

 [[477  26]]

 [[478  27]]

 [[479  28]]

 [[480  28]]

 [[481  28]]

 [[482  28]]

 [[483  28]]

 [[484  27]]

 [[485  28]]

 [[486  28]]

 [[487  29]]

 [[488  29]]

 [[488  28]]

 [[487  28]]

 [[486  27]]

 [[485  26]]

 [[484  26]]

 [[483  25]]

 [[482  25]]

 [[481  24]]

 [[480  23]]

 [[479  23]]

 [[478  22]]

 [[477  22]]

 [[476  22]]

 [[475  21]]

 [[474  21]]

 [[473  21]]

 [[472  20]]

 [[471  20]]

 [[470  20]]

 [[469  20]]

 [[468  20]]

 [[467  20]]

 [[466  20]]

 [[465  19]]

 [[464  19]]

 [[463  19]]

 [[462  19]]

 [[461  19]]

 [[460  19]]

 [[459  20]]

 [[458  20]]

 [[457  21]]

 [[456  22]]

 [[455  21]]

 [[454  22]]

 [[453  22]]

 [[452  22]]

 [[451  22]]

 [[450  21]]

 [[450  20]]

 [[449  19]]

 [[448  18]]

 [[447  17]]

 [[446  17]]

 [[445  16]]

 [[444  16]]

 [[443  15]]

 [[442  14]]

 [[441  14]]

 [[440  14]]

 [[439  13]]

 [[438  13]]

 [[437  13]]

 [[436  12]]

 [[435  12]]

 [[434  11]]

 [[433  11]]

 [[432  11]]

 [[431  10]]

 [[430  10]]

 [[429  10]]

 [[428  10]]

 [[427   9]]

 [[426   9]]

 [[425   9]]

 [[424   9]]

 [[423   8]]

 [[422   8]]

 [[421   8]]

 [[420   8]]

 [[419   8]]

 [[418   7]]

 [[417   7]]

 [[416   7]]

 [[415   7]]

 [[414   7]]

 [[413   6]]

 [[412   6]]

 [[411   6]]

 [[410   6]]

 [[409   6]]

 [[408   6]]

 [[407   6]]

 [[406   5]]

 [[405   5]]

 [[404   5]]

 [[403   5]]

 [[402   5]]

 [[401   4]]

 [[400   4]]

 [[399   3]]

 [[398   3]]

 [[397   2]]

 [[396   2]]

 [[395   1]]

 [[394   1]]

 [[393   1]]

 [[392   1]]

 [[391   1]]

 [[390   1]]

 [[389   1]]

 [[388   1]]

 [[387   1]]

 [[386   1]]

 [[385   1]]

 [[384   1]]

 [[383   1]]

 [[382   1]]

 [[381   1]]

 [[380   1]]

 [[379   1]]

 [[378   1]]

 [[377   1]]

 [[376   1]]

 [[375   1]]

 [[374   1]]

 [[373   1]]

 [[372   1]]]
[[[  0   0]]

 [[340   2]]

 [[341   3]]

 [[342   4]]

 [[342   5]]

 [[341   6]]

 [[341   7]]

 [[341   8]]

 [[340   9]]

 [[339   9]]

 [[338  10]]

 [[339  10]]

 [[340  11]]

 [[341  12]]

 [[342  11]]

 [[343  11]]

 [[344  10]]

 [[345  10]]

 [[346  11]]

 [[346  12]]

 [[346  13]]

 [[347  14]]

 [[347  15]]

 [[347  16]]

 [[348  17]]

 [[348  18]]

 [[349  19]]

 [[350  19]]

 [[351  20]]

 [[351  19]]

 [[351  18]]

 [[352  17]]

 [[353  17]]

 [[354  17]]

 [[355  16]]

 [[356  16]]

 [[357  16]]

 [[358  17]]

 [[359  17]]

 [[360  18]]

 [[361  18]]

 [[362  19]]

 [[362  18]]

 [[362  17]]

 [[361  16]]

 [[360  15]]

 [[360  14]]

 [[359  13]]

 [[358  13]]

 [[357  13]]

 [[356  14]]

 [[355  15]]

 [[354  15]]

 [[353  15]]

 [[352  15]]

 [[351  15]]

 [[350  16]]

 [[349  16]]

 [[348  15]]

 [[347  14]]

 [[347  13]]

 [[347  12]]

 [[347  11]]

 [[346  10]]

 [[346   9]]

 [[346   8]]

 [[347   7]]

 [[348   6]]

 [[349   6]]

 [[350   5]]

 [[351   5]]

 [[352   5]]

 [[353   5]]

 [[354   5]]

 [[355   5]]

 [[356   5]]

 [[357   5]]

 [[358   5]]

 [[359   5]]

 [[360   5]]

 [[361   5]]

 [[362   6]]

 [[363   7]]

 [[364   8]]

 [[364   9]]

 [[363  10]]

 [[364  11]]

 [[364  12]]

 [[365  12]]

 [[366  13]]

 [[366  14]]

 [[366  15]]

 [[366  16]]

 [[367  17]]

 [[368  18]]

 [[369  19]]

 [[369  20]]

 [[369  21]]

 [[370  21]]

 [[371  21]]

 [[371  20]]

 [[372  19]]

 [[372  18]]

 [[372  17]]

 [[372  16]]

 [[371  16]]

 [[370  15]]

 [[369  14]]

 [[368  13]]

 [[368  12]]

 [[367  11]]

 [[367  10]]

 [[366   9]]

 [[367   8]]

 [[368   7]]

 [[367   6]]

 [[366   5]]

 [[366   4]]

 [[367   3]]

 [[368   2]]

 [[368   1]]

 [[367   1]]

 [[366   1]]

 [[365   1]]

 [[364   1]]

 [[363   1]]

 [[362   1]]

 [[361   1]]

 [[360   1]]

 [[359   1]]

 [[358   1]]

 [[357   1]]

 [[356   1]]

 [[355   1]]

 [[354   1]]

 [[353   1]]

 [[352   1]]

 [[351   1]]

 [[350   1]]

 [[349   1]]

 [[348   1]]

 [[347   1]]

 [[346   1]]

 [[345   1]]

 [[344   1]]

 [[343   1]]

 [[342   1]]

 [[341   1]]

 [[340   1]]]
[[[  0   0]]

 [[217   2]]

 [[217   3]]

 [[218   4]]

 [[218   5]]

 [[218   6]]

 [[218   7]]

 [[219   8]]

 [[219   9]]

 [[220  10]]

 [[221  10]]

 [[222   9]]

 [[223   9]]

 [[223   8]]

 [[224   7]]

 [[225   7]]

 [[226   6]]

 [[227   6]]

 [[228   7]]

 [[229   8]]

 [[230   9]]

 [[231  10]]

 [[232  11]]

 [[233  12]]

 [[234  12]]

 [[235  12]]

 [[236  12]]

 [[237  12]]

 [[238  12]]

 [[239  12]]

 [[240  12]]

 [[241  12]]

 [[242  13]]

 [[243  13]]

 [[244  14]]

 [[245  14]]

 [[246  15]]

 [[247  15]]

 [[248  15]]

 [[249  16]]

 [[250  16]]

 [[251  15]]

 [[251  14]]

 [[252  13]]

 [[253  12]]

 [[253  11]]

 [[254  10]]

 [[255   9]]

 [[256   9]]

 [[257   9]]

 [[258   8]]

 [[259   8]]

 [[260   7]]

 [[261   8]]

 [[262   8]]

 [[263   7]]

 [[264   7]]

 [[265   7]]

 [[266   7]]

 [[267   7]]

 [[268   7]]

 [[268   6]]

 [[267   5]]

 [[267   4]]

 [[268   3]]

 [[269   3]]

 [[270   3]]

 [[271   3]]

 [[272   3]]

 [[273   3]]

 [[274   3]]

 [[275   4]]

 [[276   5]]

 [[275   6]]

 [[274   6]]

 [[273   6]]

 [[272   6]]

 [[271   7]]

 [[270   7]]

 [[271   8]]

 [[271   9]]

 [[272  10]]

 [[273  10]]

 [[274  10]]

 [[275  11]]

 [[275  12]]

 [[275  13]]

 [[276  13]]

 [[277  13]]

 [[278  14]]

 [[278  15]]

 [[278  16]]

 [[278  17]]

 [[279  17]]

 [[280  17]]

 [[281  16]]

 [[281  15]]

 [[280  15]]

 [[279  14]]

 [[278  13]]

 [[278  12]]

 [[277  11]]

 [[276  12]]

 [[275  11]]

 [[275  10]]

 [[275   9]]

 [[274   8]]

 [[275   7]]

 [[276   7]]

 [[277   7]]

 [[278   7]]

 [[279   7]]

 [[280   7]]

 [[280   6]]

 [[279   5]]

 [[278   4]]

 [[278   3]]

 [[279   2]]

 [[280   2]]

 [[281   2]]

 [[282   2]]

 [[283   2]]

 [[284   2]]

 [[285   2]]

 [[286   2]]

 [[287   2]]

 [[288   2]]

 [[289   2]]

 [[290   3]]

 [[291   3]]

 [[292   4]]

 [[291   5]]

 [[291   6]]

 [[290   7]]

 [[290   8]]

 [[291   9]]

 [[292  10]]

 [[293   9]]

 [[294   9]]

 [[295  10]]

 [[294  11]]

 [[295  11]]

 [[296  12]]

 [[297  13]]

 [[298  14]]

 [[299  15]]

 [[300  15]]

 [[301  15]]

 [[302  14]]

 [[303  14]]

 [[304  14]]

 [[304  13]]

 [[304  12]]

 [[305  11]]

 [[305  10]]

 [[305   9]]

 [[306   8]]

 [[305   9]]

 [[304   9]]

 [[304  10]]

 [[304  11]]

 [[303  12]]

 [[302  13]]

 [[301  14]]

 [[300  13]]

 [[299  13]]

 [[298  12]]

 [[298  11]]

 [[298  10]]

 [[297  10]]

 [[296   9]]

 [[295   8]]

 [[296   7]]

 [[296   6]]

 [[295   6]]

 [[294   6]]

 [[293   5]]

 [[294   4]]

 [[295   3]]

 [[296   3]]

 [[297   3]]

 [[298   2]]

 [[299   2]]

 [[300   1]]

 [[301   2]]

 [[302   3]]

 [[303   3]]

 [[304   3]]

 [[305   2]]

 [[306   2]]

 [[307   2]]

 [[308   1]]

 [[309   1]]

 [[310   1]]

 [[311   1]]

 [[310   1]]

 [[309   1]]

 [[308   1]]

 [[307   1]]

 [[306   1]]

 [[305   1]]

 [[304   1]]

 [[303   1]]

 [[302   1]]

 [[301   1]]

 [[300   1]]

 [[299   1]]

 [[298   1]]

 [[297   1]]

 [[296   1]]

 [[295   1]]

 [[294   1]]

 [[293   1]]

 [[292   1]]

 [[291   1]]

 [[290   1]]

 [[289   1]]

 [[288   1]]

 [[287   1]]

 [[286   1]]

 [[285   1]]

 [[284   1]]

 [[283   1]]

 [[282   1]]

 [[281   1]]

 [[280   1]]

 [[279   1]]

 [[278   1]]

 [[277   1]]

 [[276   1]]

 [[275   1]]

 [[274   1]]

 [[273   1]]

 [[272   1]]

 [[271   1]]

 [[270   1]]

 [[269   1]]

 [[268   1]]

 [[267   1]]

 [[266   1]]

 [[265   1]]

 [[264   1]]

 [[263   1]]

 [[262   1]]

 [[261   1]]

 [[260   1]]

 [[259   1]]

 [[258   1]]

 [[257   1]]

 [[256   1]]

 [[255   1]]

 [[254   1]]

 [[253   1]]

 [[252   1]]

 [[251   2]]

 [[250   2]]

 [[249   3]]

 [[248   3]]

 [[247   3]]

 [[246   3]]

 [[245   3]]

 [[244   4]]

 [[243   3]]

 [[242   3]]

 [[241   3]]

 [[240   3]]

 [[239   3]]

 [[238   3]]

 [[237   3]]

 [[236   3]]

 [[235   2]]

 [[234   2]]

 [[233   2]]

 [[232   2]]

 [[231   2]]

 [[230   2]]

 [[229   2]]

 [[228   1]]

 [[227   1]]

 [[226   1]]

 [[225   1]]

 [[224   1]]

 [[223   1]]

 [[222   1]]

 [[221   1]]

 [[220   1]]

 [[219   1]]

 [[218   1]]

 [[217   1]]]
[[[  0   0]]

 [[155   2]]

 [[156   3]]

 ..., 
 [[158   1]]

 [[157   1]]

 [[156   1]]]
